Ap2_200519_down.cnv
* Sea-Bird SBE 9 Data File:
* FileName = C:\CTD Brukere\NIVA\IO2019\20190520\Ap2_200519.hex
* Software Version Seasave V 7.23.2
* Temperature SN = 5352
* Conductivity SN = 3840
* Number of Bytes Per Scan = 28
* Number of Voltage Words = 4
* Number of Scans Averaged by the Deck Unit = 1
* NMEA baud rate = 4800
** Ship: R/V Trygve Braarud
** Cruise:
** Station:
** Operator:
# nquan = 14
# nvalues = 1889                                  
# units = specified
# name 0 = depSM: Depth [salt water, m], lat = 59.60
# name 1 = t090C: Temperature [ITS-90, deg C]
# name 2 = sal00: Salinity, Practical [PSU]
# name 3 = sigma-t00: Density [sigma-t, kg/m^3 ]
# name 4 = flSP: Fluorescence, Seapoint
# name 5 = wetStar: Fluorescence, WET Labs WETstar [mg/m^3]
# name 6 = seaTurbMtr: Turbidity, Seapoint [FTU]
# name 7 = svCM: Sound Velocity [Chen-Millero, m/s]
# name 8 = sbeox0PS: Oxygen, SBE 43 [% saturation]
# name 9 = sbeox0Mg/L: Oxygen, SBE 43 [mg/l]
# name 10 = timeJ: Julian Days
# name 11 = sbeox0ML/L: Oxygen, SBE 43 [ml/l]
# name 12 = prDM: Pressure, Digiquartz [db]
# name 13 = flag:  0.000e+00
# span 0 =      0.094,     23.708                 
# span 1 =     6.6401,    12.7123                 
# span 2 =    23.9959,    32.1837                 
# span 3 =    17.9859,    25.2072                 
# span 4 = 2.5641e-01, 4.6764e+00                 
# span 5 =     0.1224,     0.1261                 
# span 6 =      0.007,      0.018                 
# span 7 =    1472.79,    1487.21                 
# span 8 =     34.874,     97.019                 
# span 9 =     3.4349,     9.2995                 
# span 10 = 140.379954, 140.380864                
# span 11 =     2.4036,     6.5073                
# span 12 =      0.095,     23.934                
# span 13 = 0.0000e+00, 0.0000e+00                
# interval = seconds: 0.0416667
# start_time = May 20 2019 09:07:08 [System UpLoad Time]
# bad_flag = -9.990e-29
*END*
[from data line 1033]
     10.204     8.0589    28.8443    22.4358 1.1722e+00     0.1261      0.015    1475.25     84.970     8.3311 140.380452     5.8296     10.301  0.000e+00
     10.252     8.0275    28.8750    22.4642 1.1722e+00     0.1249      0.015    1475.17     84.852     8.3237 140.380452     5.8245     10.350  0.000e+00
     10.257     8.0072    28.8968    22.4840 1.1722e+00     0.1249      0.015    1475.12     84.784     8.3197 140.380453     5.8217     10.355  0.000e+00
     10.299     7.9912    28.9142    22.4998 1.1477e+00     0.1249      0.015    1475.08     84.720     8.3155 140.380453     5.8187     10.397  0.000e+00
     10.312     7.9770    28.9291    22.5134 1.1355e+00     0.1249      0.015    1475.04     84.658     8.3114 140.380454     5.8158     10.410  0.000e+00
     10.348     7.9657    28.9421    22.5252 1.1233e+00     0.1249      0.015    1475.01     84.600     8.3071 140.380454     5.8128     10.446  0.000e+00
     10.366     7.9498    28.9586    22.5402 1.0989e+00     0.1249      0.015    1474.97     84.545     8.3038 140.380455     5.8105     10.464  0.000e+00
     10.395     7.9376    28.9706    22.5513 1.0745e+00     0.1249      0.015    1474.94     84.424     8.2936 140.380455     5.8033     10.494  0.000e+00
     10.419     7.9231    28.9848    22.5644 1.0623e+00     0.1249      0.015    1474.91     84.367     8.2900 140.380456     5.8008     10.518  0.000e+00
     10.432     7.9148    28.9925    22.5715 1.0379e+00     0.1249      0.015    1474.88     84.314     8.2859 140.380456     5.7980     10.531  0.000e+00
     10.473     7.8534    29.0453    22.6213 1.0256e+00     0.1249      0.015    1474.71     84.260     8.2894 140.380457     5.8005     10.572  0.000e+00
     10.490     7.6935    29.1914    22.7572 1.0134e+00     0.1249      0.015    1474.28     84.203     8.3062 140.380457     5.8122     10.590  0.000e+00
     10.515     7.5993    29.2922    22.8489 1.0012e+00     0.1249      0.015    1474.04     84.215     8.3199 140.380458     5.8218     10.615  0.000e+00
     10.528     7.5764    29.3276    22.8797 9.8901e-01     0.1249      0.015    1473.99     84.120     8.3129 140.380458     5.8169     10.628  0.000e+00
     10.550     7.5572    29.3480    22.8982 9.8901e-01     0.1249      0.015    1473.94     84.021     8.3058 140.380459     5.8119     10.651  0.000e+00
     10.581     7.5722    29.3343    22.8855 9.7680e-01     0.1249      0.015    1473.99     84.037     8.3052 140.380459     5.8115     10.682  0.000e+00
     10.599     7.6155    29.2927    22.8471 9.7680e-01     0.1249      0.015    1474.10     83.941     8.2898 140.380460     5.8007     10.700  0.000e+00
     10.623     7.6503    29.2519    22.8105 9.7680e-01     0.1249      0.015    1474.19     83.903     8.2816 140.380460     5.7950     10.724  0.000e+00
     10.635     7.6623    29.2328    22.7939 9.7680e-01     0.1249      0.015    1474.21     83.798     8.2699 140.380461     5.7868     10.736  0.000e+00
     10.652     7.6915    29.2006    22.7647 9.7680e-01     0.1249      0.015    1474.28     83.812     8.2676 140.380461     5.7852     10.754  0.000e+00
     10.694     7.6996    29.1901    22.7554 9.7680e-01     0.1249      0.015    1474.30     83.705     8.2561 140.380462     5.7771     10.796  0.000e+00
     10.694     7.6865    29.2052    22.7690 9.7680e-01     0.1249      0.015    1474.27     83.654     8.2527 140.380462     5.7747     10.796  0.000e+00
     10.730     7.6840    29.2161    22.7779 9.5238e-01     0.1249      0.015    1474.27     83.599     8.2471 140.380462     5.7709     10.832  0.000e+00
     10.741     7.6912    29.2146    22.7758 9.4017e-01     0.1249      0.015    1474.30     83.486     8.2347 140.380463     5.7621     10.844  0.000e+00
     10.772     7.6955    29.2138    22.7746 9.4017e-01     0.1249      0.015    1474.32     83.491     8.2344 140.380463     5.7620     10.875  0.000e+00
     10.777     7.7000    29.2105    22.7714 9.2796e-01     0.1249      0.015    1474.33     83.383     8.2231 140.380464     5.7541     10.880  0.000e+00
     10.801     7.7053    29.2058    22.7669 9.2796e-01     0.1249      0.015    1474.35     83.325     8.2167 140.380464     5.7496     10.904  0.000e+00
     10.826     7.7080    29.2025    22.7641 9.2796e-01     0.1249      0.015    1474.35     83.209     8.2048 140.380465     5.7413     10.929  0.000e+00
     10.837     7.7017    29.2091    22.7700 9.1575e-01     0.1249      0.015    1474.34     83.148     8.1997 140.380465     5.7377     10.940  0.000e+00
     10.856     7.6939    29.2185    22.7785 8.9133e-01     0.1237      0.015    1474.32     83.099     8.1958 140.380466     5.7349     10.960  0.000e+00
     10.886     7.6851    29.2295    22.7883 8.9133e-01     0.1249      0.015    1474.30     83.052     8.1923 140.380466     5.7325     10.989  0.000e+00
     10.910     7.6773    29.2419    22.7991 8.7912e-01     0.1249      0.015    1474.28     82.940     8.1820 140.380467     5.7253     11.014  0.000e+00
     10.921     7.6647    29.2613    22.8160 8.7912e-01     0.1249      0.015    1474.26     82.824     8.1718 140.380467     5.7182     11.025  0.000e+00
     10.932     7.6315    29.3016    22.8520 8.6691e-01     0.1249      0.015    1474.18     82.756     8.1692 140.380468     5.7163     11.036  0.000e+00
     10.957     7.5844    29.3563    22.9011 8.6691e-01     0.1249      0.015    1474.07     82.691     8.1687 140.380468     5.7160     11.061  0.000e+00
     10.975     7.5490    29.3999    22.9401 8.5470e-01     0.1249      0.015    1473.98     82.568     8.1609 140.380469     5.7105     11.079  0.000e+00
     10.992     7.5215    29.4333    22.9699 8.5470e-01     0.1249      0.015    1473.92     82.496     8.1571 140.380469     5.7079     11.097  0.000e+00
     11.005     7.5006    29.4572    22.9914 8.4249e-01     0.1249      0.015    1473.87     82.366     8.1470 140.380470     5.7008     11.110  0.000e+00
     11.028     7.4947    29.4660    22.9991 8.3028e-01     0.1249      0.015    1473.86     82.296     8.1406 140.380470     5.6963     11.133  0.000e+00
     11.052     7.5009    29.4634    22.9963 8.3028e-01     0.1249      0.015    1473.88     82.230     8.1331 140.380471     5.6910     11.157  0.000e+00
     11.059     7.5143    29.4530    22.9863 8.0586e-01     0.1249      0.015    1473.92     82.106     8.1189 140.380471     5.6811     11.164  0.000e+00
     11.101     7.5174    29.4491    22.9828 8.0586e-01     0.1249      0.015    1473.92     82.040     8.1120 140.380472     5.6763     11.206  0.000e+00
     11.088     7.5097    29.4546    22.9881 7.9365e-01     0.1249      0.015    1473.90     81.916     8.1008 140.380472     5.6685     11.193  0.000e+00
     11.124     7.5001    29.4670    22.9992 7.9365e-01     0.1237      0.015    1473.88     81.842     8.0947 140.380473     5.6642     11.229  0.000e+00
     11.148     7.4825    29.4883    23.0182 7.8144e-01     0.1249      0.015    1473.84     81.718     8.0845 140.380473     5.6571     11.254  0.000e+00
     11.148     7.4430    29.5312    23.0571 7.8144e-01     0.1249      0.015    1473.74     81.643     8.0822 140.380474     5.6554     11.254  0.000e+00
     11.190     7.4291    29.5597    23.0813 7.8144e-01     0.1249      0.015    1473.72     81.567     8.0757 140.380474     5.6509     11.296  0.000e+00
     11.208     7.4088    29.5966    23.1129 7.6923e-01     0.1249      0.015    1473.69     81.432     8.0642 140.380475     5.6429     11.314  0.000e+00
     11.221     7.3768    29.6434    23.1539 7.5702e-01     0.1237      0.015    1473.62     81.355     8.0601 140.380475     5.6400     11.327  0.000e+00
     11.256     7.3590    29.6752    23.1812 7.4481e-01     0.1249      0.015    1473.59     81.284     8.0546 140.380476     5.6362     11.363  0.000e+00
     11.256     7.3552    29.6869    23.1909 7.3260e-01     0.1249      0.015    1473.59     81.210     8.0474 140.380476     5.6311     11.363  0.000e+00
     11.279     7.3526    29.6895    23.1932 7.3260e-01     0.1249      0.015    1473.59     81.079     8.0348 140.380476     5.6223     11.386  0.000e+00
     11.316     7.3423    29.7028    23.2050 7.4481e-01     0.1249      0.015    1473.56     81.006     8.0287 140.380477     5.6180     11.424  0.000e+00
     11.310     7.3203    29.7303    23.2295 7.3260e-01     0.1249      0.015    1473.51     80.874     8.0182 140.380477     5.6107     11.417  0.000e+00
     11.352     7.2908    29.7700    23.2645 7.3260e-01     0.1249      0.015    1473.45     80.801     8.0143 140.380478     5.6080     11.460  0.000e+00
     11.375     7.2729    29.8061    23.2952 7.3260e-01     0.1249      0.015    1473.42     80.671     8.0029 140.380478     5.6000     11.483  0.000e+00
     11.388     7.2617    29.8337    23.3183 7.3260e-01     0.1249      0.015    1473.41     80.593     7.9958 140.380479     5.5950     11.496  0.000e+00
     11.423     7.2496    29.8567    23.3380 7.3260e-01     0.1249      0.015    1473.39     80.459     7.9835 140.380479     5.5864     11.532  0.000e+00
     11.423     7.2309    29.8850    23.3627 7.3260e-01     0.1249      0.015    1473.36     80.383     7.9779 140.380480     5.5825     11.532  0.000e+00
     11.459     7.2174    29.9130    23.3864 7.3260e-01     0.1249      0.015    1473.34     80.312     7.9719 140.380480     5.5783     11.568  0.000e+00
     11.490     7.1908    29.9658    23.4314 7.3260e-01     0.1237      0.015    1473.30     80.245     7.9674 140.380481     5.5751     11.599  0.000e+00
     11.507     7.1250    30.0730    23.5241 7.2039e-01     0.1249      0.015    1473.18     80.187     7.9681 140.380481     5.5756     11.617  0.000e+00
     11.530     7.0816    30.1584    23.5968 7.2039e-01     0.1249      0.015    1473.12     80.067     7.9598 140.380482     5.5698     11.640  0.000e+00
     11.543     7.0487    30.2123    23.6435 7.0818e-01     0.1237      0.015    1473.05     79.938     7.9502 140.380482     5.5631     11.653  0.000e+00
     11.579     7.0274    30.2435    23.6707 7.2039e-01     0.1249      0.015    1473.01     79.878     7.9464 140.380483     5.5604     11.689  0.000e+00
     11.603     7.0322    30.2436    23.6702 7.0818e-01     0.1249      0.015    1473.03     79.756     7.9334 140.380483     5.5513     11.713  0.000e+00
     11.626     7.0477    30.2254    23.6539 7.0818e-01     0.1249      0.015    1473.07     79.694     7.9254 140.380484     5.5457     11.736  0.000e+00
     11.650     7.0625    30.2067    23.6373 7.0818e-01     0.1249      0.015    1473.10     79.631     7.9173 140.380484     5.5401     11.761  0.000e+00
     11.663     7.0789    30.1879    23.6204 6.9597e-01     0.1249      0.015    1473.14     79.518     7.9041 140.380485     5.5308     11.774  0.000e+00
     11.705     7.0940    30.1693    23.6039 6.9597e-01     0.1249      0.015    1473.18     79.459     7.8964 140.380485     5.5255     11.816  0.000e+00
     11.721     7.1047    30.1542    23.5906 6.9597e-01     0.1249      0.015    1473.20     79.342     7.8837 140.380486     5.5165     11.833  0.000e+00
     11.734     7.1056    30.1518    23.5886 6.9597e-01     0.1249      0.015    1473.20     79.285     7.8780 140.380486     5.5125     11.846  0.000e+00
     11.758     7.0933    30.1658    23.6012 6.9597e-01     0.1249      0.015    1473.17     79.225     7.8735 140.380487     5.5094     11.870  0.000e+00
     11.805     7.0778    30.1881    23.6207 6.9597e-01     0.1249      0.015    1473.14     79.178     7.8705 140.380487     5.5073     11.918  0.000e+00
     11.805     7.0603    30.2146    23.6438 6.9597e-01     0.1249      0.015    1473.11     79.067     7.8613 140.380488     5.5008     11.918  0.000e+00
     11.841     7.0455    30.2384    23.6644 6.9597e-01     0.1249      0.018    1473.08     79.017     7.8577 140.380488     5.4984     11.954  0.000e+00
     11.854     7.0357    30.2578    23.6809 6.8376e-01     0.1249      0.015    1473.07     78.903     7.8472 140.380489     5.4910     11.967  0.000e+00
     11.890     7.0340    30.2674    23.6887 6.8376e-01     0.1249      0.015    1473.07     78.789     7.8356 140.380489     5.4829     12.003  0.000e+00
     11.914     7.0303    30.2728    23.6934 6.8376e-01     0.1249      0.015    1473.06     78.734     7.8307 140.380489     5.4794     12.027  0.000e+00
     11.945     7.0130    30.2926    23.7112 6.8376e-01     0.1249      0.015    1473.02     78.624     7.8217 140.380490     5.4732     12.058  0.000e+00
     11.972     6.9966    30.3203    23.7351 6.8376e-01     0.1249      0.015    1472.99     78.628     7.8237 140.380490     5.4746     12.086  0.000e+00
     11.985     6.9921    30.3347    23.7470 6.9597e-01     0.1249      0.015    1472.99     78.577     7.8187 140.380491     5.4710     12.099  0.000e+00
     12.021     6.9912    30.3383    23.7500 6.9597e-01     0.1249      0.015    1472.99     78.470     7.8080 140.380491     5.4636     12.135  0.000e+00
     12.021     6.9809    30.3508    23.7611 6.9597e-01     0.1249      0.015    1472.97     78.422     7.8045 140.380492     5.4611     12.135  0.000e+00
     12.069     6.9693    30.3674    23.7756 6.9597e-01     0.1249      0.015    1472.95     78.311     7.7947 140.380492     5.4543     12.184  0.000e+00
     12.105     6.9623    30.3794    23.7860 6.8376e-01     0.1249      0.015    1472.93     78.260     7.7903 140.380493     5.4512     12.220  0.000e+00
     12.128     6.9602    30.3838    23.7897 6.8376e-01     0.1249      0.015    1472.93     78.208     7.7853 140.380493     5.4477     12.243  0.000e+00
     12.152     6.9606    30.3826    23.7887 6.8376e-01     0.1249      0.015    1472.93     78.100     7.7745 140.380494     5.4401     12.268  0.000e+00
     12.165     6.9632    30.3781    23.7848 6.8376e-01     0.1249      0.015    1472.94     78.053     7.7695 140.380494     5.4367     12.281  0.000e+00
     12.188     6.9675    30.3704    23.7782 6.7155e-01     0.1237      0.015    1472.94     78.003     7.7642 140.380495     5.4330     12.304  0.000e+00
     12.223     6.9750    30.3585    23.7679 6.7155e-01     0.1249      0.015    1472.96     77.898     7.7530 140.380495     5.4251     12.340  0.000e+00
     12.247     6.9846    30.3500    23.7600 6.7155e-01     0.1261      0.015    1472.99     77.846     7.7465 140.380496     5.4206     12.364  0.000e+00
     12.272     6.9848    30.3549    23.7638 6.7155e-01     0.1249      0.015    1472.99     77.798     7.7415 140.380496     5.4170     12.389  0.000e+00
     12.296     6.9895    30.3456    23.7559 6.7155e-01     0.1249      0.015    1473.00     77.748     7.7362 140.380497     5.4133     12.413  0.000e+00
     12.303     6.9977    30.3234    23.7374 6.5934e-01     0.1249      0.015    1473.01     77.704     7.7315 140.380497     5.4100     12.420  0.000e+00
     12.367     6.9996    30.3145    23.7301 6.5934e-01     0.1249      0.015    1473.00     77.604     7.7216 140.380498     5.4031     12.485  0.000e+00
     12.367     6.9657    30.3528    23.7646 6.5934e-01     0.1249      0.015    1472.92     77.551     7.7205 140.380498     5.4023     12.485  0.000e+00
     12.403     6.9319    30.3981    23.8046 6.5934e-01     0.1249      0.015    1472.84     77.505     7.7195 140.380499     5.4017     12.521  0.000e+00
     12.427     6.9393    30.3966    23.8025 6.5934e-01     0.1249      0.015    1472.87     77.467     7.7145 140.380499     5.3982     12.546  0.000e+00
     12.452     6.9430    30.3889    23.7959 6.4713e-01     0.1249      0.015    1472.88     77.434     7.7110 140.380500     5.3957     12.570  0.000e+00
     12.474     6.9500    30.3761    23.7850 6.3492e-01     0.1249      0.015    1472.89     77.399     7.7069 140.380500     5.3929     12.593  0.000e+00
     12.499     6.9664    30.3554    23.7665 6.3492e-01     0.1249      0.015    1472.93     77.370     7.7021 140.380501     5.3895     12.617  0.000e+00
