Ap2_200519_down.cnv
* Sea-Bird SBE 9 Data File:
* FileName = C:\CTD Brukere\NIVA\IO2019\20190520\Ap2_200519.hex
* Software Version Seasave V 7.23.2
* Temperature SN = 5352
* Conductivity SN = 3840
* Number of Bytes Per Scan = 28
* Number of Voltage Words = 4
* Number of Scans Averaged by the Deck Unit = 1
* NMEA baud rate = 4800
** Ship: R/V Trygve Braarud
** Cruise:
** Station:
** Operator:
# nquan = 14
# nvalues = 1889                                  
# units = specified
# name 0 = depSM: Depth [salt water, m], lat = 59.60
# name 1 = t090C: Temperature [ITS-90, deg C]
# name 2 = sal00: Salinity, Practical [PSU]
# name 3 = sigma-t00: Density [sigma-t, kg/m^3 ]
# name 4 = flSP: Fluorescence, Seapoint
# name 5 = wetStar: Fluorescence, WET Labs WETstar [mg/m^3]
# name 6 = seaTurbMtr: Turbidity, Seapoint [FTU]
# name 7 = svCM: Sound Velocity [Chen-Millero, m/s]
# name 8 = sbeox0PS: Oxygen, SBE 43 [% saturation]
# name 9 = sbeox0Mg/L: Oxygen, SBE 43 [mg/l]
# name 10 = timeJ: Julian Days
# name 11 = sbeox0ML/L: Oxygen, SBE 43 [ml/l]
# name 12 = prDM: Pressure, Digiquartz [db]
# name 13 = flag:  0.000e+00
# span 0 =      0.094,     23.708                 
# span 1 =     6.6401,    12.7123                 
# span 2 =    23.9959,    32.1837                 
# span 3 =    17.9859,    25.2072                 
# span 4 = 2.5641e-01, 4.6764e+00                 
# span 5 =     0.1224,     0.1261                 
# span 6 =      0.007,      0.018                 
# span 7 =    1472.79,    1487.21                 
# span 8 =     34.874,     97.019                 
# span 9 =     3.4349,     9.2995                 
# span 10 = 140.379954, 140.380864                
# span 11 =     2.4036,     6.5073                
# span 12 =      0.095,     23.934                
# span 13 = 0.0000e+00, 0.0000e+00                
# interval = seconds: 0.0416667
# start_time = May 20 2019 09:07:08 [System UpLoad Time]
# bad_flag = -9.990e-29
*END*
[from data line 1652]
     22.705     6.9532    32.1818    25.2055 3.0525e-01     0.1249      0.015    1475.33     35.582     3.5009 140.380750     2.4497     22.921  0.000e+00
     22.705     6.9533    32.1828    25.2063 3.0525e-01     0.1249      0.015    1475.33     35.599     3.5026 140.380751     2.4509     22.921  0.000e+00
     22.705     6.9536    32.1830    25.2065 3.0525e-01     0.1249      0.015    1475.33     35.562     3.4989 140.380751     2.4483     22.921  0.000e+00
     22.693     6.9537    32.1831    25.2065 3.0525e-01     0.1249      0.015    1475.33     35.524     3.4952 140.380752     2.4457     22.910  0.000e+00
     22.693     6.9541    32.1824    25.2059 3.0525e-01     0.1249      0.015    1475.33     35.547     3.4974 140.380752     2.4473     22.910  0.000e+00
     22.705     6.9536    32.1833    25.2067 3.0525e-01     0.1249      0.018    1475.33     35.515     3.4943 140.380753     2.4451     22.921  0.000e+00
     22.705     6.9524    32.1837    25.2072 2.9304e-01     0.1249      0.015    1475.32     35.482     3.4911 140.380753     2.4429     22.921  0.000e+00
     22.693     6.9511    32.1833    25.2070 2.9304e-01     0.1249      0.015    1475.32     35.440     3.4871 140.380754     2.4401     22.910  0.000e+00
     22.693     6.9492    32.1803    25.2049 3.0525e-01     0.1261      0.015    1475.31     35.467     3.4899 140.380754     2.4421     22.910  0.000e+00
     22.693     6.9455    32.1736    25.2002 3.0525e-01     0.1249      0.015    1475.28     35.437     3.4875 140.380755     2.4404     22.910  0.000e+00
     22.693     6.9427    32.1659    25.1944 2.9304e-01     0.1249      0.015    1475.26     35.399     3.4842 140.380755     2.4380     22.910  0.000e+00
     22.705     6.9414    32.1614    25.1911 2.9304e-01     0.1249      0.015    1475.25     35.367     3.4812 140.380756     2.4360     22.921  0.000e+00
     22.693     6.9401    32.1595    25.1897 2.9304e-01     0.1249      0.015    1475.25     35.334     3.4781 140.380756     2.4338     22.910  0.000e+00
     22.693     6.9385    32.1574    25.1883 2.8083e-01     0.1249      0.015    1475.24     35.362     3.4810 140.380757     2.4358     22.910  0.000e+00
     22.680     6.9358    32.1548    25.1866 2.9304e-01     0.1249      0.015    1475.22     35.395     3.4846 140.380757     2.4383     22.897  0.000e+00
     22.680     6.9336    32.1519    25.1846 2.9304e-01     0.1249      0.015    1475.21     35.302     3.4757 140.380758     2.4321     22.897  0.000e+00
     22.693     6.9343    32.1521    25.1847 2.9304e-01     0.1249      0.015    1475.21     35.324     3.4778 140.380758     2.4336     22.910  0.000e+00
     22.669     6.9378    32.1559    25.1872 2.9304e-01     0.1249      0.015    1475.23     35.298     3.4748 140.380759     2.4315     22.885  0.000e+00
     22.693     6.9406    32.1595    25.1896 2.9304e-01     0.1249      0.015    1475.25     35.324     3.4770 140.380759     2.4330     22.910  0.000e+00
     22.669     6.9409    32.1585    25.1888 3.0525e-01     0.1249      0.015    1475.25     35.292     3.4739 140.380760     2.4309     22.885  0.000e+00
     22.680     6.9425    32.1568    25.1873 3.0525e-01     0.1249      0.015    1475.25     35.320     3.4766 140.380760     2.4327     22.897  0.000e+00
     22.669     6.9442    32.1580    25.1880 2.9304e-01     0.1249      0.015    1475.26     35.291     3.4736 140.380761     2.4306     22.885  0.000e+00
     22.658     6.9471    32.1622    25.1910 2.9304e-01     0.1249      0.015    1475.28     35.267     3.4709 140.380761     2.4287     22.874  0.000e+00
     22.669     6.9486    32.1686    25.1958 2.9304e-01     0.1249      0.018    1475.29     35.294     3.4733 140.380761     2.4304     22.885  0.000e+00
     22.669     6.9489    32.1704    25.1972 2.9304e-01     0.1249      0.015    1475.29     35.334     3.4772 140.380762     2.4331     22.885  0.000e+00
     22.669     6.9476    32.1691    25.1963 2.9304e-01     0.1249      0.015    1475.29     35.316     3.4755 140.380762     2.4320     22.885  0.000e+00
     22.658     6.9466    32.1674    25.1951 2.9304e-01     0.1249      0.015    1475.28     35.349     3.4789 140.380763     2.4343     22.874  0.000e+00
     22.658     6.9453    32.1656    25.1939 2.9304e-01     0.1249      0.015    1475.27     35.332     3.4773 140.380763     2.4332     22.874  0.000e+00
     22.645     6.9428    32.1628    25.1919 2.9304e-01     0.1249      0.015    1475.26     35.365     3.4808 140.380764     2.4357     22.861  0.000e+00
     22.645     6.9404    32.1586    25.1890 2.9304e-01     0.1249      0.015    1475.25     35.401     3.4847 140.380764     2.4384     22.861  0.000e+00
     22.658     6.9395    32.1569    25.1878 2.9304e-01     0.1249      0.015    1475.24     35.379     3.4827 140.380765     2.4370     22.874  0.000e+00
     22.645     6.9393    32.1579    25.1886 2.9304e-01     0.1249      0.015    1475.24     35.353     3.4800 140.380765     2.4351     22.861  0.000e+00
     22.633     6.9399    32.1583    25.1888 2.9304e-01     0.1249      0.015    1475.24     35.384     3.4830 140.380766     2.4372     22.849  0.000e+00
     22.645     6.9410    32.1591    25.1893 2.9304e-01     0.1249      0.015    1475.25     35.418     3.4863 140.380766     2.4395     22.861  0.000e+00
     22.633     6.9423    32.1607    25.1904 2.9304e-01     0.1249      0.015    1475.26     35.454     3.4897 140.380767     2.4419     22.849  0.000e+00
     22.633     6.9430    32.1623    25.1916 2.9304e-01     0.1249      0.015    1475.26     35.431     3.4874 140.380767     2.4402     22.849  0.000e+00
     22.633     6.9431    32.1619    25.1912 2.9304e-01     0.1249      0.015    1475.26     35.472     3.4914 140.380768     2.4431     22.849  0.000e+00
     22.622     6.9433    32.1603    25.1900 2.9304e-01     0.1249      0.015    1475.26     35.515     3.4957 140.380768     2.4461     22.838  0.000e+00
     22.633     6.9430    32.1597    25.1895 2.9304e-01     0.1249      0.015    1475.26     35.499     3.4941 140.380769     2.4450     22.849  0.000e+00
     22.633     6.9430    32.1607    25.1903 2.9304e-01     0.1249      0.018    1475.26     35.538     3.4980 140.380769     2.4477     22.849  0.000e+00
     22.622     6.9431    32.1620    25.1913 2.8083e-01     0.1249      0.015    1475.26     35.580     3.5020 140.380770     2.4505     22.838  0.000e+00
     22.622     6.9414    32.1646    25.1936 2.9304e-01     0.1249      0.015    1475.26     35.630     3.5070 140.380770     2.4540     22.838  0.000e+00
     22.622     6.9395    32.1645    25.1937 2.9304e-01     0.1249      0.018    1475.25     35.619     3.5061 140.380771     2.4534     22.838  0.000e+00
     22.609     6.9383    32.1624    25.1922 2.9304e-01     0.1249      0.015    1475.24     35.664     3.5107 140.380771     2.4566     22.825  0.000e+00
     22.622     6.9380    32.1601    25.1905 2.9304e-01     0.1249      0.015    1475.24     35.649     3.5092 140.380772     2.4556     22.838  0.000e+00
     22.609     6.9383    32.1593    25.1898 2.9304e-01     0.1249      0.015    1475.24     35.688     3.5131 140.380772     2.4583     22.825  0.000e+00
     22.622     6.9386    32.1582    25.1889 2.9304e-01     0.1249      0.015    1475.24     35.728     3.5171 140.380773     2.4610     22.838  0.000e+00
     22.609     6.9382    32.1572    25.1882 3.0525e-01     0.1249      0.015    1475.23     35.769     3.5211 140.380773     2.4639     22.825  0.000e+00
     22.609     6.9369    32.1538    25.1857 2.9304e-01     0.1249      0.015    1475.23     35.817     3.5261 140.380774     2.4673     22.825  0.000e+00
     22.609     6.9351    32.1478    25.1812 2.9304e-01     0.1261      0.015    1475.21     35.796     3.5242 140.380774     2.4661     22.825  0.000e+00
     22.598     6.9329    32.1449    25.1792 2.9304e-01     0.1249      0.015    1475.20     35.836     3.5285 140.380774     2.4690     22.813  0.000e+00
     22.609     6.9313    32.1453    25.1797 2.9304e-01     0.1249      0.015    1475.19     35.877     3.5326 140.380775     2.4719     22.825  0.000e+00
     22.609     6.9299    32.1459    25.1803 2.9304e-01     0.1249      0.015    1475.19     35.854     3.5305 140.380775     2.4704     22.825  0.000e+00
     22.598     6.9305    32.1451    25.1797 2.9304e-01     0.1249      0.015    1475.19     35.893     3.5343 140.380776     2.4731     22.813  0.000e+00
     22.609     6.9310    32.1443    25.1790 2.9304e-01     0.1249      0.015    1475.19     35.932     3.5381 140.380776     2.4757     22.825  0.000e+00
     22.598     6.9316    32.1418    25.1769 2.9304e-01     0.1249      0.015    1475.19     35.970     3.5418 140.380777     2.4783     22.813  0.000e+00
     22.585     6.9312    32.1381    25.1741 2.9304e-01     0.1249      0.015    1475.18     36.006     3.5455 140.380777     2.4809     22.800  0.000e+00
     22.598     6.9305    32.1339    25.1709 2.9304e-01     0.1249      0.018    1475.18     35.987     3.5438 140.380778     2.4797     22.813  0.000e+00
     22.598     6.9323    32.1332    25.1701 2.9304e-01     0.1249      0.015    1475.18     36.021     3.5470 140.380778     2.4820     22.813  0.000e+00
     22.609     6.9350    32.1316    25.1685 2.9304e-01     0.1249      0.015    1475.19     36.053     3.5500 140.380779     2.4841     22.825  0.000e+00
     22.598     6.9301    32.1285    25.1667 2.9304e-01     0.1249      0.015    1475.17     36.084     3.5535 140.380779     2.4865     22.813  0.000e+00
     22.585     6.9220    32.1261    25.1659 2.9304e-01     0.1249      0.015    1475.13     36.050     3.5509 140.380780     2.4847     22.800  0.000e+00
     22.598     6.9168    32.1246    25.1653 2.9304e-01     0.1249      0.015    1475.11     36.139     3.5600 140.380780     2.4911     22.813  0.000e+00
     22.598     6.9136    32.1258    25.1667 2.9304e-01     0.1249      0.015    1475.10     36.116     3.5580 140.380781     2.4897     22.813  0.000e+00
     22.585     6.9121    32.1279    25.1685 2.9304e-01     0.1249      0.015    1475.10     36.138     3.5603 140.380781     2.4913     22.800  0.000e+00
     22.598     6.9115    32.1280    25.1687 3.0525e-01     0.1249      0.015    1475.09     36.164     3.5629 140.380782     2.4931     22.813  0.000e+00
     22.585     6.9121    32.1269    25.1678 3.0525e-01     0.1249      0.015    1475.09     36.188     3.5653 140.380782     2.4948     22.800  0.000e+00
     22.598     6.9119    32.1265    25.1675 3.0525e-01     0.1249      0.015    1475.09     36.155     3.5620 140.380783     2.4925     22.813  0.000e+00
     22.588     6.9124    32.1268    25.1677 2.9304e-01     0.1249      0.015    1475.10     36.235     3.5699 140.380783     2.4980     22.803  0.000e+00
     22.597     6.9125    32.1270    25.1678 2.9304e-01     0.1249      0.015    1475.10     36.203     3.5667 140.380784     2.4958     22.813  0.000e+00
     22.597     6.9125    32.1261    25.1671 2.9304e-01     0.1249      0.015    1475.09     36.161     3.5626 140.380784     2.4929     22.813  0.000e+00
     22.609     6.9139    32.1246    25.1657 3.0525e-01     0.1249      0.015    1475.10     36.170     3.5634 140.380785     2.4934     22.825  0.000e+00
     22.585     6.9142    32.1241    25.1653 3.0525e-01     0.1249      0.015    1475.10     36.183     3.5646 140.380785     2.4943     22.800  0.000e+00
     22.597     6.9142    32.1246    25.1657 3.0525e-01     0.1249      0.015    1475.10     36.201     3.5664 140.380786     2.4955     22.813  0.000e+00
     22.597     6.9135    32.1257    25.1666 3.1746e-01     0.1249      0.018    1475.10     36.215     3.5678 140.380786     2.4965     22.813  0.000e+00
     22.597     6.9130    32.1265    25.1673 3.1746e-01     0.1249      0.018    1475.10     36.233     3.5696 140.380787     2.4978     22.813  0.000e+00
     22.597     6.9119    32.1273    25.1681 3.1746e-01     0.1249      0.015    1475.09     36.186     3.5650 140.380787     2.4946     22.813  0.000e+00
     22.597     6.9097    32.1291    25.1698 3.1746e-01     0.1249      0.015    1475.09     36.197     3.5662 140.380788     2.4954     22.813  0.000e+00
     22.609     6.9085    32.1303    25.1709 3.0525e-01     0.1249      0.015    1475.08     36.150     3.5617 140.380788     2.4923     22.825  0.000e+00
     22.597     6.9093    32.1302    25.1707 3.0525e-01     0.1249      0.015    1475.09     36.216     3.5681 140.380788     2.4968     22.813  0.000e+00
     22.609     6.9100    32.1304    25.1708 3.0525e-01     0.1249      0.015    1475.09     36.162     3.5627 140.380789     2.4930     22.825  0.000e+00
     22.597     6.9114    32.1313    25.1713 3.0525e-01     0.1249      0.015    1475.10     36.165     3.5629 140.380789     2.4931     22.813  0.000e+00
     22.609     6.9122    32.1334    25.1729 3.0525e-01     0.1249      0.015    1475.10     36.111     3.5575 140.380790     2.4893     22.825  0.000e+00
     22.609     6.9128    32.1347    25.1738 3.1746e-01     0.1249      0.015    1475.11     36.115     3.5578 140.380790     2.4895     22.825  0.000e+00
     22.609     6.9159    32.1338    25.1727 3.1746e-01     0.1249      0.015    1475.12     36.115     3.5576 140.380791     2.4894     22.825  0.000e+00
     22.609     6.9168    32.1336    25.1724 3.1746e-01     0.1249      0.015    1475.12     36.057     3.5518 140.380791     2.4854     22.825  0.000e+00
     22.609     6.9166    32.1346    25.1733 3.1746e-01     0.1237      0.015    1475.12     36.120     3.5580 140.380792     2.4897     22.825  0.000e+00
     22.609     6.9168    32.1357    25.1741 3.1746e-01     0.1249      0.015    1475.12     36.062     3.5522 140.380792     2.4856     22.825  0.000e+00
     22.622     6.9174    32.1369    25.1749 3.1746e-01     0.1249      0.018    1475.13     36.063     3.5522 140.380793     2.4856     22.838  0.000e+00
     22.622     6.9186    32.1373    25.1751 3.1746e-01     0.1249      0.015    1475.13     36.067     3.5525 140.380793     2.4858     22.838  0.000e+00
     22.609     6.9203    32.1357    25.1736 3.1746e-01     0.1249      0.015    1475.14     36.012     3.5471 140.380794     2.4820     22.825  0.000e+00
     22.622     6.9208    32.1343    25.1724 3.1746e-01     0.1249      0.015    1475.14     36.009     3.5467 140.380794     2.4818     22.838  0.000e+00
     22.622     6.9213    32.1332    25.1716 3.1746e-01     0.1249      0.015    1475.14     35.947     3.5406 140.380795     2.4775     22.838  0.000e+00
     22.633     6.9214    32.1330    25.1714 3.1746e-01     0.1249      0.015    1475.14     35.936     3.5395 140.380795     2.4768     22.849  0.000e+00
     22.633     6.9201    32.1330    25.1715 3.1746e-01     0.1249      0.015    1475.13     35.929     3.5389 140.380796     2.4763     22.849  0.000e+00
     22.633     6.9187    32.1337    25.1722 3.1746e-01     0.1249      0.015    1475.13     35.926     3.5387 140.380796     2.4762     22.849  0.000e+00
     22.633     6.9174    32.1350    25.1734 3.1746e-01     0.1249      0.015    1475.13     35.864     3.5327 140.380797     2.4720     22.849  0.000e+00
     22.644     6.9163    32.1366    25.1749 3.1746e-01     0.1249      0.015    1475.12     35.861     3.5325 140.380797     2.4718     22.861  0.000e+00
     22.633     6.9166    32.1367    25.1749 3.2967e-01     0.1249      0.015    1475.12     35.792     3.5256 140.380798     2.4670     22.849  0.000e+00
     22.644     6.9166    32.1370    25.1752 3.2967e-01     0.1249      0.015    1475.13     35.782     3.5246 140.380798     2.4663     22.861  0.000e+00
     22.644     6.9171    32.1369    25.1750 3.2967e-01     0.1249      0.015    1475.13     35.776     3.5240 140.380799     2.4659     22.861  0.000e+00
     22.644     6.9176    32.1373    25.1752 3.2967e-01     0.1249      0.015    1475.13     35.704     3.5168 140.380799     2.4609     22.861  0.000e+00
