Ap2_200519_down.cnv
* Sea-Bird SBE 9 Data File:
* FileName = C:\CTD Brukere\NIVA\IO2019\20190520\Ap2_200519.hex
* Software Version Seasave V 7.23.2
* Temperature SN = 5352
* Conductivity SN = 3840
* Number of Bytes Per Scan = 28
* Number of Voltage Words = 4
* Number of Scans Averaged by the Deck Unit = 1
* NMEA baud rate = 4800
** Ship: R/V Trygve Braarud
** Cruise:
** Station:
** Operator:
# nquan = 14
# nvalues = 1889                                  
# units = specified
# name 0 = depSM: Depth [salt water, m], lat = 59.60
# name 1 = t090C: Temperature [ITS-90, deg C]
# name 2 = sal00: Salinity, Practical [PSU]
# name 3 = sigma-t00: Density [sigma-t, kg/m^3 ]
# name 4 = flSP: Fluorescence, Seapoint
# name 5 = wetStar: Fluorescence, WET Labs WETstar [mg/m^3]
# name 6 = seaTurbMtr: Turbidity, Seapoint [FTU]
# name 7 = svCM: Sound Velocity [Chen-Millero, m/s]
# name 8 = sbeox0PS: Oxygen, SBE 43 [% saturation]
# name 9 = sbeox0Mg/L: Oxygen, SBE 43 [mg/l]
# name 10 = timeJ: Julian Days
# name 11 = sbeox0ML/L: Oxygen, SBE 43 [ml/l]
# name 12 = prDM: Pressure, Digiquartz [db]
# name 13 = flag:  0.000e+00
# span 0 =      0.094,     23.708                 
# span 1 =     6.6401,    12.7123                 
# span 2 =    23.9959,    32.1837                 
# span 3 =    17.9859,    25.2072                 
# span 4 = 2.5641e-01, 4.6764e+00                 
# span 5 =     0.1224,     0.1261                 
# span 6 =      0.007,      0.018                 
# span 7 =    1472.79,    1487.21                 
# span 8 =     34.874,     97.019                 
# span 9 =     3.4349,     9.2995                 
# span 10 = 140.379954, 140.380864                
# span 11 =     2.4036,     6.5073                
# span 12 =      0.095,     23.934                
# span 13 = 0.0000e+00, 0.0000e+00                
# interval = seconds: 0.0416667
# start_time = May 20 2019 09:07:08 [System UpLoad Time]
# bad_flag = -9.990e-29
*END*
[from data line 620]
      0.655    12.5046    24.3215    18.2251 3.6630e+00     0.1249      0.015    1485.88     93.007     8.5108 140.380253     5.9554      0.662  0.000e+00
      0.714    12.5337    24.3587    18.2488 3.6142e+00     0.1249      0.015    1486.02     92.984     8.5015 140.380253     5.9488      0.720  0.000e+00
      0.762    12.5749    24.4051    18.2774 3.5897e+00     0.1249      0.015    1486.22     92.908     8.4846 140.380254     5.9370      0.769  0.000e+00
      0.738    12.6135    24.4903    18.3364 3.5531e+00     0.1249      0.011    1486.45     92.885     8.4711 140.380254     5.9276      0.745  0.000e+00
      0.786    12.6519    24.5677    18.3894 3.5165e+00     0.1249      0.015    1486.68     92.865     8.4582 140.380255     5.9186      0.794  0.000e+00
      0.775    12.6812    24.6541    18.4509 3.5165e+00     0.1237      0.011    1486.88     92.845     8.4466 140.380255     5.9104      0.782  0.000e+00
      0.833    12.6928    24.7261    18.5045 3.5287e+00     0.1249      0.011    1487.01     92.832     8.4395 140.380256     5.9055      0.841  0.000e+00
      0.846    12.6882    24.7947    18.5583 3.5531e+00     0.1249      0.011    1487.07     92.760     8.4301 140.380256     5.8989      0.854  0.000e+00
      0.871    12.6762    24.8453    18.5995 3.5653e+00     0.1249      0.015    1487.09     92.743     8.4281 140.380257     5.8975      0.879  0.000e+00
      0.893    12.6457    24.8855    18.6359 3.5775e+00     0.1249      0.011    1487.04     92.727     8.4299 140.380257     5.8988      0.902  0.000e+00
      0.893    12.5818    24.9386    18.6883 3.6020e+00     0.1237      0.011    1486.88     92.711     8.4371 140.380258     5.9038      0.902  0.000e+00
      0.951    12.5064    24.9844    18.7370 3.6142e+00     0.1249      0.011    1486.67     92.697     8.4470 140.380258     5.9107      0.961  0.000e+00
      0.953    12.4344    25.0227    18.7792 3.6386e+00     0.1249      0.011    1486.47     92.684     8.4567 140.380258     5.9175      0.962  0.000e+00
      1.002    12.3609    25.0602    18.8211 3.6508e+00     0.1249      0.015    1486.26     92.673     8.4669 140.380259     5.9247      1.011  0.000e+00
      1.013    12.2982    25.0904    18.8554 3.6508e+00     0.1249      0.011    1486.07     92.663     8.4757 140.380259     5.9308      1.023  0.000e+00
      1.024    12.2508    25.1147    18.8824 3.6386e+00     0.1249      0.015    1485.94     92.595     8.4768 140.380260     5.9316      1.034  0.000e+00
      1.073    12.2086    25.1394    18.9088 3.6508e+00     0.1249      0.011    1485.82     92.584     8.4821 140.380260     5.9353      1.083  0.000e+00
      1.084    12.1609    25.1693    18.9402 3.6752e+00     0.1249      0.011    1485.69     92.579     8.4887 140.380261     5.9399      1.094  0.000e+00
      1.108    12.1200    25.1960    18.9679 3.6874e+00     0.1249      0.011    1485.58     92.571     8.4940 140.380261     5.9436      1.119  0.000e+00
      1.133    12.0859    25.2178    18.9906 3.7118e+00     0.1249      0.011    1485.48     92.565     8.4984 140.380262     5.9467      1.143  0.000e+00
      1.168    12.0521    25.2397    19.0134 3.7485e+00     0.1249      0.015    1485.39     92.567     8.5036 140.380262     5.9503      1.179  0.000e+00
      1.193    12.0165    25.2611    19.0360 3.7729e+00     0.1249      0.011    1485.29     92.570     8.5092 140.380263     5.9543      1.204  0.000e+00
      1.204    11.9768    25.2831    19.0599 3.7729e+00     0.1249      0.011    1485.18     92.569     8.5152 140.380263     5.9584      1.215  0.000e+00
      1.227    11.9454    25.2994    19.0779 3.7851e+00     0.1237      0.011    1485.09     92.570     8.5202 140.380264     5.9619      1.238  0.000e+00
      1.264    11.9143    25.3183    19.0978 3.8095e+00     0.1249      0.011    1485.00     92.574     8.5251 140.380264     5.9654      1.276  0.000e+00
      1.288    11.8845    25.3375    19.1178 3.8462e+00     0.1237      0.011    1484.92     92.578     8.5300 140.380265     5.9688      1.300  0.000e+00
      1.299    11.8504    25.3641    19.1441 3.8584e+00     0.1249      0.011    1484.83     92.584     8.5354 140.380265     5.9726      1.312  0.000e+00
      1.335    11.8092    25.4016    19.1802 3.8584e+00     0.1249      0.011    1484.73     92.593     8.5417 140.380266     5.9770      1.348  0.000e+00
      1.359    11.7538    25.4577    19.2330 3.8584e+00     0.1249      0.011    1484.60     92.596     8.5492 140.380266     5.9822      1.372  0.000e+00
      1.371    11.7024    25.5149    19.2860 3.8706e+00     0.1249      0.011    1484.49     92.607     8.5566 140.380267     5.9874      1.384  0.000e+00
      1.406    11.6615    25.5647    19.3314 3.8828e+00     0.1237      0.011    1484.41     92.675     8.5676 140.380267     5.9951      1.420  0.000e+00
      1.430    11.6246    25.6061    19.3697 3.8950e+00     0.1249      0.015    1484.32     92.635     8.5686 140.380268     5.9958      1.444  0.000e+00
      1.455    11.5929    25.6390    19.4005 3.9072e+00     0.1249      0.011    1484.25     92.706     8.5792 140.380268     6.0032      1.469  0.000e+00
      1.479    11.5600    25.6713    19.4310 3.9194e+00     0.1249      0.011    1484.17     92.730     8.5857 140.380269     6.0078      1.493  0.000e+00
      1.502    11.5290    25.7031    19.4609 3.9560e+00     0.1249      0.015    1484.10     92.749     8.5915 140.380269     6.0118      1.516  0.000e+00
      1.526    11.5053    25.7311    19.4866 3.9683e+00     0.1249      0.015    1484.05     92.769     8.5963 140.380270     6.0152      1.540  0.000e+00
      1.537    11.4881    25.7530    19.5064 3.9927e+00     0.1249      0.015    1484.02     92.791     8.6003 140.380270     6.0180      1.552  0.000e+00
      1.586    11.4761    25.7682    19.5202 3.9805e+00     0.1249      0.011    1483.99     92.815     8.6039 140.380271     6.0205      1.601  0.000e+00
      1.597    11.4677    25.7790    19.5299 3.9805e+00     0.1249      0.015    1483.98     92.833     8.6065 140.380271     6.0223      1.612  0.000e+00
      1.633    11.4627    25.7852    19.5356 3.9927e+00     0.1249      0.011    1483.97     92.912     8.6145 140.380272     6.0279      1.648  0.000e+00
      1.646    11.4579    25.7905    19.5405 4.0049e+00     0.1249      0.011    1483.96     92.938     8.6175 140.380272     6.0300      1.661  0.000e+00
      1.681    11.4497    25.7993    19.5487 4.0171e+00     0.1249      0.011    1483.94     92.965     8.6210 140.380272     6.0325      1.697  0.000e+00
      1.693    11.4371    25.8148    19.5628 4.0537e+00     0.1237      0.011    1483.91     92.992     8.6251 140.380273     6.0353      1.709  0.000e+00
      1.717    11.4260    25.8302    19.5766 4.0659e+00     0.1249      0.011    1483.89     93.014     8.6284 140.380273     6.0376      1.733  0.000e+00
      1.752    11.4173    25.8431    19.5880 4.0537e+00     0.1249      0.015    1483.88     93.037     8.6314 140.380274     6.0397      1.769  0.000e+00
      1.752    11.4108    25.8524    19.5963 4.0781e+00     0.1249      0.011    1483.86     93.120     8.6398 140.380274     6.0456      1.769  0.000e+00
      1.788    11.4066    25.8588    19.6019 4.0659e+00     0.1249      0.011    1483.86     93.149     8.6430 140.380275     6.0478      1.805  0.000e+00
      1.824    11.4026    25.8645    19.6071 4.0781e+00     0.1249      0.015    1483.85     93.113     8.6400 140.380275     6.0458      1.841  0.000e+00
      1.837    11.3951    25.8709    19.6133 4.0659e+00     0.1249      0.011    1483.83     93.190     8.6482 140.380276     6.0515      1.854  0.000e+00
      1.861    11.3813    25.8808    19.6233 4.0781e+00     0.1249      0.011    1483.80     93.214     8.6525 140.380276     6.0545      1.879  0.000e+00
      1.884    11.3707    25.8888    19.6312 4.1026e+00     0.1237      0.011    1483.77     93.238     8.6562 140.380277     6.0571      1.901  0.000e+00
      1.908    11.3604    25.8983    19.6403 4.1392e+00     0.1249      0.011    1483.74     93.255     8.6593 140.380277     6.0592      1.926  0.000e+00
      1.932    11.3351    25.9187    19.6603 4.1758e+00     0.1249      0.011    1483.68     93.333     8.6701 140.380278     6.0668      1.950  0.000e+00
      1.943    11.3030    25.9460    19.6867 4.1880e+00     0.1249      0.015    1483.60     93.356     8.6768 140.380278     6.0715      1.962  0.000e+00
      1.968    11.2778    25.9675    19.7076 4.2002e+00     0.1249      0.015    1483.53     93.379     8.6824 140.380279     6.0755      1.986  0.000e+00
      1.992    11.2525    25.9896    19.7289 4.2247e+00     0.1249      0.011    1483.47     93.401     8.6881 140.380279     6.0794      2.011  0.000e+00
      2.015    11.2350    26.0050    19.7437 4.2613e+00     0.1249      0.011    1483.42     93.476     8.6975 140.380280     6.0860      2.034  0.000e+00
      2.039    11.2161    26.0184    19.7572 4.2979e+00     0.1249      0.011    1483.37     93.497     8.7022 140.380280     6.0893      2.058  0.000e+00
      2.052    11.2017    26.0273    19.7666 4.3101e+00     0.1249      0.011    1483.33     93.456     8.7006 140.380281     6.0882      2.071  0.000e+00
      2.074    11.1917    26.0354    19.7744 4.3101e+00     0.1249      0.015    1483.31     93.528     8.7088 140.380281     6.0939      2.094  0.000e+00
      2.099    11.1850    26.0408    19.7798 4.2979e+00     0.1249      0.011    1483.29     93.546     8.7114 140.380282     6.0957      2.119  0.000e+00
      2.110    11.1794    26.0453    19.7841 4.2979e+00     0.1249      0.011    1483.28     93.562     8.7137 140.380282     6.0974      2.130  0.000e+00
      2.147    11.1690    26.0550    19.7934 4.3223e+00     0.1249      0.011    1483.25     93.577     8.7166 140.380283     6.0994      2.168  0.000e+00
      2.159    11.1580    26.0664    19.8041 4.3468e+00     0.1249      0.011    1483.23     93.652     8.7250 140.380283     6.1052      2.179  0.000e+00
      2.183    11.1512    26.0747    19.8116 4.3590e+00     0.1249      0.011    1483.21     93.665     8.7270 140.380284     6.1067      2.204  0.000e+00
      2.194    11.1469    26.0804    19.8167 4.3590e+00     0.1249      0.011    1483.20     93.676     8.7286 140.380284     6.1077      2.215  0.000e+00
      2.218    11.1435    26.0854    19.8212 4.3590e+00     0.1249      0.011    1483.20     93.745     8.7354 140.380285     6.1125      2.240  0.000e+00
      2.243    11.1404    26.0885    19.8241 4.3712e+00     0.1249      0.011    1483.19     93.699     8.7315 140.380285     6.1098      2.264  0.000e+00
      2.265    11.1381    26.0905    19.8260 4.3712e+00     0.1249      0.011    1483.18     93.766     8.7381 140.380285     6.1144      2.287  0.000e+00
      2.278    11.1332    26.0962    19.8312 4.3712e+00     0.1249      0.011    1483.17     93.776     8.7397 140.380286     6.1155      2.300  0.000e+00
      2.301    11.1256    26.1045    19.8389 4.3834e+00     0.1249      0.011    1483.16     93.785     8.7415 140.380286     6.1168      2.323  0.000e+00
      2.325    11.1188    26.1129    19.8466 4.3834e+00     0.1237      0.011    1483.14     93.853     8.7486 140.380287     6.1217      2.347  0.000e+00
      2.338    11.1150    26.1172    19.8505 4.3956e+00     0.1249      0.011    1483.14     93.864     8.7501 140.380287     6.1228      2.360  0.000e+00
      2.374    11.1121    26.1200    19.8531 4.3956e+00     0.1249      0.011    1483.13     93.933     8.7570 140.380288     6.1276      2.396  0.000e+00
      2.385    11.1112    26.1217    19.8546 4.3712e+00     0.1249      0.011    1483.13     93.946     8.7582 140.380288     6.1285      2.408  0.000e+00
      2.409    11.1100    26.1231    19.8559 4.3834e+00     0.1249      0.011    1483.13     93.956     8.7594 140.380289     6.1293      2.432  0.000e+00
      2.434    11.1066    26.1258    19.8586 4.3834e+00     0.1249      0.015    1483.12     93.965     8.7606 140.380289     6.1302      2.457  0.000e+00
      2.456    11.0990    26.1326    19.8651 4.3834e+00     0.1249      0.015    1483.10     94.031     8.7679 140.380290     6.1353      2.480  0.000e+00
      2.481    11.0907    26.1414    19.8732 4.4078e+00     0.1249      0.011    1483.08     94.041     8.7699 140.380290     6.1367      2.504  0.000e+00
      2.492    11.0812    26.1512    19.8824 4.4322e+00     0.1249      0.011    1483.06     94.055     8.7724 140.380291     6.1384      2.516  0.000e+00
      2.516    11.0755    26.1574    19.8881 4.4322e+00     0.1249      0.015    1483.04     94.060     8.7737 140.380291     6.1393      2.540  0.000e+00
      2.540    11.0754    26.1586    19.8891 4.4567e+00     0.1249      0.011    1483.05     94.068     8.7744 140.380292     6.1398      2.565  0.000e+00
      2.552    11.0757    26.1573    19.8881 4.4567e+00     0.1249      0.011    1483.05     94.074     8.7750 140.380292     6.1402      2.576  0.000e+00
      2.576    11.0745    26.1565    19.8876 4.4444e+00     0.1249      0.011    1483.04     94.078     8.7756 140.380293     6.1407      2.601  0.000e+00
      2.612    11.0732    26.1574    19.8886 4.4444e+00     0.1237      0.011    1483.04     94.140     8.7816 140.380293     6.1448      2.636  0.000e+00
      2.625    11.0714    26.1588    19.8899 4.4444e+00     0.1249      0.011    1483.03     94.085     8.7767 140.380294     6.1414      2.650  0.000e+00
      2.636    11.0695    26.1602    19.8913 4.4567e+00     0.1249      0.011    1483.03     94.142     8.7823 140.380294     6.1453      2.661  0.000e+00
      2.672    11.0676    26.1615    19.8926 4.4567e+00     0.1249      0.011    1483.02     94.142     8.7826 140.380295     6.1456      2.697  0.000e+00
      2.696    11.0651    26.1637    19.8948 4.4567e+00     0.1249      0.011    1483.02     94.147     8.7834 140.380295     6.1461      2.721  0.000e+00
      2.707    11.0628    26.1653    19.8964 4.4444e+00     0.1249      0.011    1483.01     94.088     8.7783 140.380296     6.1425      2.733  0.000e+00
      2.743    11.0602    26.1676    19.8986 4.4322e+00     0.1249      0.011    1483.01     94.142     8.7837 140.380296     6.1463      2.769  0.000e+00
      2.756    11.0517    26.1755    19.9061 4.3956e+00     0.1249      0.011    1482.99     94.140     8.7847 140.380297     6.1470      2.782  0.000e+00
      2.791    11.0384    26.1875    19.9176 4.3712e+00     0.1249      0.011    1482.95     94.076     8.7806 140.380297     6.1441      2.818  0.000e+00
      2.803    11.0230    26.2001    19.9299 4.3590e+00     0.1249      0.011    1482.91     94.063     8.7816 140.380298     6.1449      2.829  0.000e+00
      2.816    11.0081    26.2132    19.9424 4.3590e+00     0.1249      0.011    1482.87     94.055     8.7830 140.380298     6.1458      2.842  0.000e+00
      2.851    10.9937    26.2256    19.9544 4.3712e+00     0.1249      0.011    1482.84     94.045     8.7841 140.380299     6.1466      2.878  0.000e+00
      2.875    10.9799    26.2401    19.9679 4.3834e+00     0.1249      0.015    1482.81     94.027     8.7842 140.380299     6.1467      2.903  0.000e+00
      2.898    10.9680    26.2542    19.9808 4.3834e+00     0.1237      0.011    1482.78     93.953     8.7788 140.380299     6.1429      2.926  0.000e+00
      2.922    10.9544    26.2686    19.9942 4.3712e+00     0.1249      0.011    1482.75     93.931     8.7786 140.380300     6.1427      2.950  0.000e+00
      2.947    10.9357    26.2848    20.0098 4.3834e+00     0.1249      0.011    1482.70     93.848     8.7735 140.380300     6.1392      2.975  0.000e+00
      2.958    10.9135    26.3007    20.0258 4.3956e+00     0.1249      0.011    1482.64     93.878     8.7796 140.380301     6.1435      2.986  0.000e+00
      2.994    10.8924    26.3137    20.0393 4.4322e+00     0.1249      0.011    1482.58     93.798     8.7755 140.380301     6.1406      3.022  0.000e+00
