Ap2_200519_down.cnv
* Sea-Bird SBE 9 Data File:
* FileName = C:\CTD Brukere\NIVA\IO2019\20190520\Ap2_200519.hex
* Software Version Seasave V 7.23.2
* Temperature SN = 5352
* Conductivity SN = 3840
* Number of Bytes Per Scan = 28
* Number of Voltage Words = 4
* Number of Scans Averaged by the Deck Unit = 1
* NMEA baud rate = 4800
** Ship: R/V Trygve Braarud
** Cruise:
** Station:
** Operator:
# nquan = 14
# nvalues = 1889                                  
# units = specified
# name 0 = depSM: Depth [salt water, m], lat = 59.60
# name 1 = t090C: Temperature [ITS-90, deg C]
# name 2 = sal00: Salinity, Practical [PSU]
# name 3 = sigma-t00: Density [sigma-t, kg/m^3 ]
# name 4 = flSP: Fluorescence, Seapoint
# name 5 = wetStar: Fluorescence, WET Labs WETstar [mg/m^3]
# name 6 = seaTurbMtr: Turbidity, Seapoint [FTU]
# name 7 = svCM: Sound Velocity [Chen-Millero, m/s]
# name 8 = sbeox0PS: Oxygen, SBE 43 [% saturation]
# name 9 = sbeox0Mg/L: Oxygen, SBE 43 [mg/l]
# name 10 = timeJ: Julian Days
# name 11 = sbeox0ML/L: Oxygen, SBE 43 [ml/l]
# name 12 = prDM: Pressure, Digiquartz [db]
# name 13 = flag:  0.000e+00
# span 0 =      0.094,     23.708                 
# span 1 =     6.6401,    12.7123                 
# span 2 =    23.9959,    32.1837                 
# span 3 =    17.9859,    25.2072                 
# span 4 = 2.5641e-01, 4.6764e+00                 
# span 5 =     0.1224,     0.1261                 
# span 6 =      0.007,      0.018                 
# span 7 =    1472.79,    1487.21                 
# span 8 =     34.874,     97.019                 
# span 9 =     3.4349,     9.2995                 
# span 10 = 140.379954, 140.380864                
# span 11 =     2.4036,     6.5073                
# span 12 =      0.095,     23.934                
# span 13 = 0.0000e+00, 0.0000e+00                
# interval = seconds: 0.0416667
# start_time = May 20 2019 09:07:08 [System UpLoad Time]
# bad_flag = -9.990e-29
*END*
[from data line 413]
      0.203    12.6067    24.7467    18.5357 3.5287e+00     0.1237      0.011    1486.73     86.801     7.9046 140.380153     5.5312      0.205  0.000e+00
      0.190    12.5996    24.7427    18.5338 3.5409e+00     0.1249      0.011    1486.70     87.012     7.9252 140.380153     5.5456      0.191  0.000e+00
      0.201    12.5947    24.7380    18.5310 3.5775e+00     0.1237      0.007    1486.67     87.231     7.9463 140.380154     5.5603      0.203  0.000e+00
      0.203    12.5869    24.7382    18.5326 3.5775e+00     0.1237      0.011    1486.65     87.393     7.9623 140.380154     5.5715      0.205  0.000e+00
      0.190    12.5770    24.7363    18.5328 3.5287e+00     0.1237      0.011    1486.61     87.556     7.9789 140.380155     5.5832      0.191  0.000e+00
      0.190    12.5598    24.7356    18.5354 3.4676e+00     0.1237      0.011    1486.55     87.780     8.0023 140.380155     5.5996      0.191  0.000e+00
      0.201    12.5443    24.7302    18.5339 3.4310e+00     0.1237      0.011    1486.49     88.011     8.0263 140.380156     5.6163      0.203  0.000e+00
      0.203    12.5345    24.7102    18.5202 3.4188e+00     0.1237      0.011    1486.43     88.248     8.0506 140.380156     5.6333      0.205  0.000e+00
      0.203    12.5289    24.6899    18.5055 3.3944e+00     0.1249      0.015    1486.39     88.425     8.0687 140.380157     5.6460      0.205  0.000e+00
      0.152    12.5190    24.6587    18.4831 3.3211e+00     0.1237      0.011    1486.32     88.660     8.0934 140.380157     5.6633      0.154  0.000e+00
      0.238    12.5010    24.6262    18.4612 3.2234e+00     0.1237      0.011    1486.22     88.836     8.1143 140.380158     5.6779      0.240  0.000e+00
      0.190    12.4868    24.5986    18.4424 3.1746e+00     0.1249      0.015    1486.13     89.069     8.1394 140.380158     5.6955      0.191  0.000e+00
      0.203    12.4730    24.5635    18.4176 3.1136e+00     0.1249      0.011    1486.04     89.301     8.1648 140.380159     5.7132      0.205  0.000e+00
      0.188    12.4598    24.5389    18.4009 3.0525e+00     0.1249      0.011    1485.97     89.475     8.1842 140.380159     5.7269      0.190  0.000e+00
      0.190    12.4507    24.5056    18.3768 3.0281e+00     0.1237      0.007    1485.90     89.706     8.2087 140.380160     5.7439      0.191  0.000e+00
      0.190    12.4448    24.4687    18.3493 3.0281e+00     0.1249      0.011    1485.83     89.938     8.2329 140.380160     5.7609      0.191  0.000e+00
      0.190    12.4415    24.4387    18.3267 3.0281e+00     0.1249      0.011    1485.79     90.107     8.2505 140.380161     5.7732      0.191  0.000e+00
      0.188    12.4391    24.3859    18.2863 3.0159e+00     0.1237      0.007    1485.72     90.324     8.2735 140.380161     5.7893      0.190  0.000e+00
      0.190    12.4376    24.3401    18.2512 2.9915e+00     0.1249      0.011    1485.66     90.482     8.2907 140.380162     5.8013      0.191  0.000e+00
      0.178    12.4367    24.2993    18.2198 2.9792e+00     0.1249      0.011    1485.60     90.695     8.3124 140.380162     5.8165      0.180  0.000e+00
      0.190    12.4357    24.2506    18.1823 2.9670e+00     0.1237      0.011    1485.54     90.907     8.3346 140.380163     5.8321      0.191  0.000e+00
      0.177    12.4348    24.2139    18.1542 2.9426e+00     0.1237      0.015    1485.50     91.052     8.3500 140.380163     5.8428      0.178  0.000e+00
      0.178    12.4335    24.1813    18.1292 2.9426e+00     0.1237      0.011    1485.45     91.251     8.3701 140.380163     5.8569      0.180  0.000e+00
      0.165    12.4334    24.1574    18.1107 2.9426e+00     0.1249      0.015    1485.43     91.388     8.3840 140.380164     5.8666      0.167  0.000e+00
      0.178    12.4327    24.1433    18.1000 2.9426e+00     0.1249      0.011    1485.41     91.511     8.3962 140.380164     5.8751      0.180  0.000e+00
      0.177    12.4324    24.1276    18.0879 2.9426e+00     0.1249      0.011    1485.39     91.632     8.4081 140.380165     5.8835      0.178  0.000e+00
      0.154    12.4328    24.1155    18.0785 2.9304e+00     0.1237      0.011    1485.37     91.798     8.4240 140.380165     5.8946      0.155  0.000e+00
      0.178    12.4334    24.1079    18.0725 2.8938e+00     0.1237      0.007    1485.37     91.908     8.4343 140.380166     5.9018      0.180  0.000e+00
      0.164    12.4364    24.0961    18.0629 2.8694e+00     0.1249      0.011    1485.36     92.008     8.4436 140.380166     5.9083      0.165  0.000e+00
      0.165    12.4406    24.0833    18.0523 2.8694e+00     0.1249      0.011    1485.36     92.159     8.4574 140.380167     5.9180      0.167  0.000e+00
      0.154    12.4448    24.0725    18.0432 2.8449e+00     0.1237      0.011    1485.36     92.252     8.4657 140.380167     5.9238      0.155  0.000e+00
      0.165    12.4489    24.0632    18.0353 2.8205e+00     0.1249      0.011    1485.37     92.336     8.4732 140.380168     5.9290      0.167  0.000e+00
      0.141    12.4509    24.0576    18.0306 2.8083e+00     0.1237      0.011    1485.37     92.469     8.4853 140.380168     5.9375      0.142  0.000e+00
      0.165    12.4502    24.0570    18.0303 2.8083e+00     0.1237      0.011    1485.36     92.545     8.4925 140.380169     5.9425      0.167  0.000e+00
      0.154    12.4491    24.0595    18.0324 2.7839e+00     0.1237      0.011    1485.36     92.617     8.4991 140.380169     5.9472      0.155  0.000e+00
      0.143    12.4492    24.0684    18.0393 2.7595e+00     0.1237      0.011    1485.37     92.683     8.5047 140.380170     5.9511      0.144  0.000e+00
      0.164    12.4552    24.0731    18.0419 2.7595e+00     0.1249      0.015    1485.40     92.745     8.5091 140.380170     5.9541      0.165  0.000e+00
      0.154    12.4600    24.0777    18.0446 2.7717e+00     0.1237      0.011    1485.42     92.803     8.5132 140.380171     5.9571      0.155  0.000e+00
      0.143    12.4610    24.0812    18.0471 2.7961e+00     0.1237      0.015    1485.43     92.851     8.5172 140.380171     5.9599      0.144  0.000e+00
      0.164    12.4597    24.0894    18.0537 2.7961e+00     0.1249      0.011    1485.44     92.895     8.5211 140.380172     5.9625      0.165  0.000e+00
      0.154    12.4570    24.1027    18.0644 2.8083e+00     0.1249      0.011    1485.44     92.934     8.5244 140.380172     5.9649      0.155  0.000e+00
      0.154    12.4546    24.1130    18.0728 2.8205e+00     0.1249      0.015    1485.45     92.968     8.5275 140.380173     5.9670      0.155  0.000e+00
      0.154    12.4547    24.1155    18.0747 2.8205e+00     0.1237      0.011    1485.45     93.064     8.5361 140.380173     5.9731      0.155  0.000e+00
      0.152    12.4586    24.1111    18.0706 2.8083e+00     0.1237      0.011    1485.46     93.035     8.5330 140.380174     5.9709      0.154  0.000e+00
      0.154    12.4646    24.1034    18.0636 2.7961e+00     0.1249      0.011    1485.47     93.114     8.5395 140.380174     5.9755      0.155  0.000e+00
      0.165    12.4804    24.0901    18.0506 2.7717e+00     0.1237      0.011    1485.51     93.080     8.5342 140.380175     5.9718      0.167  0.000e+00
      0.154    12.5010    24.0764    18.0364 2.7595e+00     0.1249      0.011    1485.56     93.154     8.5380 140.380175     5.9744      0.155  0.000e+00
      0.164    12.5186    24.0682    18.0271 2.7473e+00     0.1237      0.011    1485.62     93.170     8.5368 140.380176     5.9735      0.165  0.000e+00
      0.165    12.5336    24.0689    18.0249 2.7473e+00     0.1237      0.011    1485.67     93.188     8.5357 140.380176     5.9728      0.167  0.000e+00
      0.154    12.5409    24.0839    18.0352 2.7350e+00     0.1249      0.015    1485.71     93.203     8.5349 140.380177     5.9722      0.155  0.000e+00
      0.165    12.5428    24.1346    18.0741 2.7473e+00     0.1237      0.011    1485.78     93.221     8.5334 140.380177     5.9712      0.167  0.000e+00
      0.177    12.5375    24.2001    18.1256 2.7350e+00     0.1249      0.011    1485.84     93.241     8.5328 140.380177     5.9707      0.178  0.000e+00
      0.154    12.5299    24.2678    18.1792 2.7106e+00     0.1237      0.011    1485.89     93.257     8.5320 140.380178     5.9702      0.155  0.000e+00
      0.165    12.5263    24.3331    18.2303 2.6984e+00     0.1249      0.011    1485.96     93.210     8.5249 140.380178     5.9652      0.167  0.000e+00
      0.164    12.5224    24.3631    18.2542 2.6984e+00     0.1237      0.011    1485.98     93.279     8.5303 140.380179     5.9690      0.165  0.000e+00
      0.165    12.5174    24.3694    18.2599 2.7106e+00     0.1249      0.011    1485.97     93.296     8.5324 140.380179     5.9705      0.167  0.000e+00
      0.178    12.5145    24.3638    18.2561 2.6984e+00     0.1249      0.015    1485.95     93.316     8.5350 140.380180     5.9723      0.180  0.000e+00
      0.165    12.5027    24.3536    18.2503 2.6862e+00     0.1237      0.007    1485.90     93.333     8.5393 140.380180     5.9753      0.167  0.000e+00
      0.164    12.4811    24.3474    18.2493 2.6740e+00     0.1249      0.011    1485.82     93.355     8.5456 140.380181     5.9797      0.165  0.000e+00
      0.165    12.4646    24.3344    18.2421 2.6862e+00     0.1249      0.011    1485.74     93.373     8.5509 140.380181     5.9834      0.167  0.000e+00
      0.165    12.4539    24.3053    18.2215 2.6984e+00     0.1237      0.007    1485.67     93.394     8.5563 140.380182     5.9872      0.167  0.000e+00
      0.165    12.4474    24.2726    18.1973 2.6984e+00     0.1249      0.015    1485.61     93.417     8.5614 140.380182     5.9908      0.167  0.000e+00
      0.177    12.4426    24.2357    18.1696 2.7106e+00     0.1237      0.011    1485.55     93.378     8.5607 140.380183     5.9902      0.178  0.000e+00
      0.154    12.4393    24.1977    18.1409 2.7228e+00     0.1249      0.011    1485.49     93.396     8.5650 140.380183     5.9933      0.155  0.000e+00
      0.165    12.4374    24.1727    18.1219 2.7228e+00     0.1249      0.015    1485.46     93.419     8.5688 140.380184     5.9959      0.167  0.000e+00
      0.165    12.4376    24.1412    18.0975 2.7106e+00     0.1237      0.011    1485.42     93.439     8.5723 140.380184     5.9984      0.167  0.000e+00
      0.164    12.4387    24.1143    18.0766 2.6984e+00     0.1249      0.015    1485.39     93.404     8.5703 140.380185     5.9970      0.165  0.000e+00
      0.154    12.4403    24.0891    18.0568 2.6984e+00     0.1237      0.015    1485.37     93.482     8.5785 140.380185     6.0027      0.155  0.000e+00
      0.165    12.4398    24.0647    18.0380 2.7106e+00     0.1249      0.011    1485.34     93.450     8.5770 140.380186     6.0017      0.167  0.000e+00
      0.164    12.4390    24.0536    18.0296 2.7106e+00     0.1237      0.015    1485.32     93.478     8.5803 140.380186     6.0040      0.165  0.000e+00
      0.165    12.4376    24.0529    18.0293 2.7106e+00     0.1237      0.011    1485.32     93.505     8.5831 140.380187     6.0059      0.167  0.000e+00
      0.154    12.4367    24.0501    18.0273 2.7106e+00     0.1249      0.015    1485.31     93.537     8.5863 140.380187     6.0082      0.155  0.000e+00
      0.165    12.4397    24.0468    18.0242 2.6984e+00     0.1237      0.011    1485.32     93.569     8.5889 140.380188     6.0100      0.167  0.000e+00
      0.152    12.4468    24.0380    18.0162 2.7106e+00     0.1237      0.011    1485.33     93.599     8.5908 140.380188     6.0113      0.154  0.000e+00
      0.165    12.4525    24.0354    18.0132 2.7228e+00     0.1237      0.015    1485.35     93.629     8.5927 140.380189     6.0126      0.167  0.000e+00
      0.154    12.4620    24.0339    18.0104 2.7350e+00     0.1249      0.007    1485.38     93.604     8.5888 140.380189     6.0099      0.155  0.000e+00
      0.165    12.4730    24.0322    18.0072 2.7350e+00     0.1249      0.015    1485.41     93.634     8.5895 140.380190     6.0104      0.167  0.000e+00
      0.152    12.4863    24.0336    18.0059 2.7106e+00     0.1237      0.011    1485.46     93.663     8.5897 140.380190     6.0106      0.154  0.000e+00
      0.165    12.4888    24.0478    18.0165 2.6984e+00     0.1249      0.011    1485.49     93.699     8.5918 140.380190     6.0120      0.167  0.000e+00
      0.154    12.4853    24.0728    18.0364 2.6862e+00     0.1249      0.015    1485.51     93.677     8.5890 140.380191     6.0101      0.155  0.000e+00
      0.128    12.4817    24.1076    18.0639 2.6984e+00     0.1237      0.011    1485.53     93.708     8.5907 140.380191     6.0112      0.129  0.000e+00
      0.203    12.4799    24.1361    18.0862 2.6862e+00     0.1249      0.011    1485.56     93.747     8.5930 140.380192     6.0129      0.204  0.000e+00
      0.165    12.4806    24.1502    18.0970 2.6740e+00     0.1237      0.011    1485.58     93.785     8.5956 140.380192     6.0147      0.167  0.000e+00
      0.165    12.4817    24.1624    18.1062 2.6862e+00     0.1249      0.011    1485.60     93.765     8.5929 140.380193     6.0128      0.167  0.000e+00
      0.164    12.4841    24.1697    18.1114 2.7106e+00     0.1249      0.015    1485.62     93.799     8.5952 140.380193     6.0144      0.165  0.000e+00
      0.178    12.4875    24.1745    18.1146 2.7228e+00     0.1237      0.011    1485.63     93.834     8.5976 140.380194     6.0161      0.180  0.000e+00
      0.178    12.4894    24.1832    18.1209 2.7350e+00     0.1249      0.015    1485.65     93.871     8.6001 140.380194     6.0178      0.180  0.000e+00
      0.178    12.4942    24.1933    18.1279 2.7473e+00     0.1237      0.011    1485.68     93.908     8.6021 140.380195     6.0192      0.180  0.000e+00
      0.177    12.5016    24.2113    18.1405 2.7595e+00     0.1237      0.015    1485.73     93.886     8.5977 140.380195     6.0162      0.178  0.000e+00
      0.190    12.5025    24.2290    18.1541 2.7595e+00     0.1237      0.015    1485.75     93.920     8.5997 140.380196     6.0176      0.191  0.000e+00
      0.178    12.4926    24.2575    18.1778 2.7717e+00     0.1237      0.011    1485.75     93.955     8.6033 140.380196     6.0201      0.180  0.000e+00
      0.178    12.4830    24.2794    18.1964 2.7961e+00     0.1249      0.015    1485.74     93.939     8.6023 140.380197     6.0194      0.180  0.000e+00
      0.212    12.4781    24.2815    18.1989 2.7961e+00     0.1237      0.011    1485.73     93.972     8.6061 140.380197     6.0221      0.214  0.000e+00
      0.178    12.4755    24.2737    18.1933 2.7839e+00     0.1237      0.011    1485.71     94.011     8.6106 140.380198     6.0252      0.180  0.000e+00
      0.202    12.4694    24.2575    18.1818 2.7839e+00     0.1249      0.015    1485.67     93.987     8.6105 140.380198     6.0251      0.204  0.000e+00
      0.202    12.4609    24.2349    18.1659 2.7839e+00     0.1249      0.011    1485.61     93.966     8.6112 140.380199     6.0256      0.204  0.000e+00
      0.201    12.4570    24.2152    18.1513 2.8083e+00     0.1249      0.015    1485.58     94.059     8.6216 140.380199     6.0329      0.203  0.000e+00
      0.202    12.4524    24.1984    18.1391 2.8327e+00     0.1249      0.011    1485.54     94.041     8.6217 140.380200     6.0329      0.204  0.000e+00
      0.214    12.4461    24.1745    18.1218 2.8327e+00     0.1249      0.015    1485.49     94.079     8.6277 140.380200     6.0371      0.216  0.000e+00
      0.201    12.4413    24.1521    18.1053 2.8327e+00     0.1237      0.011    1485.45     94.060     8.6279 140.380201     6.0373      0.203  0.000e+00
      0.214    12.4413    24.1171    18.0783 2.8205e+00     0.1237      0.011    1485.41     94.037     8.6277 140.380201     6.0372      0.216  0.000e+00
      0.214    12.4428    24.0863    18.0542 2.8205e+00     0.1249      0.015    1485.37     94.070     8.6321 140.380202     6.0403      0.216  0.000e+00
      0.214    12.4433    24.0650    18.0377 2.8083e+00     0.1249      0.007    1485.35     94.040     8.6305 140.380202     6.0391      0.216  0.000e+00
