Aq3_200519_down.cnv
* Sea-Bird SBE 9 Data File:
* FileName = C:\CTD Brukere\NIVA\IO2019\20190520\Aq3_200519.hex
* Software Version Seasave V 7.23.2
* Temperature SN = 5352
* Conductivity SN = 3840
* Number of Bytes Per Scan = 28
* Number of Voltage Words = 4
* Number of Scans Averaged by the Deck Unit = 1
* NMEA baud rate = 4800
** Ship: R/V Trygve Braarud
** Cruise:
** Station:
** Operator:
# nquan = 14
# nvalues = 998                                   
# units = specified
# name 0 = depSM: Depth [salt water, m], lat = 59.60
# name 1 = t090C: Temperature [ITS-90, deg C]
# name 2 = sal00: Salinity, Practical [PSU]
# name 3 = sigma-t00: Density [sigma-t, kg/m^3 ]
# name 4 = flSP: Fluorescence, Seapoint
# name 5 = wetStar: Fluorescence, WET Labs WETstar [mg/m^3]
# name 6 = seaTurbMtr: Turbidity, Seapoint [FTU]
# name 7 = svCM: Sound Velocity [Chen-Millero, m/s]
# name 8 = sbeox0PS: Oxygen, SBE 43 [% saturation]
# name 9 = sbeox0Mg/L: Oxygen, SBE 43 [mg/l]
# name 10 = timeJ: Julian Days
# name 11 = sbeox0ML/L: Oxygen, SBE 43 [ml/l]
# name 12 = prDM: Pressure, Digiquartz [db]
# name 13 = flag:  0.000e+00
# span 0 =      0.008,      5.581                 
# span 1 =     9.5920,    11.4367                 
# span 2 =    24.3284,    27.2847                 
# span 3 =    18.4267,    20.9974                 
# span 4 = 2.7106e+00, 5.5800e+00                 
# span 5 =     0.1200,     0.1298                 
# span 6 =      0.000,      0.048                 
# span 7 =    1479.05,    1482.74                 
# span 8 =     74.292,     95.956                 
# span 9 =     6.9659,     9.0654                 
# span 10 = 140.392674, 140.393154                
# span 11 =     4.8743,     6.3434                
# span 12 =      0.008,      5.634                
# span 13 = 0.0000e+00, 0.0000e+00                
# interval = seconds: 0.0416667
# start_time = May 20 2019 09:25:27 [System UpLoad Time]
# bad_flag = -9.990e-29
*END*
[from data line 620]
      0.104    11.2654    25.0398    18.9903 4.3101e+00     0.1237      0.011    1482.35     92.611     8.6642 140.392973     6.0627      0.105  0.000e+00
      0.105    11.2658    25.0365    18.9876 4.3468e+00     0.1249      0.011    1482.34     92.616     8.6647 140.392973     6.0631      0.106  0.000e+00
      0.117    11.2663    25.0330    18.9849 4.3834e+00     0.1249      0.007    1482.34     92.619     8.6651 140.392974     6.0634      0.118  0.000e+00
      0.091    11.2662    25.0310    18.9833 4.4078e+00     0.1249      0.011    1482.34     92.620     8.6653 140.392974     6.0635      0.092  0.000e+00
      0.152    11.2661    25.0295    18.9822 4.3956e+00     0.1237      0.011    1482.34     92.621     8.6655 140.392975     6.0636      0.154  0.000e+00
      0.128    11.2669    25.0264    18.9796 4.3834e+00     0.1237      0.007    1482.34     92.618     8.6653 140.392975     6.0634      0.129  0.000e+00
      0.128    11.2673    25.0243    18.9780 4.3834e+00     0.1237      0.011    1482.34     92.620     8.6655 140.392976     6.0636      0.129  0.000e+00
      0.139    11.2676    25.0224    18.9764 4.3956e+00     0.1237      0.007    1482.33     92.621     8.6656 140.392976     6.0637      0.141  0.000e+00
      0.141    11.2669    25.0216    18.9759 4.4322e+00     0.1249      0.011    1482.33     92.621     8.6657 140.392976     6.0638      0.142  0.000e+00
      0.176    11.2661    25.0212    18.9758 4.4444e+00     0.1249      0.007    1482.33     92.679     8.6714 140.392977     6.0677      0.178  0.000e+00
      0.212    11.2636    25.0225    18.9772 4.4444e+00     0.1237      0.007    1482.32     92.681     8.6720 140.392977     6.0682      0.214  0.000e+00
      0.199    11.2608    25.0244    18.9791 4.4444e+00     0.1249      0.011    1482.31     92.682     8.6724 140.392978     6.0685      0.201  0.000e+00
      0.212    11.2582    25.0280    18.9823 4.4200e+00     0.1237      0.007    1482.31     92.620     8.6670 140.392978     6.0646      0.214  0.000e+00
      0.212    11.2559    25.0311    18.9851 4.3468e+00     0.1249      0.007    1482.30     92.678     8.6726 140.392979     6.0686      0.214  0.000e+00
      0.128    11.2542    25.0333    18.9871 4.2857e+00     0.1249      0.011    1482.30     92.618     8.6673 140.392979     6.0649      0.129  0.000e+00
      0.223    11.2530    25.0398    18.9923 4.2735e+00     0.1249      0.007    1482.30     92.674     8.6724 140.392980     6.0684      0.225  0.000e+00
      0.223    11.2521    25.0461    18.9973 4.2857e+00     0.1237      0.011    1482.31     92.673     8.6721 140.392980     6.0682      0.225  0.000e+00
      0.332    11.2520    25.0552    19.0044 4.2979e+00     0.1237      0.007    1482.32     92.672     8.6715 140.392981     6.0678      0.335  0.000e+00
      0.319    11.2502    25.0714    19.0173 4.2857e+00     0.1237      0.011    1482.33     92.668     8.6706 140.392981     6.0671      0.322  0.000e+00
      0.354    11.2477    25.0821    19.0259 4.2857e+00     0.1249      0.011    1482.34     92.609     8.6649 140.392982     6.0632      0.358  0.000e+00
      0.356    11.2447    25.0912    19.0335 4.2735e+00     0.1237      0.007    1482.34     92.596     8.6638 140.392982     6.0624      0.359  0.000e+00
      0.356    11.2417    25.0984    19.0396 4.2613e+00     0.1249      0.015    1482.34     92.582     8.6627 140.392983     6.0616      0.359  0.000e+00
      0.392    11.2392    25.1057    19.0456 4.2735e+00     0.1237      0.011    1482.34     92.567     8.6614 140.392983     6.0607      0.395  0.000e+00
      0.437    11.2373    25.1152    19.0533 4.2979e+00     0.1237      0.007    1482.34     92.558     8.6603 140.392984     6.0600      0.441  0.000e+00
      0.487    11.2351    25.1257    19.0618 4.3346e+00     0.1249      0.011    1482.35     92.547     8.6592 140.392984     6.0592      0.492  0.000e+00
      0.474    11.2323    25.1442    19.0766 4.3468e+00     0.1237      0.011    1482.36     92.595     8.6631 140.392985     6.0620      0.479  0.000e+00
      0.510    11.2300    25.1622    19.0909 4.3590e+00     0.1249      0.011    1482.37     92.528     8.6563 140.392985     6.0572      0.515  0.000e+00
      0.532    11.2277    25.1791    19.1044 4.3712e+00     0.1237      0.011    1482.39     92.514     8.6545 140.392986     6.0559      0.537  0.000e+00
      0.547    11.2201    25.2003    19.1221 4.3834e+00     0.1249      0.011    1482.38     92.505     8.6539 140.392986     6.0555      0.552  0.000e+00
      0.594    11.2092    25.2191    19.1384 4.3834e+00     0.1237      0.011    1482.37     92.556     8.6597 140.392987     6.0596      0.600  0.000e+00
      0.583    11.1973    25.2394    19.1562 4.4078e+00     0.1237      0.007    1482.35     92.551     8.6604 140.392987     6.0601      0.588  0.000e+00
      0.629    11.1858    25.2618    19.1754 4.4444e+00     0.1249      0.011    1482.34     92.546     8.6609 140.392988     6.0604      0.635  0.000e+00
      0.652    11.1773    25.2939    19.2017 4.4933e+00     0.1237      0.011    1482.34     92.534     8.6595 140.392988     6.0594      0.658  0.000e+00
      0.678    11.1719    25.3331    19.2330 4.5421e+00     0.1249      0.011    1482.37     92.526     8.6577 140.392989     6.0581      0.684  0.000e+00
      0.701    11.1698    25.3726    19.2639 4.5910e+00     0.1249      0.011    1482.41     92.517     8.6551 140.392989     6.0563      0.707  0.000e+00
      0.714    11.1654    25.4228    19.3036 4.6032e+00     0.1249      0.011    1482.46     92.507     8.6522 140.392989     6.0543      0.720  0.000e+00
      0.749    11.1567    25.4594    19.3333 4.6276e+00     0.1249      0.011    1482.47     92.497     8.6509 140.392990     6.0534      0.756  0.000e+00
      0.772    11.1471    25.4921    19.3603 4.6886e+00     0.1237      0.007    1482.48     92.485     8.6498 140.392990     6.0526      0.779  0.000e+00
      0.785    11.1379    25.5293    19.3906 4.7375e+00     0.1249      0.015    1482.49     92.478     8.6489 140.392991     6.0520      0.792  0.000e+00
      0.809    11.1273    25.5635    19.4189 4.7497e+00     0.1249      0.011    1482.49     92.531     8.6539 140.392991     6.0555      0.817  0.000e+00
      0.845    11.1175    25.6047    19.4525 4.7253e+00     0.1237      0.011    1482.51     92.469     8.6477 140.392992     6.0512      0.853  0.000e+00
      0.856    11.1131    25.6315    19.4740 4.7009e+00     0.1249      0.011    1482.52     92.520     8.6518 140.392992     6.0540      0.864  0.000e+00
      0.879    11.1087    25.6615    19.4980 4.6886e+00     0.1249      0.007    1482.54     92.516     8.6506 140.392993     6.0532      0.887  0.000e+00
      0.905    11.1056    25.6866    19.5179 4.6886e+00     0.1249      0.015    1482.56     92.511     8.6494 140.392993     6.0523      0.913  0.000e+00
      0.927    11.1042    25.6995    19.5282 4.7009e+00     0.1237      0.011    1482.57     92.572     8.6546 140.392994     6.0560      0.936  0.000e+00
      0.940    11.1080    25.7129    19.5379 4.7009e+00     0.1237      0.011    1482.60     92.577     8.6536 140.392994     6.0553      0.949  0.000e+00
      0.976    11.1137    25.7169    19.5401 4.6886e+00     0.1237      0.011    1482.63     92.521     8.6471 140.392995     6.0507      0.985  0.000e+00
      1.011    11.1268    25.7118    19.5341 4.6886e+00     0.1249      0.011    1482.67     92.579     8.6503 140.392995     6.0530      1.021  0.000e+00
      1.023    11.1392    25.7027    19.5250 4.7253e+00     0.1249      0.011    1482.70     92.581     8.6487 140.392996     6.0518      1.032  0.000e+00
      1.036    11.1490    25.6863    19.5107 4.7741e+00     0.1237      0.011    1482.72     92.648     8.6541 140.392996     6.0556      1.045  0.000e+00
      1.071    11.1561    25.6693    19.4963 4.8352e+00     0.1249      0.015    1482.72     92.661     8.6549 140.392997     6.0562      1.081  0.000e+00
      1.095    11.1596    25.6541    19.4839 4.8718e+00     0.1237      0.011    1482.72     92.673     8.6562 140.392997     6.0571      1.106  0.000e+00
      1.107    11.1645    25.6385    19.4710 4.9451e+00     0.1249      0.011    1482.72     92.744     8.6627 140.392998     6.0617      1.117  0.000e+00
      1.154    11.1666    25.6300    19.4641 5.0183e+00     0.1249      0.011    1482.72     92.760     8.6643 140.392998     6.0628      1.165  0.000e+00
      1.167    11.1654    25.6250    19.4604 5.0549e+00     0.1249      0.007    1482.71     92.775     8.6662 140.392999     6.0641      1.178  0.000e+00
      1.178    11.1585    25.6277    19.4637 5.0672e+00     0.1249      0.011    1482.69     92.848     8.6742 140.392999     6.0697      1.189  0.000e+00
      1.214    11.1533    25.6323    19.4680 5.0672e+00     0.1237      0.011    1482.67     92.927     8.6822 140.393000     6.0753      1.225  0.000e+00
      1.214    11.1493    25.6395    19.4743 5.0794e+00     0.1249      0.011    1482.67     92.949     8.6846 140.393000     6.0770      1.225  0.000e+00
      1.262    11.1464    25.6483    19.4816 5.1038e+00     0.1249      0.011    1482.67     93.036     8.6929 140.393001     6.0828      1.274  0.000e+00
      1.262    11.1435    25.6579    19.4895 5.1160e+00     0.1249      0.011    1482.67     93.128     8.7014 140.393001     6.0887      1.274  0.000e+00
      1.298    11.1402    25.6655    19.4959 5.1404e+00     0.1237      0.011    1482.67     93.163     8.7049 140.393002     6.0912      1.310  0.000e+00
      1.309    11.1343    25.6780    19.5066 5.1648e+00     0.1249      0.011    1482.66     93.190     8.7079 140.393002     6.0933      1.321  0.000e+00
      1.346    11.1256    25.6935    19.5200 5.1770e+00     0.1261      0.015    1482.65     93.282     8.7172 140.393003     6.0998      1.359  0.000e+00
      1.346    11.1167    25.7109    19.5350 5.2015e+00     0.1249      0.011    1482.64     93.310     8.7206 140.393003     6.1022      1.359  0.000e+00
      1.369    11.1061    25.7302    19.5517 5.2137e+00     0.1249      0.011    1482.62     93.403     8.7303 140.393003     6.1089      1.382  0.000e+00
      1.393    11.0984    25.7458    19.5650 5.2259e+00     0.1249      0.011    1482.61     93.500     8.7399 140.393004     6.1157      1.406  0.000e+00
      1.416    11.1010    25.7592    19.5750 5.2625e+00     0.1249      0.011    1482.64     93.599     8.7479 140.393004     6.1213      1.429  0.000e+00
      1.429    11.1114    25.7661    19.5786 5.2869e+00     0.1249      0.015    1482.69     93.641     8.7495 140.393005     6.1224      1.442  0.000e+00
      1.464    11.1235    25.7643    19.5753 5.2991e+00     0.1249      0.011    1482.73     93.733     8.7559 140.393005     6.1269      1.478  0.000e+00
      1.477    11.1315    25.7478    19.5612 5.3236e+00     0.1249      0.011    1482.74     93.708     8.7529 140.393006     6.1248      1.491  0.000e+00
      1.500    11.0982    25.7442    19.5638 5.3480e+00     0.1249      0.011    1482.61     93.856     8.7733 140.393006     6.1390      1.514  0.000e+00
      1.524    11.0381    25.7755    19.5979 5.3602e+00     0.1249      0.015    1482.44     93.894     8.7866 140.393007     6.1483      1.539  0.000e+00
      1.537    11.0008    25.8285    19.6451 5.3724e+00     0.1237      0.011    1482.37     93.987     8.7994 140.393007     6.1573      1.552  0.000e+00
      1.536    10.9678    25.9058    19.7104 5.3846e+00     0.1261      0.011    1482.34     94.081     8.8103 140.393008     6.1649      1.550  0.000e+00
      1.620    10.9374    25.9732    19.7676 5.3724e+00     0.1249      0.015    1482.31     94.125     8.8165 140.393008     6.1693      1.635  0.000e+00
      1.608    10.9160    26.0273    19.8131 5.3968e+00     0.1249      0.011    1482.30     94.217     8.8262 140.393009     6.1760      1.624  0.000e+00
      1.633    10.9057    26.0593    19.8396 5.4090e+00     0.1249      0.011    1482.30     94.250     8.8294 140.393009     6.1783      1.648  0.000e+00
      1.655    10.9027    26.0848    19.8599 5.4457e+00     0.1249      0.011    1482.32     94.337     8.8368 140.393010     6.1835      1.671  0.000e+00
      1.680    10.9024    26.0992    19.8711 5.4335e+00     0.1261      0.015    1482.34     94.373     8.8394 140.393010     6.1853      1.696  0.000e+00
      1.691    10.9017    26.1094    19.8791 5.4212e+00     0.1249      0.011    1482.35     94.463     8.8474 140.393011     6.1909      1.707  0.000e+00
      1.728    10.8993    26.1202    19.8879 5.4212e+00     0.1249      0.011    1482.35     94.556     8.8559 140.393011     6.1969      1.745  0.000e+00
      1.739    10.8962    26.1304    19.8964 5.4457e+00     0.1249      0.011    1482.36     94.589     8.8590 140.393012     6.1990      1.756  0.000e+00
      1.751    10.8927    26.1426    19.9064 5.4335e+00     0.1249      0.011    1482.36     94.617     8.8616 140.393012     6.2008      1.767  0.000e+00
      1.799    10.8900    26.1529    19.9148 5.4701e+00     0.1249      0.011    1482.36     94.700     8.8694 140.393013     6.2063      1.816  0.000e+00
      1.811    10.8880    26.1631    19.9230 5.4579e+00     0.1237      0.011    1482.37     94.784     8.8770 140.393013     6.2116      1.828  0.000e+00
      1.835    10.8882    26.1687    19.9273 5.3724e+00     0.1249      0.011    1482.37     94.807     8.8789 140.393014     6.2129      1.852  0.000e+00
      1.859    10.8919    26.1714    19.9288 5.3114e+00     0.1249      0.011    1482.39     94.825     8.8797 140.393014     6.2135      1.877  0.000e+00
      1.859    10.8994    26.1681    19.9251 5.3114e+00     0.1249      0.011    1482.41     94.897     8.8852 140.393015     6.2173      1.877  0.000e+00
      1.895    10.9088    26.1586    19.9162 5.2869e+00     0.1249      0.011    1482.44     94.916     8.8856 140.393015     6.2176      1.913  0.000e+00
      1.906    10.9177    26.1453    19.9044 5.2381e+00     0.1249      0.011    1482.45     94.982     8.8908 140.393016     6.2213      1.924  0.000e+00
      1.942    10.9258    26.1307    19.8918 5.2137e+00     0.1249      0.011    1482.47     94.995     8.8913 140.393016     6.2216      1.960  0.000e+00
      1.955    10.9328    26.1169    19.8799 5.1893e+00     0.1237      0.011    1482.47     95.002     8.8914 140.393016     6.2217      1.973  0.000e+00
      1.955    10.9383    26.1064    19.8709 5.2015e+00     0.1249      0.011    1482.48     95.063     8.8966 140.393017     6.2253      1.973  0.000e+00
      1.966    10.9424    26.0974    19.8632 5.2259e+00     0.1249      0.011    1482.49     95.070     8.8970 140.393017     6.2256      1.985  0.000e+00
      2.037    10.9487    26.0881    19.8550 5.2259e+00     0.1249      0.015    1482.50     95.072     8.8966 140.393018     6.2253      2.057  0.000e+00
      2.026    10.9529    26.0791    19.8474 5.2137e+00     0.1249      0.011    1482.50     95.122     8.9008 140.393018     6.2283      2.045  0.000e+00
      2.061    10.9545    26.0730    19.8424 5.2015e+00     0.1237      0.011    1482.50     95.118     8.9005 140.393019     6.2280      2.081  0.000e+00
      2.050    10.9560    26.0689    19.8389 5.2015e+00     0.1249      0.011    1482.50     95.167     8.9051 140.393019     6.2312      2.070  0.000e+00
      2.086    10.9563    26.0665    19.8370 5.1770e+00     0.1249      0.015    1482.50     95.163     8.9048 140.393020     6.2310      2.106  0.000e+00
      2.097    10.9565    26.0643    19.8353 5.1770e+00     0.1249      0.011    1482.50     95.152     8.9039 140.393020     6.2304      2.117  0.000e+00
      2.110    10.9570    26.0615    19.8330 5.1893e+00     0.1249      0.011    1482.50     95.196     8.9080 140.393021     6.2333      2.130  0.000e+00
      2.133    10.9565    26.0593    19.8314 5.2137e+00     0.1249      0.011    1482.49     95.186     8.9073 140.393021     6.2328      2.153  0.000e+00
