Aq3_230419_down.cnv
* Sea-Bird SBE 9 Data File:
* FileName = C:\CTD Brukere\NIVA\IO2019\20190423\Aq3_230419.hex
* Software Version Seasave V 7.23.2
* Temperature SN = 5352
* Conductivity SN = 3840
* Number of Bytes Per Scan = 28
* Number of Voltage Words = 4
* Number of Scans Averaged by the Deck Unit = 1
* NMEA baud rate = 4800
** Ship: R/V Trygve Braarud
** Cruise:
** Station:
** Operator:
# nquan = 14
# nvalues = 687                                   
# units = specified
# name 0 = depSM: Depth [salt water, m], lat = 59.60
# name 1 = t090C: Temperature [ITS-90, deg C]
# name 2 = sal00: Salinity, Practical [PSU]
# name 3 = sigma-t00: Density [sigma-t, kg/m^3 ]
# name 4 = flSP: Fluorescence, Seapoint
# name 5 = wetStar: Fluorescence, WET Labs WETstar [mg/m^3]
# name 6 = seaTurbMtr: Turbidity, Seapoint [FTU]
# name 7 = svCM: Sound Velocity [Chen-Millero, m/s]
# name 8 = sbeox0PS: Oxygen, SBE 43 [% saturation]
# name 9 = sbeox0Mg/L: Oxygen, SBE 43 [mg/l]
# name 10 = timeJ: Julian Days
# name 11 = sbeox0ML/L: Oxygen, SBE 43 [ml/l]
# name 12 = prDM: Pressure, Digiquartz [db]
# name 13 = flag:  0.000e+00
# span 0 =      0.026,      5.901                 
# span 1 =     8.1636,    10.4933                 
# span 2 =    19.3499,    27.0222                 
# span 3 =    14.7230,    20.9945                 
# span 4 = 5.6777e+00, 1.0537e+01                 
# span 5 =     0.1224,     0.1261                 
# span 6 =      0.004,      0.015                 
# span 7 =    1471.64,    1479.71                 
# span 8 =     86.041,    118.571                 
# span 9 =     8.4339,    11.6595                 
# span 10 = 113.418831, 113.419162                
# span 11 =     5.9016,     8.1586                
# span 12 =      0.026,      5.957                
# span 13 = 0.0000e+00, 0.0000e+00                
# interval = seconds: 0.0416667
# start_time = Apr 23 2019 10:03:07 [System UpLoad Time]
# bad_flag = -9.990e-29
*END*
[from data line 310]
      0.301    10.4073    20.9754    15.9691 6.3126e+00     0.1237      0.007    1474.34     86.481     8.4606 113.418981     5.9202      0.304  0.000e+00
      0.372    10.4102    20.9324    15.9353 6.3614e+00     0.1249      0.007    1474.30     86.562     8.4703 113.418981     5.9270      0.376  0.000e+00
      0.374    10.4115    21.0509    16.0272 6.4835e+00     0.1224      0.007    1474.45     86.591     8.4665 113.418981     5.9243      0.377  0.000e+00
      0.397    10.4129    21.1605    16.1120 6.6300e+00     0.1237      0.007    1474.59     86.616     8.4627 113.418982     5.9217      0.400  0.000e+00
      0.445    10.4140    21.1238    16.0834 6.7399e+00     0.1237      0.007    1474.55     86.643     8.4672 113.418982     5.9248      0.449  0.000e+00
      0.419    10.4143    21.2502    16.1815 6.7643e+00     0.1224      0.007    1474.70     86.665     8.4624 113.418983     5.9215      0.423  0.000e+00
      0.456    10.4144    21.2883    16.2110 6.7399e+00     0.1237      0.007    1474.75     86.696     8.4634 113.418983     5.9222      0.461  0.000e+00
      0.469    10.4146    21.2807    16.2051 6.7399e+00     0.1237      0.007    1474.74     86.716     8.4657 113.418984     5.9238      0.474  0.000e+00
      0.469    10.4158    21.4415    16.3298 6.7399e+00     0.1237      0.007    1474.94     86.744     8.4595 113.418984     5.9194      0.474  0.000e+00
      0.505    10.4168    21.4870    16.3649 6.8132e+00     0.1249      0.011    1475.00     86.767     8.4591 113.418985     5.9192      0.510  0.000e+00
      0.528    10.4176    21.5920    16.4464 6.8498e+00     0.1237      0.007    1475.13     86.792     8.4557 113.418985     5.9168      0.533  0.000e+00
      0.528    10.4198    21.7588    16.5755 6.8987e+00     0.1249      0.007    1475.34     86.812     8.4482 113.418986     5.9116      0.533  0.000e+00
      0.565    10.4217    21.8333    16.6332 6.9841e+00     0.1237      0.011    1475.44     86.833     8.4459 113.418986     5.9100      0.570  0.000e+00
      0.600    10.4231    22.0146    16.7737 7.0696e+00     0.1237      0.007    1475.66     86.923     8.4446 113.418987     5.9090      0.606  0.000e+00
      0.588    10.4248    22.1447    16.8745 7.1184e+00     0.1237      0.007    1475.82     86.946     8.4395 113.418987     5.9055      0.593  0.000e+00
      0.612    10.4261    22.1899    16.9094 7.1306e+00     0.1249      0.007    1475.88     86.970     8.4392 113.418988     5.9053      0.618  0.000e+00
      0.623    10.4262    22.3327    17.0202 7.1184e+00     0.1237      0.007    1476.05     86.995     8.4339 113.418988     5.9016      0.629  0.000e+00
      0.647    10.4252    22.3122    17.0045 7.1306e+00     0.1237      0.011    1476.03     87.081     8.4436 113.418989     5.9083      0.654  0.000e+00
      0.672    10.4241    22.3801    17.0574 7.2527e+00     0.1237      0.007    1476.11     87.114     8.4433 113.418989     5.9081      0.678  0.000e+00
      0.670    10.4233    22.5221    17.1678 7.4603e+00     0.1237      0.007    1476.27     87.141     8.4384 113.418990     5.9047      0.676  0.000e+00
      0.719    10.4225    22.5815    17.2140 7.5946e+00     0.1237      0.011    1476.34     87.168     8.4380 113.418990     5.9044      0.725  0.000e+00
      0.719    10.4220    22.7393    17.3367 7.6435e+00     0.1237      0.007    1476.53     87.249     8.4374 113.418991     5.9040      0.725  0.000e+00
      0.743    10.4210    22.8256    17.4038 7.7167e+00     0.1249      0.011    1476.63     87.336     8.4414 113.418991     5.9068      0.750  0.000e+00
      0.756    10.4197    22.8921    17.4557 7.7289e+00     0.1237      0.007    1476.71     87.368     8.4412 113.418992     5.9066      0.763  0.000e+00
      0.778    10.4194    23.0195    17.5547 7.7534e+00     0.1249      0.007    1476.86     87.461     8.4433 113.418992     5.9081      0.786  0.000e+00
      0.791    10.4197    23.0163    17.5522 7.7656e+00     0.1249      0.011    1476.86     87.491     8.4464 113.418993     5.9103      0.799  0.000e+00
      0.814    10.4210    23.0983    17.6156 7.8388e+00     0.1237      0.007    1476.96     87.521     8.4446 113.418993     5.9090      0.822  0.000e+00
      0.838    10.4223    23.1489    17.6547 7.9121e+00     0.1249      0.007    1477.03     87.550     8.4444 113.418994     5.9089      0.846  0.000e+00
      0.850    10.4233    23.1099    17.6243 7.8877e+00     0.1237      0.007    1476.98     87.759     8.4665 113.418994     5.9243      0.858  0.000e+00
      0.874    10.4246    23.1806    17.6790 7.8022e+00     0.1237      0.007    1477.07     87.743     8.4609 113.418995     5.9204      0.882  0.000e+00
      0.897    10.4259    23.1489    17.6542 7.7656e+00     0.1237      0.007    1477.04     87.841     8.4718 113.418995     5.9280      0.905  0.000e+00
      0.898    10.4264    23.0740    17.5960 7.8388e+00     0.1237      0.007    1476.95     87.936     8.4849 113.418995     5.9372      0.907  0.000e+00
      0.922    10.4265    23.1006    17.6166 7.8266e+00     0.1237      0.007    1476.99     88.035     8.4930 113.418996     5.9429      0.931  0.000e+00
      0.945    10.4269    23.0727    17.5949 7.8022e+00     0.1249      0.007    1476.95     88.138     8.5044 113.418996     5.9509      0.954  0.000e+00
      0.969    10.4270    23.1782    17.6768 7.8388e+00     0.1237      0.007    1477.08     88.244     8.5089 113.418997     5.9540      0.979  0.000e+00
      0.981    10.4270    23.2478    17.7309 7.8266e+00     0.1249      0.011    1477.17     88.293     8.5098 113.418997     5.9547      0.990  0.000e+00
      1.005    10.4272    23.2823    17.7576 7.8144e+00     0.1237      0.007    1477.21     88.400     8.5182 113.418998     5.9605      1.015  0.000e+00
      1.018    10.4275    23.3677    17.8239 7.8388e+00     0.1237      0.007    1477.31     88.569     8.5298 113.418998     5.9687      1.028  0.000e+00
      1.041    10.4282    23.4164    17.8617 7.8755e+00     0.1249      0.011    1477.37     88.687     8.5384 113.418999     5.9747      1.050  0.000e+00
      1.065    10.4295    23.4972    17.9243 7.9365e+00     0.1237      0.007    1477.48     88.807     8.5453 113.418999     5.9795      1.075  0.000e+00
      1.089    10.4308    23.5608    17.9735 7.9487e+00     0.1237      0.011    1477.56     88.929     8.5533 113.419000     5.9851      1.099  0.000e+00
      1.088    10.4326    23.5924    17.9977 7.9121e+00     0.1237      0.007    1477.60     89.106     8.5683 113.419000     5.9956      1.098  0.000e+00
      1.113    10.4334    23.6679    18.0563 7.9487e+00     0.1237      0.007    1477.70     89.237     8.5766 113.419001     6.0014      1.124  0.000e+00
      1.136    10.4336    23.7021    18.0827 7.9853e+00     0.1237      0.011    1477.74     89.368     8.5873 113.419001     6.0089      1.147  0.000e+00
      1.160    10.4342    23.7615    18.1288 7.9487e+00     0.1249      0.007    1477.81     89.561     8.6024 113.419002     6.0195      1.171  0.000e+00
      1.185    10.4382    23.8184    18.1724 7.8999e+00     0.1237      0.011    1477.90     89.759     8.6176 113.419002     6.0301      1.196  0.000e+00
      1.209    10.4432    23.8495    18.1958 7.9243e+00     0.1237      0.007    1477.95     89.896     8.6281 113.419003     6.0374      1.220  0.000e+00
      1.185    10.4516    23.9168    18.2468 7.9487e+00     0.1237      0.007    1478.07     90.092     8.6415 113.419003     6.0468      1.196  0.000e+00
      1.269    10.4571    23.9331    18.2587 7.9853e+00     0.1249      0.011    1478.11     90.233     8.6531 113.419004     6.0550      1.281  0.000e+00
      1.269    10.4597    23.9881    18.3010 7.9853e+00     0.1237      0.007    1478.18     90.433     8.6687 113.419004     6.0659      1.281  0.000e+00
      1.269    10.4594    24.0489    18.3483 7.9609e+00     0.1237      0.011    1478.26     90.643     8.6855 113.419005     6.0776      1.281  0.000e+00
      1.316    10.4589    24.0779    18.3708 7.9487e+00     0.1237      0.011    1478.29     90.857     8.7046 113.419005     6.0909      1.328  0.000e+00
      1.316    10.4577    24.1579    18.4332 7.8999e+00     0.1237      0.007    1478.38     91.074     8.7211 113.419006     6.1025      1.328  0.000e+00
      1.351    10.4553    24.2078    18.4723 7.8266e+00     0.1249      0.011    1478.43     91.234     8.7341 113.419006     6.1116      1.364  0.000e+00
      1.364    10.4542    24.2802    18.5287 7.7900e+00     0.1237      0.007    1478.52     91.450     8.7510 113.419007     6.1234      1.377  0.000e+00
      1.387    10.4534    24.3728    18.6009 7.8144e+00     0.1249      0.007    1478.63     91.668     8.7668 113.419007     6.1345      1.400  0.000e+00
      1.411    10.4532    24.4581    18.6671 7.7778e+00     0.1237      0.011    1478.73     91.887     8.7830 113.419008     6.1458      1.425  0.000e+00
      1.422    10.4534    24.5544    18.7419 7.8144e+00     0.1237      0.007    1478.85     92.106     8.7986 113.419008     6.1567      1.436  0.000e+00
      1.460    10.4532    24.6032    18.7799 7.8388e+00     0.1237      0.011    1478.90     92.327     8.8169 113.419008     6.1695      1.474  0.000e+00
      1.471    10.4534    24.6430    18.8107 7.8510e+00     0.1237      0.007    1478.95     92.546     8.8356 113.419009     6.1826      1.485  0.000e+00
      1.495    10.4530    24.6712    18.8328 7.7900e+00     0.1249      0.011    1478.99     92.766     8.8550 113.419009     6.1962      1.510  0.000e+00
      1.518    10.4521    24.6971    18.8530 7.7167e+00     0.1237      0.007    1479.01     92.983     8.8745 113.419010     6.2099      1.532  0.000e+00
      1.518    10.4503    24.7326    18.8809 7.6313e+00     0.1237      0.007    1479.05     93.206     8.8941 113.419010     6.2236      1.532  0.000e+00
      1.591    10.4496    24.7501    18.8946 7.6068e+00     0.1249      0.015    1479.07     93.427     8.9143 113.419011     6.2377      1.606  0.000e+00
      1.578    10.4496    24.7816    18.9191 7.6313e+00     0.1237      0.007    1479.11     93.705     8.9390 113.419011     6.2550      1.593  0.000e+00
      1.602    10.4508    24.8121    18.9426 7.6923e+00     0.1237      0.011    1479.15     93.925     8.9581 113.419012     6.2684      1.617  0.000e+00
      1.626    10.4516    24.8395    18.9637 7.7411e+00     0.1237      0.011    1479.19     94.149     8.9777 113.419012     6.2820      1.642  0.000e+00
      1.651    10.4551    24.8631    18.9815 7.8266e+00     0.1249      0.011    1479.23     94.367     8.9964 113.419013     6.2952      1.666  0.000e+00
      1.662    10.4586    24.8756    18.9907 7.8632e+00     0.1237      0.011    1479.26     94.641     9.0211 113.419013     6.3125      1.678  0.000e+00
      1.698    10.4613    24.8841    18.9969 7.8510e+00     0.1237      0.011    1479.28     94.856     9.0406 113.419014     6.3261      1.714  0.000e+00
      1.709    10.4655    24.8903    19.0010 7.8266e+00     0.1249      0.011    1479.30     95.130     9.0656 113.419014     6.3436      1.725  0.000e+00
      1.733    10.4689    24.9011    19.0089 7.8632e+00     0.1249      0.007    1479.32     95.291     9.0796 113.419015     6.3534      1.750  0.000e+00
      1.745    10.4738    24.9076    19.0132 7.9853e+00     0.1237      0.007    1479.35     95.559     9.1038 113.419015     6.3703      1.761  0.000e+00
      1.769    10.4802    24.9165    19.0192 8.1685e+00     0.1237      0.011    1479.39     95.772     9.1223 113.419016     6.3832      1.786  0.000e+00
      1.804    10.4862    24.9340    19.0319 8.3150e+00     0.1237      0.007    1479.43     96.099     9.1511 113.419016     6.4034      1.822  0.000e+00
      1.817    10.4912    24.9523    19.0452 8.5226e+00     0.1249      0.011    1479.47     96.248     9.1632 113.419017     6.4119      1.835  0.000e+00
      1.829    10.4933    24.9838    19.0695 8.5104e+00     0.1249      0.007    1479.52     96.443     9.1795 113.419017     6.4233      1.846  0.000e+00
      1.864    10.4926    25.0212    19.0986 8.4860e+00     0.1237      0.011    1479.56     96.709     9.2028 113.419018     6.4396      1.882  0.000e+00
      1.877    10.4889    25.0623    19.1311 8.4127e+00     0.1237      0.011    1479.59     96.966     9.2256 113.419018     6.4555      1.895  0.000e+00
      1.889    10.4854    25.1190    19.1757 8.3516e+00     0.1249      0.007    1479.65     97.165     9.2420 113.419019     6.4670      1.906  0.000e+00
      1.924    10.4842    25.1617    19.2090 8.4005e+00     0.1249      0.011    1479.70     97.420     9.2639 113.419019     6.4823      1.942  0.000e+00
      1.937    10.4836    25.1770    19.2210 8.5470e+00     0.1249      0.011    1479.71     97.616     9.2817 113.419020     6.4948      1.955  0.000e+00
      1.960    10.4759    25.1880    19.2308 8.6813e+00     0.1249      0.011    1479.70     97.869     9.3068 113.419020     6.5123      1.978  0.000e+00
      1.984    10.4319    25.2141    19.2579 8.7179e+00     0.1237      0.007    1479.57     98.133     9.3394 113.419021     6.5351      2.003  0.000e+00
      1.995    10.3529    25.2809    19.3219 8.7546e+00     0.1249      0.011    1479.36     98.341     9.3714 113.419021     6.5576      2.014  0.000e+00
      2.033    10.2909    25.3494    19.3847 8.8156e+00     0.1249      0.011    1479.22     98.599     9.4048 113.419022     6.5809      2.052  0.000e+00
      2.033    10.2330    25.4331    19.4587 8.8278e+00     0.1249      0.011    1479.11     98.801     9.4310 113.419022     6.5993      2.052  0.000e+00
      2.068    10.1836    25.4994    19.5178 8.8400e+00     0.1249      0.015    1479.01     99.054     9.4616 113.419022     6.6206      2.088  0.000e+00
      2.080    10.1489    25.5446    19.5582 8.9133e+00     0.1237      0.007    1478.93     99.302     9.4898 113.419023     6.6404      2.099  0.000e+00
      2.091    10.1200    25.5841    19.5934 8.9255e+00     0.1237      0.011    1478.88     99.547     9.5168 113.419023     6.6593      2.111  0.000e+00
      2.139    10.1002    25.6060    19.6134 9.0354e+00     0.1249      0.011    1478.83     99.733     9.5375 113.419024     6.6738      2.160  0.000e+00
      2.139    10.0818    25.6261    19.6318 9.1331e+00     0.1237      0.007    1478.79     99.970     9.5628 113.419024     6.6915      2.160  0.000e+00
      2.175    10.0721    25.6407    19.6446 9.0354e+00     0.1249      0.015    1478.77    100.201     9.5861 113.419025     6.7078      2.196  0.000e+00
      2.199    10.0714    25.6475    19.6500 8.9744e+00     0.1237      0.011    1478.78    100.373     9.6022 113.419025     6.7191      2.220  0.000e+00
      2.211    10.0840    25.6438    19.6452 9.0598e+00     0.1249      0.011    1478.82    100.597     9.6212 113.419026     6.7324      2.232  0.000e+00
      2.235    10.1085    25.6291    19.6301 9.0598e+00     0.1237      0.011    1478.89    100.813     9.6376 113.419026     6.7438      2.256  0.000e+00
      2.259    10.1353    25.6111    19.6120 9.0232e+00     0.1261      0.015    1478.97    100.971     9.6481 113.419027     6.7511      2.281  0.000e+00
      2.270    10.1412    25.5998    19.6023 8.9866e+00     0.1249      0.011    1478.98    101.124     9.6622 113.419027     6.7610      2.292  0.000e+00
      2.295    10.1267    25.5991    19.6040 8.9133e+00     0.1249      0.007    1478.92    101.341     9.6860 113.419028     6.7777      2.317  0.000e+00
      2.306    10.1098    25.6045    19.6107 8.8400e+00     0.1249      0.011    1478.87    101.500     9.7045 113.419028     6.7906      2.328  0.000e+00
      2.342    10.0962    25.6135    19.6198 8.8889e+00     0.1237      0.007    1478.83    101.714     9.7273 113.419029     6.8066      2.364  0.000e+00
      2.355    10.0874    25.6245    19.6297 8.9133e+00     0.1249      0.011    1478.81    101.928     9.7490 113.419029     6.8218      2.377  0.000e+00
