Aq3_230419_down.cnv
* Sea-Bird SBE 9 Data File:
* FileName = C:\CTD Brukere\NIVA\IO2019\20190423\Aq3_230419.hex
* Software Version Seasave V 7.23.2
* Temperature SN = 5352
* Conductivity SN = 3840
* Number of Bytes Per Scan = 28
* Number of Voltage Words = 4
* Number of Scans Averaged by the Deck Unit = 1
* NMEA baud rate = 4800
** Ship: R/V Trygve Braarud
** Cruise:
** Station:
** Operator:
# nquan = 14
# nvalues = 687                                   
# units = specified
# name 0 = depSM: Depth [salt water, m], lat = 59.60
# name 1 = t090C: Temperature [ITS-90, deg C]
# name 2 = sal00: Salinity, Practical [PSU]
# name 3 = sigma-t00: Density [sigma-t, kg/m^3 ]
# name 4 = flSP: Fluorescence, Seapoint
# name 5 = wetStar: Fluorescence, WET Labs WETstar [mg/m^3]
# name 6 = seaTurbMtr: Turbidity, Seapoint [FTU]
# name 7 = svCM: Sound Velocity [Chen-Millero, m/s]
# name 8 = sbeox0PS: Oxygen, SBE 43 [% saturation]
# name 9 = sbeox0Mg/L: Oxygen, SBE 43 [mg/l]
# name 10 = timeJ: Julian Days
# name 11 = sbeox0ML/L: Oxygen, SBE 43 [ml/l]
# name 12 = prDM: Pressure, Digiquartz [db]
# name 13 = flag:  0.000e+00
# span 0 =      0.026,      5.901                 
# span 1 =     8.1636,    10.4933                 
# span 2 =    19.3499,    27.0222                 
# span 3 =    14.7230,    20.9945                 
# span 4 = 5.6777e+00, 1.0537e+01                 
# span 5 =     0.1224,     0.1261                 
# span 6 =      0.004,      0.015                 
# span 7 =    1471.64,    1479.71                 
# span 8 =     86.041,    118.571                 
# span 9 =     8.4339,    11.6595                 
# span 10 = 113.418831, 113.419162                
# span 11 =     5.9016,     8.1586                
# span 12 =      0.026,      5.957                
# span 13 = 0.0000e+00, 0.0000e+00                
# interval = seconds: 0.0416667
# start_time = Apr 23 2019 10:03:07 [System UpLoad Time]
# bad_flag = -9.990e-29
*END*
[from data line 620]
      5.852     9.1169    26.1987    20.2196 1.0147e+01     0.1249      0.011    1475.95    115.301    11.2281 113.419130     7.8568      5.908  0.000e+00
      5.873     9.1729    26.1377    20.1641 1.0012e+01     0.1249      0.011    1476.09    115.173    11.2059 113.419130     7.8412      5.929  0.000e+00
      5.865     9.2343    26.0631    20.0971 9.7802e+00     0.1249      0.007    1476.23    115.049    11.1839 113.419131     7.8258      5.921  0.000e+00
      5.865     9.2428    26.0300    20.0701 9.6215e+00     0.1249      0.011    1476.22    114.880    11.1676 113.419131     7.8144      5.921  0.000e+00
      5.862     9.2245    26.0367    20.0779 9.6215e+00     0.1249      0.011    1476.16    114.768    11.1609 113.419132     7.8097      5.918  0.000e+00
      5.865     9.2551    26.0163    20.0576 9.6825e+00     0.1249      0.011    1476.25    114.596    11.1380 113.419132     7.7937      5.921  0.000e+00
      5.852     9.2607    26.0115    20.0531 9.7436e+00     0.1249      0.011    1476.26    114.429    11.1207 113.419133     7.7816      5.908  0.000e+00
      5.873     9.2387    26.0300    20.0707 9.7314e+00     0.1249      0.011    1476.20    114.261    11.1085 113.419133     7.7731      5.929  0.000e+00
      5.865     9.2451    26.0317    20.0711 9.7192e+00     0.1249      0.011    1476.23    114.152    11.0962 113.419134     7.7645      5.921  0.000e+00
      5.877     9.2332    26.0427    20.0813 9.7436e+00     0.1249      0.011    1476.20    113.989    11.0825 113.419134     7.7549      5.932  0.000e+00
      5.862     9.1849    26.0808    20.1179 9.7924e+00     0.1249      0.011    1476.06    113.886    11.0818 113.419135     7.7544      5.918  0.000e+00
      5.865     9.1548    26.1110    20.1458 9.7558e+00     0.1249      0.011    1475.99    113.724    11.0714 113.419135     7.7471      5.921  0.000e+00
      5.852     9.1747    26.1017    20.1357 9.6825e+00     0.1249      0.011    1476.05    113.562    11.0513 113.419136     7.7331      5.908  0.000e+00
      5.873     9.1577    26.1160    20.1493 9.6215e+00     0.1249      0.011    1476.00    113.402    11.0390 113.419136     7.7244      5.929  0.000e+00
      5.877     9.1360    26.1397    20.1709 9.6093e+00     0.1249      0.011    1475.95    113.303    11.0330 113.419137     7.7202      5.932  0.000e+00
      5.865     9.1166    26.1655    20.1938 9.6337e+00     0.1249      0.011    1475.91    113.202    11.0262 113.419137     7.7155      5.921  0.000e+00
      5.873     9.1048    26.1820    20.2084 9.7314e+00     0.1249      0.015    1475.89    113.052    11.0134 113.419138     7.7065      5.929  0.000e+00
      5.877     9.1215    26.1730    20.1990 9.8413e+00     0.1249      0.011    1475.94    112.955    11.0004 113.419138     7.6974      5.932  0.000e+00
      5.865     9.0859    26.2015    20.2262 9.8413e+00     0.1249      0.011    1475.84    112.808    10.9928 113.419139     7.6921      5.921  0.000e+00
      5.865     8.9828    26.2869    20.3074 9.8413e+00     0.1249      0.011    1475.55    112.780    11.0096 113.419139     7.7039      5.921  0.000e+00
      5.873     8.9019    26.3644    20.3793 9.8779e+00     0.1249      0.011    1475.34    112.582    11.0048 113.419140     7.7005      5.929  0.000e+00
      5.877     8.8277    26.4388    20.4478 9.8413e+00     0.1249      0.007    1475.15    112.438    11.0039 113.419140     7.6999      5.932  0.000e+00
      5.877     8.7800    26.4869    20.4920 9.9145e+00     0.1249      0.011    1475.03    112.233    10.9923 113.419141     7.6918      5.932  0.000e+00
      5.873     8.7529    26.5119    20.5153 1.0024e+01     0.1249      0.011    1474.96    112.206    10.9946 113.419141     7.6934      5.929  0.000e+00
      5.865     8.7306    26.5314    20.5336 1.0073e+01     0.1249      0.011    1474.90    112.066    10.9850 113.419142     7.6867      5.921  0.000e+00
      5.865     8.7178    26.5423    20.5439 1.0085e+01     0.1249      0.011    1474.86    111.928    10.9739 113.419142     7.6789      5.921  0.000e+00
      5.873     8.6981    26.5568    20.5580 1.0073e+01     0.1237      0.011    1474.80    111.794    10.9647 113.419143     7.6724      5.929  0.000e+00
      5.877     8.5489    26.6756    20.6714 1.0061e+01     0.1249      0.011    1474.38    111.724    10.9865 113.419143     7.6877      5.932  0.000e+00
      5.877     8.3961    26.8074    20.7952 9.9756e+00     0.1249      0.011    1473.96    111.604    11.0035 113.419144     7.6996      5.932  0.000e+00
      5.873     8.3726    26.8399    20.8238 9.9389e+00     0.1249      0.011    1473.91    111.475    10.9943 113.419144     7.6932      5.929  0.000e+00
      5.877     8.3993    26.8263    20.8096 1.0000e+01     0.1249      0.011    1474.00    111.349    10.9762 113.419144     7.6805      5.932  0.000e+00
      5.865     8.4472    26.7906    20.7752 1.0061e+01     0.1249      0.011    1474.13    111.221    10.9542 113.419145     7.6651      5.921  0.000e+00
      5.873     8.5095    26.7407    20.7277 1.0110e+01     0.1249      0.011    1474.31    111.099    10.9302 113.419145     7.6483      5.929  0.000e+00
      5.877     8.5562    26.7001    20.6896 1.0122e+01     0.1249      0.011    1474.44    110.978    10.9096 113.419146     7.6339      5.932  0.000e+00
      5.888     8.5753    26.6813    20.6722 9.9634e+00     0.1249      0.011    1474.49    110.864    10.8950 113.419146     7.6237      5.944  0.000e+00
      5.873     8.5530    26.6949    20.6859 9.8168e+00     0.1249      0.011    1474.42    110.813    10.8945 113.419147     7.6233      5.929  0.000e+00
      5.877     8.4805    26.7509    20.7396 9.8291e+00     0.1249      0.011    1474.21    110.709    10.8983 113.419147     7.6260      5.932  0.000e+00
      5.877     8.4468    26.7812    20.7679 9.8779e+00     0.1249      0.011    1474.12    110.604    10.8942 113.419148     7.6231      5.932  0.000e+00
      5.862     8.4534    26.7805    20.7664 9.8901e+00     0.1249      0.011    1474.15    110.499    10.8823 113.419148     7.6148      5.918  0.000e+00
      5.888     8.4428    26.7925    20.7772 9.8657e+00     0.1249      0.011    1474.12    110.397    10.8739 113.419149     7.6089      5.944  0.000e+00
      5.877     8.3924    26.8332    20.8160 9.8168e+00     0.1249      0.011    1473.98    110.295    10.8735 113.419149     7.6087      5.932  0.000e+00
      5.865     8.3757    26.8473    20.8292 9.7680e+00     0.1249      0.011    1473.93    110.202    10.8675 113.419150     7.6044      5.921  0.000e+00
      5.886     8.3654    26.8558    20.8373 9.7314e+00     0.1249      0.011    1473.90    110.112    10.8606 113.419150     7.5996      5.942  0.000e+00
      5.877     8.3391    26.8780    20.8582 9.7680e+00     0.1249      0.011    1473.83    110.024    10.8568 113.419151     7.5970      5.932  0.000e+00
      5.877     8.2928    26.9179    20.8956 9.8901e+00     0.1249      0.011    1473.70    109.932    10.8564 113.419151     7.5967      5.932  0.000e+00
      5.873     8.2859    26.9280    20.9045 9.8901e+00     0.1249      0.011    1473.69    109.843    10.8486 113.419152     7.5912      5.929  0.000e+00
      5.888     8.2807    26.9338    20.9097 9.9023e+00     0.1249      0.011    1473.67    109.749    10.8402 113.419152     7.5853      5.944  0.000e+00
      5.877     8.2803    26.9346    20.9104 1.0000e+01     0.1249      0.011    1473.67    109.720    10.8373 113.419153     7.5833      5.932  0.000e+00
      5.886     8.3149    26.9081    20.8850 1.0061e+01     0.1249      0.011    1473.77    109.632    10.8220 113.419153     7.5726      5.942  0.000e+00
      5.877     8.3438    26.8847    20.8628 1.0073e+01     0.1249      0.011    1473.86    109.548    10.8082 113.419154     7.5629      5.932  0.000e+00
      5.888     8.3860    26.8475    20.8280 1.0037e+01     0.1249      0.011    1473.97    109.467    10.7925 113.419154     7.5520      5.944  0.000e+00
      5.873     8.3754    26.8516    20.8326 9.9878e+00     0.1249      0.011    1473.94    109.451    10.7932 113.419155     7.5525      5.929  0.000e+00
      5.888     8.3109    26.9008    20.8798 9.9389e+00     0.1249      0.011    1473.75    109.378    10.7984 113.419155     7.5561      5.944  0.000e+00
      5.888     8.2518    26.9494    20.9258 9.9389e+00     0.1249      0.011    1473.58    109.308    10.8027 113.419156     7.5591      5.944  0.000e+00
      5.886     8.2287    26.9681    20.9435 9.9512e+00     0.1249      0.011    1473.52    109.235    10.7998 113.419156     7.5571      5.942  0.000e+00
      5.877     8.1980    26.9908    20.9654 1.0000e+01     0.1249      0.011    1473.43    109.220    10.8043 113.419157     7.5602      5.932  0.000e+00
      5.888     8.1763    27.0090    20.9826 1.0122e+01     0.1249      0.011    1473.37    109.147    10.8012 113.419157     7.5580      5.944  0.000e+00
      5.886     8.1636    27.0222    20.9945 1.0134e+01     0.1249      0.011    1473.33    109.140    10.8026 113.419158     7.5590      5.942  0.000e+00
      5.888     8.2488    26.9591    20.9338 1.0147e+01     0.1249      0.011    1473.58    109.075    10.7796 113.419158     7.5429      5.944  0.000e+00
      5.888     8.3620    26.8695    20.8485 1.0183e+01     0.1249      0.011    1473.91    109.014    10.7521 113.419158     7.5237      5.944  0.000e+00
      5.886     8.4009    26.8289    20.8114 1.0293e+01     0.1249      0.011    1474.01    109.011    10.7451 113.419159     7.5188      5.942  0.000e+00
      5.888     8.4600    26.7713    20.7583 1.0391e+01     0.1249      0.011    1474.16    108.950    10.7287 113.419159     7.5073      5.944  0.000e+00
      5.888     8.5264    26.7110    20.7021 1.0366e+01     0.1249      0.011    1474.34    108.948    10.7165 113.419160     7.4988      5.944  0.000e+00
      5.888     8.5865    26.6568    20.6515 1.0281e+01     0.1249      0.011    1474.50    108.894    10.7004 113.419160     7.4875      5.944  0.000e+00
      5.898     8.6348    26.6097    20.6081 1.0293e+01     0.1249      0.011    1474.63    108.906    10.6930 113.419161     7.4824      5.954  0.000e+00
      5.877     8.6625    26.5793    20.5805 1.0281e+01     0.1249      0.011    1474.70    108.859    10.6839 113.419161     7.4759      5.932  0.000e+00
      5.901     8.6584    26.5782    20.5802 1.0293e+01     0.1249      0.011    1474.68    108.877    10.6867 113.419162     7.4779      5.957  0.000e+00
