Aq3_230419_down.cnv
* Sea-Bird SBE 9 Data File:
* FileName = C:\CTD Brukere\NIVA\IO2019\20190423\Aq3_230419.hex
* Software Version Seasave V 7.23.2
* Temperature SN = 5352
* Conductivity SN = 3840
* Number of Bytes Per Scan = 28
* Number of Voltage Words = 4
* Number of Scans Averaged by the Deck Unit = 1
* NMEA baud rate = 4800
** Ship: R/V Trygve Braarud
** Cruise:
** Station:
** Operator:
# nquan = 14
# nvalues = 687                                   
# units = specified
# name 0 = depSM: Depth [salt water, m], lat = 59.60
# name 1 = t090C: Temperature [ITS-90, deg C]
# name 2 = sal00: Salinity, Practical [PSU]
# name 3 = sigma-t00: Density [sigma-t, kg/m^3 ]
# name 4 = flSP: Fluorescence, Seapoint
# name 5 = wetStar: Fluorescence, WET Labs WETstar [mg/m^3]
# name 6 = seaTurbMtr: Turbidity, Seapoint [FTU]
# name 7 = svCM: Sound Velocity [Chen-Millero, m/s]
# name 8 = sbeox0PS: Oxygen, SBE 43 [% saturation]
# name 9 = sbeox0Mg/L: Oxygen, SBE 43 [mg/l]
# name 10 = timeJ: Julian Days
# name 11 = sbeox0ML/L: Oxygen, SBE 43 [ml/l]
# name 12 = prDM: Pressure, Digiquartz [db]
# name 13 = flag:  0.000e+00
# span 0 =      0.026,      5.901                 
# span 1 =     8.1636,    10.4933                 
# span 2 =    19.3499,    27.0222                 
# span 3 =    14.7230,    20.9945                 
# span 4 = 5.6777e+00, 1.0537e+01                 
# span 5 =     0.1224,     0.1261                 
# span 6 =      0.004,      0.015                 
# span 7 =    1471.64,    1479.71                 
# span 8 =     86.041,    118.571                 
# span 9 =     8.4339,    11.6595                 
# span 10 = 113.418831, 113.419162                
# span 11 =     5.9016,     8.1586                
# span 12 =      0.026,      5.957                
# span 13 = 0.0000e+00, 0.0000e+00                
# interval = seconds: 0.0416667
# start_time = Apr 23 2019 10:03:07 [System UpLoad Time]
# bad_flag = -9.990e-29
*END*
[from data line 207]
      0.075    10.3354    19.4183    14.7706 6.1783e+00     0.1237      0.007    1472.20     88.075     8.7164 113.418931     6.0992      0.075  0.000e+00
      0.062    10.3344    19.4102    14.7644 6.2149e+00     0.1237      0.007    1472.18     88.083     8.7179 113.418931     6.1003      0.062  0.000e+00
      0.075    10.3331    19.3918    14.7503 6.2759e+00     0.1237      0.007    1472.16     88.095     8.7204 113.418932     6.1020      0.075  0.000e+00
      0.063    10.3315    19.3856    14.7458 6.3492e+00     0.1237      0.007    1472.14     88.044     8.7160 113.418932     6.0989      0.064  0.000e+00
      0.063    10.3303    19.3746    14.7374 6.4347e+00     0.1237      0.007    1472.13     88.051     8.7175 113.418933     6.1000      0.064  0.000e+00
      0.062    10.3280    19.3727    14.7362 6.5079e+00     0.1237      0.007    1472.12     88.063     8.7192 113.418933     6.1012      0.062  0.000e+00
      0.063    10.3262    19.3740    14.7375 6.5812e+00     0.1237      0.007    1472.11     88.071     8.7203 113.418934     6.1020      0.064  0.000e+00
      0.063    10.3243    19.3703    14.7349 6.6056e+00     0.1237      0.007    1472.10     88.023     8.7161 113.418934     6.0990      0.064  0.000e+00
      0.063    10.3215    19.3747    14.7387 6.6056e+00     0.1237      0.007    1472.09     88.026     8.7167 113.418935     6.0995      0.064  0.000e+00
      0.049    10.3183    19.3806    14.7437 6.6178e+00     0.1237      0.007    1472.09     88.039     8.7184 113.418935     6.1006      0.049  0.000e+00
      0.063    10.3145    19.3761    14.7408 6.6667e+00     0.1237      0.011    1472.07     87.983     8.7138 113.418936     6.0974      0.064  0.000e+00
      0.063    10.3114    19.3765    14.7415 6.7766e+00     0.1237      0.007    1472.06     87.985     8.7145 113.418936     6.0979      0.064  0.000e+00
      0.063    10.3092    19.3784    14.7433 6.8498e+00     0.1237      0.007    1472.05     87.930     8.7094 113.418937     6.0943      0.064  0.000e+00
      0.062    10.3075    19.3784    14.7435 6.8742e+00     0.1237      0.007    1472.05     87.933     8.7100 113.418937     6.0948      0.062  0.000e+00
      0.050    10.3057    19.3916    14.7540 6.8742e+00     0.1249      0.007    1472.05     87.933     8.7097 113.418938     6.0945      0.051  0.000e+00
      0.063    10.3044    19.4024    14.7626 6.8742e+00     0.1237      0.007    1472.06     87.877     8.7037 113.418938     6.0904      0.064  0.000e+00
      0.062    10.3026    19.4046    14.7646 6.8498e+00     0.1237      0.007    1472.06     87.872     8.7035 113.418939     6.0902      0.062  0.000e+00
      0.063    10.3004    19.4177    14.7750 6.8498e+00     0.1237      0.007    1472.07     87.810     8.6971 113.418939     6.0857      0.064  0.000e+00
      0.050    10.2979    19.4230    14.7795 6.8498e+00     0.1237      0.007    1472.06     87.799     8.6962 113.418940     6.0851      0.051  0.000e+00
      0.063    10.2969    19.4160    14.7742 6.8620e+00     0.1237      0.007    1472.05     87.793     8.6961 113.418940     6.0850      0.064  0.000e+00
      0.062    10.3017    19.4151    14.7728 6.8498e+00     0.1224      0.007    1472.07     87.729     8.6890 113.418940     6.0800      0.062  0.000e+00
      0.063    10.3093    19.4049    14.7638 6.7888e+00     0.1237      0.007    1472.08     87.718     8.6869 113.418941     6.0786      0.064  0.000e+00
      0.075    10.3135    19.3893    14.7511 6.6789e+00     0.1237      0.007    1472.08     87.649     8.6801 113.418941     6.0739      0.075  0.000e+00
      0.063    10.3180    19.3790    14.7425 6.5079e+00     0.1237      0.007    1472.09     87.638     8.6788 113.418942     6.0729      0.064  0.000e+00
      0.062    10.3194    19.3696    14.7350 6.3126e+00     0.1237      0.007    1472.08     87.571     8.6724 113.418942     6.0684      0.062  0.000e+00
      0.050    10.3181    19.3670    14.7332 6.2027e+00     0.1224      0.007    1472.07     87.556     8.6712 113.418943     6.0676      0.051  0.000e+00
      0.075    10.3148    19.3683    14.7347 6.1905e+00     0.1237      0.007    1472.06     87.484     8.6647 113.418943     6.0631      0.075  0.000e+00
      0.063    10.3098    19.3703    14.7369 6.1905e+00     0.1237      0.007    1472.04     87.470     8.6642 113.418944     6.0627      0.064  0.000e+00
      0.062    10.3031    19.3760    14.7422 6.2027e+00     0.1237      0.007    1472.03     87.401     8.6583 113.418944     6.0586      0.062  0.000e+00
      0.063    10.2965    19.3818    14.7477 6.2027e+00     0.1237      0.007    1472.01     87.383     8.6575 113.418945     6.0580      0.064  0.000e+00
      0.063    10.2906    19.3834    14.7498 6.2515e+00     0.1237      0.007    1471.99     87.315     8.6519 113.418945     6.0541      0.064  0.000e+00
      0.062    10.2865    19.3933    14.7580 6.2759e+00     0.1224      0.007    1471.99     87.300     8.6506 113.418946     6.0532      0.062  0.000e+00
      0.063    10.2831    19.4041    14.7669 6.2393e+00     0.1249      0.011    1471.99     87.229     8.6436 113.418946     6.0483      0.064  0.000e+00
      0.063    10.2801    19.4090    14.7711 6.2027e+00     0.1237      0.007    1471.98     87.210     8.6421 113.418947     6.0472      0.064  0.000e+00
      0.063    10.2777    19.4184    14.7787 6.1294e+00     0.1237      0.007    1471.98     87.129     8.6339 113.418947     6.0415      0.064  0.000e+00
      0.049    10.2808    19.4196    14.7793 5.9951e+00     0.1237      0.007    1472.00     87.112     8.6316 113.418948     6.0399      0.049  0.000e+00
      0.063    10.2875    19.4152    14.7749 5.9219e+00     0.1237      0.007    1472.02     87.094     8.6288 113.418948     6.0379      0.064  0.000e+00
      0.063    10.2985    19.4155    14.7736 5.8852e+00     0.1237      0.007    1472.06     87.027     8.6200 113.418949     6.0318      0.064  0.000e+00
      0.063    10.3078    19.4104    14.7683 5.8608e+00     0.1237      0.007    1472.09     87.012     8.6170 113.418949     6.0297      0.064  0.000e+00
      0.062    10.3153    19.4019    14.7607 5.7998e+00     0.1224      0.007    1472.10     86.942     8.6091 113.418950     6.0241      0.062  0.000e+00
      0.063    10.3238    19.3985    14.7568 5.7753e+00     0.1237      0.007    1472.13     86.870     8.6005 113.418950     6.0182      0.064  0.000e+00
      0.075    10.3287    19.3968    14.7548 5.7875e+00     0.1237      0.007    1472.15     86.858     8.5985 113.418951     6.0167      0.075  0.000e+00
      0.063    10.3303    19.3958    14.7538 5.8608e+00     0.1237      0.007    1472.15     86.851     8.5975 113.418951     6.0160      0.064  0.000e+00
      0.073    10.3320    19.3981    14.7554 5.9341e+00     0.1237      0.007    1472.16     86.782     8.5902 113.418952     6.0109      0.074  0.000e+00
      0.075    10.3329    19.3983    14.7554 6.0195e+00     0.1237      0.007    1472.16     86.712     8.5831 113.418952     6.0060      0.075  0.000e+00
      0.075    10.3342    19.3981    14.7550 6.0317e+00     0.1237      0.007    1472.17     86.702     8.5819 113.418953     6.0051      0.075  0.000e+00
      0.073    10.3360    19.4000    14.7563 6.0684e+00     0.1237      0.007    1472.18     86.690     8.5803 113.418953     6.0040      0.074  0.000e+00
      0.075    10.3380    19.3976    14.7541 6.1050e+00     0.1237      0.007    1472.18     86.624     8.5735 113.418954     5.9992      0.075  0.000e+00
      0.088    10.3389    19.3973    14.7538 6.0928e+00     0.1237      0.007    1472.19     86.617     8.5726 113.418954     5.9986      0.088  0.000e+00
      0.075    10.3398    19.3996    14.7555 6.1416e+00     0.1237      0.007    1472.19     86.549     8.5656 113.418954     5.9937      0.075  0.000e+00
      0.086    10.3398    19.3988    14.7548 6.1294e+00     0.1249      0.007    1472.19     86.540     8.5648 113.418955     5.9931      0.087  0.000e+00
      0.088    10.3401    19.4010    14.7565 6.1294e+00     0.1224      0.007    1472.19     86.476     8.5583 113.418955     5.9886      0.088  0.000e+00
      0.075    10.3412    19.4052    14.7596 6.2027e+00     0.1224      0.007    1472.20     86.466     8.5568 113.418956     5.9875      0.075  0.000e+00
      0.088    10.3417    19.4017    14.7568 6.2759e+00     0.1237      0.007    1472.20     86.401     8.5505 113.418956     5.9831      0.088  0.000e+00
      0.086    10.3425    19.4024    14.7572 6.3614e+00     0.1224      0.007    1472.21     86.396     8.5497 113.418957     5.9826      0.087  0.000e+00
      0.099    10.3435    19.4039    14.7582 6.5201e+00     0.1237      0.007    1472.21     86.336     8.5436 113.418957     5.9783      0.100  0.000e+00
      0.075    10.3433    19.3968    14.7528 6.6422e+00     0.1237      0.007    1472.20     86.329     8.5433 113.418958     5.9781      0.075  0.000e+00
      0.075    10.3438    19.3959    14.7520 6.6545e+00     0.1237      0.007    1472.20     86.268     8.5373 113.418958     5.9739      0.075  0.000e+00
      0.097    10.3440    19.3981    14.7537 6.5934e+00     0.1237      0.007    1472.21     86.268     8.5370 113.418959     5.9737      0.098  0.000e+00
      0.088    10.3435    19.3943    14.7508 6.4957e+00     0.1237      0.007    1472.20     86.206     8.5312 113.418959     5.9696      0.088  0.000e+00
      0.099    10.3433    19.3937    14.7504 6.3614e+00     0.1237      0.007    1472.20     86.265     8.5371 113.418960     5.9738      0.100  0.000e+00
      0.050    10.3430    19.3933    14.7501 6.2515e+00     0.1237      0.007    1472.20     86.147     8.5256 113.418960     5.9657      0.051  0.000e+00
      0.086    10.3427    19.3928    14.7498 6.2027e+00     0.1249      0.007    1472.19     86.206     8.5314 113.418961     5.9698      0.087  0.000e+00
      0.088    10.3424    19.4000    14.7554 6.2271e+00     0.1237      0.007    1472.20     86.155     8.5261 113.418961     5.9660      0.088  0.000e+00
      0.050    10.3420    19.4023    14.7573 6.2149e+00     0.1237      0.007    1472.20     86.157     8.5262 113.418962     5.9661      0.051  0.000e+00
      0.109    10.3414    19.4076    14.7614 6.2271e+00     0.1237      0.007    1472.21     86.106     8.5210 113.418962     5.9625      0.110  0.000e+00
      0.088    10.3406    19.4219    14.7726 6.2759e+00     0.1237      0.007    1472.22     86.107     8.5205 113.418963     5.9621      0.088  0.000e+00
      0.075    10.3390    19.4253    14.7755 6.2271e+00     0.1249      0.011    1472.22     86.175     8.5273 113.418963     5.9669      0.075  0.000e+00
      0.063    10.3386    19.4306    14.7797 6.0440e+00     0.1224      0.007    1472.22     86.073     8.5170 113.418964     5.9597      0.064  0.000e+00
      0.086    10.3415    19.4434    14.7892 5.9463e+00     0.1237      0.007    1472.25     86.079     8.5164 113.418964     5.9593      0.087  0.000e+00
      0.063    10.3443    19.4369    14.7838 5.9219e+00     0.1237      0.007    1472.25     86.091     8.5174 113.418965     5.9600      0.064  0.000e+00
      0.075    10.3460    19.4371    14.7837 5.9585e+00     0.1237      0.007    1472.26     86.103     8.5182 113.418965     5.9605      0.075  0.000e+00
      0.099    10.3464    19.4461    14.7906 6.0440e+00     0.1237      0.007    1472.27     86.120     8.5193 113.418966     5.9613      0.100  0.000e+00
      0.086    10.3468    19.4378    14.7841 6.1416e+00     0.1237      0.007    1472.26     86.075     8.5153 113.418966     5.9585      0.087  0.000e+00
      0.063    10.3463    19.4416    14.7872 6.2027e+00     0.1237      0.007    1472.27     86.089     8.5166 113.418967     5.9594      0.064  0.000e+00
      0.088    10.3460    19.4521    14.7953 6.2271e+00     0.1237      0.007    1472.28     86.043     8.5115 113.418967     5.9558      0.088  0.000e+00
      0.075    10.3458    19.4483    14.7924 6.2882e+00     0.1237      0.007    1472.27     86.056     8.5130 113.418967     5.9569      0.075  0.000e+00
      0.097    10.3455    19.4613    14.8026 6.3980e+00     0.1237      0.007    1472.29     86.068     8.5136 113.418968     5.9573      0.098  0.000e+00
      0.088    10.3445    19.4785    14.8160 6.4957e+00     0.1237      0.007    1472.30     86.085     8.5145 113.418968     5.9579      0.088  0.000e+00
      0.099    10.3437    19.4787    14.8163 6.5201e+00     0.1237      0.007    1472.30     86.041     8.5103 113.418969     5.9550      0.100  0.000e+00
      0.086    10.3419    19.4913    14.8264 6.4469e+00     0.1237      0.007    1472.31     86.055     8.5114 113.418969     5.9557      0.087  0.000e+00
      0.088    10.3381    19.5009    14.8343 6.3736e+00     0.1237      0.007    1472.31     86.069     8.5129 113.418970     5.9568      0.088  0.000e+00
      0.110    10.3357    19.4894    14.8257 6.3248e+00     0.1237      0.007    1472.29     86.088     8.5158 113.418970     5.9589      0.111  0.000e+00
      0.088    10.3333    19.5092    14.8415 6.2637e+00     0.1237      0.007    1472.30     86.104     8.5169 113.418971     5.9596      0.088  0.000e+00
      0.109    10.3322    19.5209    14.8507 6.2271e+00     0.1237      0.007    1472.31     86.126     8.5186 113.418971     5.9608      0.110  0.000e+00
      0.123    10.3317    19.5080    14.8407 6.1905e+00     0.1237      0.007    1472.29     86.093     8.5161 113.418972     5.9591      0.124  0.000e+00
      0.110    10.3321    19.5246    14.8536 6.2149e+00     0.1224      0.007    1472.31     86.111     8.5169 113.418972     5.9597      0.111  0.000e+00
      0.110    10.3334    19.5226    14.8518 6.3004e+00     0.1237      0.007    1472.32     86.134     8.5191 113.418973     5.9612      0.111  0.000e+00
      0.133    10.3342    19.5162    14.8468 6.3248e+00     0.1237      0.007    1472.31     86.156     8.5215 113.418973     5.9628      0.134  0.000e+00
      0.123    10.3354    19.5516    14.8740 6.2882e+00     0.1249      0.007    1472.36     86.175     8.5212 113.418974     5.9626      0.124  0.000e+00
      0.146    10.3364    19.5723    14.8900 6.2637e+00     0.1237      0.007    1472.39     86.199     8.5223 113.418974     5.9634      0.147  0.000e+00
      0.170    10.3372    19.6315    14.9358 6.2515e+00     0.1237      0.007    1472.46     86.228     8.5217 113.418975     5.9630      0.172  0.000e+00
      0.193    10.3411    19.7569    15.0327 6.2149e+00     0.1237      0.007    1472.63     86.253     8.5167 113.418975     5.9595      0.195  0.000e+00
      0.194    10.3504    19.8372    15.0937 6.1783e+00     0.1249      0.007    1472.76     86.276     8.5128 113.418976     5.9567      0.196  0.000e+00
      0.159    10.3641    19.8678    15.1155 6.2027e+00     0.1237      0.007    1472.85     86.302     8.5111 113.418976     5.9556      0.160  0.000e+00
      0.099    10.3776    19.8935    15.1335 6.2027e+00     0.1237      0.007    1472.93     86.272     8.5041 113.418977     5.9507      0.100  0.000e+00
      0.204    10.3857    19.9239    15.1560 6.2149e+00     0.1237      0.007    1473.00     86.354     8.5091 113.418977     5.9541      0.206  0.000e+00
      0.266    10.3904    20.0350    15.2415 6.2637e+00     0.1237      0.007    1473.15     86.386     8.5053 113.418978     5.9515      0.268  0.000e+00
      0.219    10.3928    20.1632    15.3407 6.3126e+00     0.1237      0.007    1473.31     86.413     8.5005 113.418978     5.9482      0.221  0.000e+00
      0.301    10.3939    20.3237    15.4652 6.3370e+00     0.1237      0.007    1473.51     86.445     8.4948 113.418979     5.9441      0.304  0.000e+00
      0.299    10.3967    20.6111    15.6879 6.3248e+00     0.1237      0.007    1473.87     86.412     8.4755 113.418979     5.9306      0.302  0.000e+00
      0.290    10.3998    20.7563    15.8001 6.2882e+00     0.1237      0.011    1474.05     86.436     8.4694 113.418980     5.9264      0.293  0.000e+00
