Aq3_200519_down.cnv
* Sea-Bird SBE 9 Data File:
* FileName = C:\CTD Brukere\NIVA\IO2019\20190520\Aq3_200519.hex
* Software Version Seasave V 7.23.2
* Temperature SN = 5352
* Conductivity SN = 3840
* Number of Bytes Per Scan = 28
* Number of Voltage Words = 4
* Number of Scans Averaged by the Deck Unit = 1
* NMEA baud rate = 4800
** Ship: R/V Trygve Braarud
** Cruise:
** Station:
** Operator:
# nquan = 14
# nvalues = 998                                   
# units = specified
# name 0 = depSM: Depth [salt water, m], lat = 59.60
# name 1 = t090C: Temperature [ITS-90, deg C]
# name 2 = sal00: Salinity, Practical [PSU]
# name 3 = sigma-t00: Density [sigma-t, kg/m^3 ]
# name 4 = flSP: Fluorescence, Seapoint
# name 5 = wetStar: Fluorescence, WET Labs WETstar [mg/m^3]
# name 6 = seaTurbMtr: Turbidity, Seapoint [FTU]
# name 7 = svCM: Sound Velocity [Chen-Millero, m/s]
# name 8 = sbeox0PS: Oxygen, SBE 43 [% saturation]
# name 9 = sbeox0Mg/L: Oxygen, SBE 43 [mg/l]
# name 10 = timeJ: Julian Days
# name 11 = sbeox0ML/L: Oxygen, SBE 43 [ml/l]
# name 12 = prDM: Pressure, Digiquartz [db]
# name 13 = flag:  0.000e+00
# span 0 =      0.008,      5.581                 
# span 1 =     9.5920,    11.4367                 
# span 2 =    24.3284,    27.2847                 
# span 3 =    18.4267,    20.9974                 
# span 4 = 2.7106e+00, 5.5800e+00                 
# span 5 =     0.1200,     0.1298                 
# span 6 =      0.000,      0.048                 
# span 7 =    1479.05,    1482.74                 
# span 8 =     74.292,     95.956                 
# span 9 =     6.9659,     9.0654                 
# span 10 = 140.392674, 140.393154                
# span 11 =     4.8743,     6.3434                
# span 12 =      0.008,      5.634                
# span 13 = 0.0000e+00, 0.0000e+00                
# interval = seconds: 0.0416667
# start_time = May 20 2019 09:25:27 [System UpLoad Time]
# bad_flag = -9.990e-29
*END*
      0.031    11.4367    24.3774    18.4490 3.7241e+00     0.1212      0.004    1482.17     80.502     7.5349 140.392674     5.2725      0.032  0.000e+00
      0.033    11.4365    24.3777    18.4492 3.7363e+00     0.1212      0.000    1482.17     80.502     7.5349 140.392674     5.2725      0.033  0.000e+00
      0.033    11.4360    24.3784    18.4498 3.7485e+00     0.1212      0.000    1482.16     80.442     7.5293 140.392675     5.2686      0.033  0.000e+00
      0.033    11.4353    24.3796    18.4509 3.7485e+00     0.1212      0.000    1482.16     80.436     7.5289 140.392675     5.2682      0.033  0.000e+00
      0.031    11.4347    24.3806    18.4517 3.7363e+00     0.1212      0.000    1482.16     80.371     7.5228 140.392676     5.2640      0.032  0.000e+00
      0.033    11.4339    24.3816    18.4527 3.7607e+00     0.1212      0.000    1482.16     80.300     7.5162 140.392676     5.2594      0.033  0.000e+00
      0.033    11.4331    24.3826    18.4535 3.8095e+00     0.1212      0.000    1482.16     80.223     7.5091 140.392677     5.2544      0.033  0.000e+00
      0.020    11.4324    24.3838    18.4546 3.8462e+00     0.1212      0.000    1482.16     80.202     7.5072 140.392677     5.2531      0.020  0.000e+00
      0.057    11.4316    24.3851    18.4557 3.8462e+00     0.1212      0.004    1482.16     80.122     7.4997 140.392677     5.2479      0.058  0.000e+00
      0.033    11.4307    24.3860    18.4566 3.8339e+00     0.1212      0.000    1482.16     80.036     7.4918 140.392678     5.2423      0.033  0.000e+00
      0.046    11.4299    24.3872    18.4576 3.8584e+00     0.1212      0.000    1482.15     80.006     7.4891 140.392678     5.2404      0.046  0.000e+00
      0.031    11.4298    24.3881    18.4583 3.9072e+00     0.1212      0.000    1482.15     79.918     7.4808 140.392679     5.2346      0.032  0.000e+00
      0.033    11.4291    24.3891    18.4592 3.9194e+00     0.1212      0.000    1482.15     79.825     7.4722 140.392679     5.2286      0.033  0.000e+00
      0.046    11.4289    24.3899    18.4599 3.9072e+00     0.1212      0.000    1482.15     79.789     7.4688 140.392680     5.2262      0.046  0.000e+00
      0.033    11.4284    24.3906    18.4605 3.8706e+00     0.1212      0.000    1482.15     79.694     7.4600 140.392680     5.2200      0.033  0.000e+00
      0.044    11.4280    24.3914    18.4612 3.8217e+00     0.1212      0.000    1482.15     79.596     7.4508 140.392681     5.2136      0.045  0.000e+00
      0.033    11.4278    24.3921    18.4618 3.7973e+00     0.1212      0.000    1482.15     79.554     7.4469 140.392681     5.2109      0.033  0.000e+00
      0.046    11.4275    24.3926    18.4622 3.7729e+00     0.1212      0.000    1482.15     79.454     7.4376 140.392682     5.2044      0.046  0.000e+00
      0.044    11.4273    24.3933    18.4627 3.7607e+00     0.1212      0.000    1482.15     79.352     7.4280 140.392682     5.1977      0.045  0.000e+00
      0.046    11.4272    24.3933    18.4628 3.7485e+00     0.1212      0.000    1482.15     79.246     7.4181 140.392683     5.1907      0.046  0.000e+00
      0.046    11.4270    24.3936    18.4630 3.7607e+00     0.1212      0.000    1482.15     79.197     7.4136 140.392683     5.1876      0.046  0.000e+00
      0.046    11.4271    24.3935    18.4630 3.7973e+00     0.1212      0.000    1482.15     79.092     7.4037 140.392684     5.1807      0.046  0.000e+00
      0.044    11.4271    24.3936    18.4630 3.8217e+00     0.1212      0.000    1482.15     78.984     7.3936 140.392684     5.1736      0.045  0.000e+00
      0.057    11.4271    24.3931    18.4627 3.8462e+00     0.1212      0.000    1482.15     78.935     7.3890 140.392685     5.1704      0.058  0.000e+00
      0.046    11.4271    24.3931    18.4626 3.8584e+00     0.1212      0.000    1482.15     78.828     7.3790 140.392685     5.1634      0.046  0.000e+00
      0.057    11.4271    24.3929    18.4625 3.8584e+00     0.1212      0.000    1482.15     78.720     7.3689 140.392686     5.1563      0.058  0.000e+00
      0.044    11.4270    24.3931    18.4627 3.8706e+00     0.1212      0.000    1482.15     78.670     7.3642 140.392686     5.1530      0.045  0.000e+00
      0.057    11.4270    24.3931    18.4627 3.9072e+00     0.1212      0.000    1482.15     78.564     7.3543 140.392687     5.1461      0.058  0.000e+00
      0.057    11.4271    24.3931    18.4626 3.9316e+00     0.1212      0.004    1482.15     78.457     7.3443 140.392687     5.1391      0.058  0.000e+00
      0.056    11.4271    24.3933    18.4628 3.9316e+00     0.1212      0.000    1482.15     78.409     7.3397 140.392688     5.1359      0.056  0.000e+00
      0.057    11.4270    24.3936    18.4630 3.9316e+00     0.1212      0.000    1482.15     78.305     7.3300 140.392688     5.1291      0.058  0.000e+00
      0.057    11.4268    24.3943    18.4636 3.9194e+00     0.1212      0.004    1482.15     78.200     7.3202 140.392689     5.1223      0.058  0.000e+00
      0.057    11.4270    24.3946    18.4638 3.9438e+00     0.1212      0.000    1482.15     78.155     7.3159 140.392689     5.1193      0.058  0.000e+00
      0.069    11.4270    24.3951    18.4642 3.9805e+00     0.1212      0.000    1482.15     78.055     7.3065 140.392690     5.1127      0.069  0.000e+00
      0.057    11.4271    24.3956    18.4646 4.0049e+00     0.1212      0.000    1482.15     77.954     7.2970 140.392690     5.1060      0.058  0.000e+00
      0.057    11.4271    24.3966    18.4654 4.0171e+00     0.1212      0.000    1482.16     77.853     7.2876 140.392690     5.0994      0.058  0.000e+00
      0.020    11.4268    24.3971    18.4658 4.0049e+00     0.1212      0.004    1482.15     77.812     7.2837 140.392691     5.0967      0.020  0.000e+00
      0.093    11.4271    24.3969    18.4656 3.9805e+00     0.1212      0.000    1482.16     77.718     7.2749 140.392691     5.0905      0.094  0.000e+00
      0.057    11.4270    24.3971    18.4658 3.9927e+00     0.1212      0.000    1482.16     77.683     7.2716 140.392692     5.0882      0.058  0.000e+00
      0.057    11.4271    24.3977    18.4662 4.0171e+00     0.1212      0.000    1482.16     77.534     7.2577 140.392692     5.0785      0.058  0.000e+00
      0.056    11.4271    24.3981    18.4665 4.0171e+00     0.1212      0.000    1482.16     77.501     7.2545 140.392693     5.0763      0.056  0.000e+00
      0.057    11.4271    24.3989    18.4671 4.0049e+00     0.1212      0.000    1482.16     77.474     7.2520 140.392693     5.0745      0.058  0.000e+00
      0.046    11.4270    24.3992    18.4674 3.9683e+00     0.1212      0.000    1482.16     77.394     7.2445 140.392694     5.0692      0.046  0.000e+00
      0.070    11.4266    24.3995    18.4677 3.9316e+00     0.1212      0.000    1482.16     77.315     7.2371 140.392694     5.0641      0.071  0.000e+00
      0.044    11.4266    24.3999    18.4680 3.9194e+00     0.1212      0.000    1482.16     77.297     7.2354 140.392695     5.0629      0.045  0.000e+00
      0.057    11.4262    24.4007    18.4687 3.9194e+00     0.1212      0.000    1482.16     77.227     7.2289 140.392695     5.0584      0.058  0.000e+00
      0.057    11.4258    24.4008    18.4688 3.9072e+00     0.1212      0.000    1482.16     77.158     7.2225 140.392696     5.0539      0.058  0.000e+00
      0.044    11.4253    24.4015    18.4695 3.8706e+00     0.1212      0.000    1482.15     77.151     7.2219 140.392696     5.0534      0.045  0.000e+00
      0.057    11.4247    24.4024    18.4702 3.8462e+00     0.1212      0.000    1482.15     77.091     7.2164 140.392697     5.0496      0.058  0.000e+00
      0.046    11.4235    24.4033    18.4712 3.8462e+00     0.1212      0.000    1482.15     77.034     7.2111 140.392697     5.0459      0.046  0.000e+00
      0.046    11.4211    24.4053    18.4731 3.8462e+00     0.1212      0.000    1482.14     77.039     7.2119 140.392698     5.0464      0.046  0.000e+00
      0.056    11.4175    24.4081    18.4759 3.8462e+00     0.1212      0.000    1482.13     77.046     7.2130 140.392698     5.0472      0.056  0.000e+00
      0.057    11.4136    24.4111    18.4788 3.8462e+00     0.1212      0.000    1482.12     77.000     7.2092 140.392699     5.0446      0.058  0.000e+00
      0.046    11.4104    24.4135    18.4812 3.8217e+00     0.1212      0.000    1482.12     76.951     7.2050 140.392699     5.0416      0.046  0.000e+00
      0.046    11.4080    24.4157    18.4833 3.8217e+00     0.1212      0.000    1482.11     76.958     7.2059 140.392700     5.0423      0.046  0.000e+00
      0.056    11.4060    24.4179    18.4853 3.8095e+00     0.1212      0.000    1482.11     76.907     7.2013 140.392700     5.0391      0.056  0.000e+00
      0.046    11.4047    24.4198    18.4870 3.8095e+00     0.1212      0.000    1482.10     76.857     7.1968 140.392701     5.0359      0.046  0.000e+00
      0.057    11.4039    24.4212    18.4882 3.8217e+00     0.1212      0.000    1482.10     76.864     7.1975 140.392701     5.0364      0.058  0.000e+00
      0.044    11.4033    24.4229    18.4896 3.8339e+00     0.1212      0.000    1482.10     76.813     7.1927 140.392702     5.0330      0.045  0.000e+00
      0.046    11.4032    24.4239    18.4905 3.8584e+00     0.1212      0.004    1482.10     76.823     7.1936 140.392702     5.0337      0.046  0.000e+00
      0.057    11.4027    24.4254    18.4917 3.8828e+00     0.1212      0.000    1482.10     76.776     7.1892 140.392703     5.0306      0.058  0.000e+00
      0.057    11.4027    24.4271    18.4930 3.9072e+00     0.1212      0.004    1482.10     76.784     7.1899 140.392703     5.0310      0.058  0.000e+00
      0.044    11.4027    24.4279    18.4936 3.9560e+00     0.1212      0.004    1482.11     76.739     7.1857 140.392704     5.0281      0.045  0.000e+00
      0.046    11.4029    24.4283    18.4939 4.0293e+00     0.1212      0.000    1482.11     76.691     7.1811 140.392704     5.0249      0.046  0.000e+00
      0.057    11.4039    24.4286    18.4940 4.0904e+00     0.1212      0.000    1482.11     76.698     7.1816 140.392704     5.0253      0.058  0.000e+00
      0.046    11.4040    24.4292    18.4944 4.0904e+00     0.1212      0.000    1482.11     76.653     7.1774 140.392705     5.0223      0.046  0.000e+00
      0.056    11.4033    24.4303    18.4953 4.0781e+00     0.1212      0.000    1482.11     76.664     7.1785 140.392705     5.0231      0.056  0.000e+00
      0.046    11.4029    24.4310    18.4960 4.0781e+00     0.1212      0.000    1482.11     76.616     7.1740 140.392706     5.0199      0.046  0.000e+00
      0.046    11.4027    24.4317    18.4965 4.0659e+00     0.1212      0.000    1482.11     76.564     7.1691 140.392706     5.0165      0.046  0.000e+00
      0.044    11.4021    24.4329    18.4976 4.0537e+00     0.1212      0.000    1482.11     76.574     7.1700 140.392707     5.0172      0.045  0.000e+00
      0.057    11.4019    24.4332    18.4978 4.0659e+00     0.1200      0.000    1482.11     76.525     7.1655 140.392707     5.0140      0.058  0.000e+00
      0.046    11.4010    24.4342    18.4988 4.0781e+00     0.1212      0.000    1482.11     76.531     7.1662 140.392708     5.0145      0.046  0.000e+00
      0.046    11.4006    24.4351    18.4995 4.0781e+00     0.1212      0.000    1482.11     76.485     7.1619 140.392708     5.0115      0.046  0.000e+00
      0.056    11.4000    24.4358    18.5001 4.0781e+00     0.1212      0.000    1482.11     76.495     7.1629 140.392709     5.0122      0.056  0.000e+00
      0.033    11.3995    24.4365    18.5008 4.0904e+00     0.1212      0.000    1482.10     76.445     7.1583 140.392709     5.0089      0.033  0.000e+00
      0.057    11.3988    24.4370    18.5013 4.0904e+00     0.1212      0.000    1482.10     76.458     7.1595 140.392710     5.0098      0.058  0.000e+00
      0.044    11.3979    24.4379    18.5021 4.0781e+00     0.1212      0.000    1482.10     76.411     7.1553 140.392710     5.0068      0.045  0.000e+00
      0.046    11.3969    24.4386    18.5028 4.0781e+00     0.1212      0.004    1482.10     76.360     7.1506 140.392711     5.0036      0.046  0.000e+00
      0.046    11.3957    24.4395    18.5037 4.0781e+00     0.1212      0.000    1482.09     76.370     7.1517 140.392711     5.0043      0.046  0.000e+00
      0.046    11.3946    24.4404    18.5046 4.1026e+00     0.1212      0.000    1482.09     76.382     7.1529 140.392712     5.0052      0.046  0.000e+00
      0.044    11.3934    24.4411    18.5053 4.1026e+00     0.1212      0.000    1482.09     76.334     7.1486 140.392712     5.0022      0.045  0.000e+00
      0.046    11.3931    24.4414    18.5057 4.0781e+00     0.1212      0.000    1482.09     76.288     7.1443 140.392713     4.9992      0.046  0.000e+00
      0.046    11.3926    24.4417    18.5060 4.0659e+00     0.1212      0.000    1482.09     76.297     7.1452 140.392713     4.9998      0.046  0.000e+00
      0.033    11.3926    24.4415    18.5058 4.0659e+00     0.1212      0.000    1482.09     76.307     7.1462 140.392714     5.0005      0.033  0.000e+00
      0.044    11.3924    24.4417    18.5060 4.0904e+00     0.1212      0.000    1482.09     76.258     7.1416 140.392714     4.9973      0.045  0.000e+00
      0.046    11.3924    24.4417    18.5060 4.1392e+00     0.1212      0.000    1482.09     76.210     7.1371 140.392715     4.9941      0.046  0.000e+00
      0.046    11.3924    24.4421    18.5063 4.1636e+00     0.1212      0.000    1482.09     76.217     7.1377 140.392715     4.9945      0.046  0.000e+00
      0.044    11.3926    24.4420    18.5062 4.1270e+00     0.1212      0.000    1482.09     76.171     7.1334 140.392716     4.9915      0.045  0.000e+00
      0.033    11.3913    24.4431    18.5073 4.0659e+00     0.1212      0.000    1482.08     76.173     7.1337 140.392716     4.9918      0.033  0.000e+00
      0.046    11.3877    24.4457    18.5098 4.0171e+00     0.1212      0.000    1482.07     76.122     7.1294 140.392717     4.9887      0.046  0.000e+00
      0.046    11.3840    24.4483    18.5125 3.9927e+00     0.1212      0.000    1482.06     76.132     7.1308 140.392717     4.9897      0.046  0.000e+00
      0.031    11.3803    24.4508    18.5150 3.9927e+00     0.1212      0.000    1482.05     76.143     7.1323 140.392717     4.9908      0.032  0.000e+00
      0.046    11.3779    24.4525    18.5167 3.9927e+00     0.1212      0.000    1482.05     76.095     7.1280 140.392718     4.9878      0.046  0.000e+00
      0.033    11.3763    24.4539    18.5181 3.9927e+00     0.1212      0.000    1482.04     76.107     7.1294 140.392718     4.9887      0.033  0.000e+00
      0.046    11.3746    24.4554    18.5195 3.9927e+00     0.1212      0.000    1482.04     76.060     7.1251 140.392719     4.9858      0.046  0.000e+00
      0.044    11.3730    24.4569    18.5210 4.0171e+00     0.1212      0.000    1482.03     76.067     7.1260 140.392719     4.9863      0.045  0.000e+00
      0.033    11.3707    24.4589    18.5228 4.0171e+00     0.1212      0.000    1482.03     76.020     7.1219 140.392720     4.9835      0.033  0.000e+00
      0.046    11.3666    24.4620    18.5259 4.0293e+00     0.1212      0.000    1482.02     76.029     7.1232 140.392720     4.9844      0.046  0.000e+00
      0.031    11.3624    24.4655    18.5293 4.0293e+00     0.1212      0.000    1482.01     76.037     7.1245 140.392721     4.9853      0.032  0.000e+00
      0.046    11.3588    24.4683    18.5321 4.0293e+00     0.1212      0.000    1482.00     75.992     7.1207 140.392721     4.9826      0.046  0.000e+00
      0.033    11.3571    24.4699    18.5336 4.0415e+00     0.1212      0.000    1481.99     76.007     7.1223 140.392722     4.9837      0.033  0.000e+00
      0.046    11.3553    24.4716    18.5352 4.0659e+00     0.1212      0.000    1481.99     75.963     7.1183 140.392722     4.9810      0.046  0.000e+00
      0.031    11.3524    24.4741    18.5376 4.0781e+00     0.1212      0.000    1481.98     75.972     7.1195 140.392723     4.9818      0.032  0.000e+00
