Aq3_200519_down.cnv
* Sea-Bird SBE 9 Data File:
* FileName = C:\CTD Brukere\NIVA\IO2019\20190520\Aq3_200519.hex
* Software Version Seasave V 7.23.2
* Temperature SN = 5352
* Conductivity SN = 3840
* Number of Bytes Per Scan = 28
* Number of Voltage Words = 4
* Number of Scans Averaged by the Deck Unit = 1
* NMEA baud rate = 4800
** Ship: R/V Trygve Braarud
** Cruise:
** Station:
** Operator:
# nquan = 14
# nvalues = 998                                   
# units = specified
# name 0 = depSM: Depth [salt water, m], lat = 59.60
# name 1 = t090C: Temperature [ITS-90, deg C]
# name 2 = sal00: Salinity, Practical [PSU]
# name 3 = sigma-t00: Density [sigma-t, kg/m^3 ]
# name 4 = flSP: Fluorescence, Seapoint
# name 5 = wetStar: Fluorescence, WET Labs WETstar [mg/m^3]
# name 6 = seaTurbMtr: Turbidity, Seapoint [FTU]
# name 7 = svCM: Sound Velocity [Chen-Millero, m/s]
# name 8 = sbeox0PS: Oxygen, SBE 43 [% saturation]
# name 9 = sbeox0Mg/L: Oxygen, SBE 43 [mg/l]
# name 10 = timeJ: Julian Days
# name 11 = sbeox0ML/L: Oxygen, SBE 43 [ml/l]
# name 12 = prDM: Pressure, Digiquartz [db]
# name 13 = flag:  0.000e+00
# span 0 =      0.008,      5.581                 
# span 1 =     9.5920,    11.4367                 
# span 2 =    24.3284,    27.2847                 
# span 3 =    18.4267,    20.9974                 
# span 4 = 2.7106e+00, 5.5800e+00                 
# span 5 =     0.1200,     0.1298                 
# span 6 =      0.000,      0.048                 
# span 7 =    1479.05,    1482.74                 
# span 8 =     74.292,     95.956                 
# span 9 =     6.9659,     9.0654                 
# span 10 = 140.392674, 140.393154                
# span 11 =     4.8743,     6.3434                
# span 12 =      0.008,      5.634                
# span 13 = 0.0000e+00, 0.0000e+00                
# interval = seconds: 0.0416667
# start_time = May 20 2019 09:25:27 [System UpLoad Time]
# bad_flag = -9.990e-29
*END*
[from data line 413]
      0.068    11.2569    25.0221    18.9780 4.4811e+00     0.1237      0.011    1482.29     91.944     8.6043 140.392873     6.0208      0.069  0.000e+00
      0.057    11.2561    25.0203    18.9767 4.5177e+00     0.1237      0.007    1482.29     91.932     8.6034 140.392873     6.0202      0.058  0.000e+00
      0.046    11.2549    25.0178    18.9749 4.5299e+00     0.1237      0.011    1482.28     91.868     8.5978 140.392874     6.0162      0.046  0.000e+00
      0.057    11.2556    25.0142    18.9720 4.5421e+00     0.1249      0.011    1482.28     91.859     8.5970 140.392874     6.0157      0.058  0.000e+00
      0.068    11.2574    25.0059    18.9653 4.5788e+00     0.1249      0.007    1482.28     91.906     8.6015 140.392875     6.0188      0.069  0.000e+00
      0.057    11.2584    25.0002    18.9607 4.5910e+00     0.1249      0.011    1482.27     91.840     8.5954 140.392875     6.0146      0.058  0.000e+00
      0.057    11.2590    24.9977    18.9587 4.5910e+00     0.1237      0.007    1482.27     91.835     8.5950 140.392876     6.0143      0.058  0.000e+00
      0.068    11.2604    24.9958    18.9570 4.5910e+00     0.1249      0.007    1482.28     91.765     8.5883 140.392876     6.0096      0.069  0.000e+00
      0.057    11.2628    24.9959    18.9566 4.5665e+00     0.1237      0.011    1482.28     91.811     8.5921 140.392877     6.0123      0.058  0.000e+00
      0.057    11.2658    24.9985    18.9582 4.5177e+00     0.1237      0.011    1482.30     91.804     8.5908 140.392877     6.0113      0.058  0.000e+00
      0.057    11.2710    24.9991    18.9579 4.4567e+00     0.1249      0.011    1482.32     91.798     8.5893 140.392878     6.0103      0.058  0.000e+00
      0.068    11.2733    25.0003    18.9584 4.3590e+00     0.1237      0.007    1482.33     91.794     8.5884 140.392878     6.0097      0.069  0.000e+00
      0.057    11.2732    25.0037    18.9610 4.2613e+00     0.1237      0.007    1482.33     91.791     8.5879 140.392879     6.0093      0.058  0.000e+00
      0.057    11.2726    25.0062    18.9630 4.1514e+00     0.1237      0.011    1482.33     91.729     8.5821 140.392879     6.0053      0.058  0.000e+00
      0.057    11.2717    25.0078    18.9644 4.1026e+00     0.1237      0.011    1482.33     91.783     8.5872 140.392880     6.0088      0.058  0.000e+00
      0.068    11.2696    25.0089    18.9656 4.1026e+00     0.1237      0.011    1482.32     91.724     8.5820 140.392880     6.0052      0.069  0.000e+00
      0.057    11.2674    25.0075    18.9649 4.1148e+00     0.1237      0.007    1482.31     91.720     8.5822 140.392880     6.0053      0.058  0.000e+00
      0.057    11.2641    25.0035    18.9623 4.1392e+00     0.1249      0.007    1482.30     91.718     8.5828 140.392881     6.0058      0.058  0.000e+00
      0.055    11.2615    25.0009    18.9607 4.1514e+00     0.1249      0.011    1482.29     91.718     8.5834 140.392881     6.0062      0.056  0.000e+00
      0.057    11.2594    24.9980    18.9588 4.1636e+00     0.1237      0.007    1482.27     91.719     8.5841 140.392882     6.0066      0.058  0.000e+00
      0.057    11.2590    24.9927    18.9548 4.1636e+00     0.1237      0.007    1482.27     91.721     8.5846 140.392882     6.0070      0.058  0.000e+00
      0.057    11.2591    24.9899    18.9526 4.1636e+00     0.1249      0.011    1482.26     91.725     8.5852 140.392883     6.0074      0.058  0.000e+00
      0.055    11.2579    24.9898    18.9527 4.1758e+00     0.1237      0.007    1482.26     91.731     8.5859 140.392883     6.0079      0.056  0.000e+00
      0.046    11.2569    24.9912    18.9540 4.2125e+00     0.1237      0.007    1482.26     91.738     8.5867 140.392884     6.0085      0.046  0.000e+00
      0.057    11.2566    24.9934    18.9557 4.2613e+00     0.1237      0.011    1482.26     91.747     8.5874 140.392884     6.0090      0.058  0.000e+00
      0.046    11.2563    25.0003    18.9611 4.3101e+00     0.1237      0.011    1482.27     91.757     8.5881 140.392885     6.0094      0.046  0.000e+00
      0.068    11.2556    25.0092    18.9681 4.3346e+00     0.1237      0.011    1482.27     91.762     8.5882 140.392885     6.0095      0.069  0.000e+00
      0.046    11.2547    25.0187    18.9757 4.3712e+00     0.1237      0.007    1482.28     91.769     8.5885 140.392886     6.0097      0.046  0.000e+00
      0.057    11.2546    25.0286    18.9834 4.3712e+00     0.1237      0.011    1482.29     91.777     8.5887 140.392886     6.0099      0.058  0.000e+00
      0.044    11.2554    25.0350    18.9881 4.3468e+00     0.1249      0.011    1482.30     91.786     8.5890 140.392887     6.0101      0.044  0.000e+00
      0.057    11.2553    25.0416    18.9933 4.3101e+00     0.1237      0.007    1482.31     91.796     8.5897 140.392887     6.0106      0.058  0.000e+00
      0.046    11.2546    25.0462    18.9970 4.2491e+00     0.1237      0.011    1482.31     91.808     8.5907 140.392888     6.0112      0.046  0.000e+00
      0.046    11.2546    25.0492    18.9993 4.2002e+00     0.1237      0.007    1482.32     91.821     8.5917 140.392888     6.0120      0.046  0.000e+00
      0.044    11.2559    25.0510    19.0005 4.2002e+00     0.1237      0.007    1482.33     91.829     8.5921 140.392889     6.0122      0.044  0.000e+00
      0.046    11.2576    25.0513    19.0005 4.2002e+00     0.1237      0.011    1482.33     91.844     8.5932 140.392889     6.0130      0.046  0.000e+00
      0.046    11.2581    25.0530    19.0017 4.2125e+00     0.1237      0.007    1482.34     91.854     8.5940 140.392890     6.0136      0.046  0.000e+00
      0.008    11.2566    25.0551    19.0036 4.2491e+00     0.1237      0.007    1482.33     91.865     8.5951 140.392890     6.0144      0.009  0.000e+00
      0.093    11.2548    25.0569    19.0053 4.2979e+00     0.1249      0.011    1482.33     91.878     8.5966 140.392891     6.0154      0.093  0.000e+00
      0.033    11.2533    25.0583    19.0066 4.3223e+00     0.1237      0.007    1482.32     91.891     8.5980 140.392891     6.0164      0.033  0.000e+00
      0.046    11.2540    25.0577    19.0060 4.3223e+00     0.1237      0.011    1482.33     91.905     8.5992 140.392892     6.0172      0.046  0.000e+00
      0.031    11.2554    25.0575    19.0056 4.3223e+00     0.1237      0.007    1482.33     91.914     8.5998 140.392892     6.0176      0.031  0.000e+00
      0.046    11.2559    25.0575    19.0056 4.3712e+00     0.1237      0.007    1482.33     91.923     8.6006 140.392893     6.0182      0.046  0.000e+00
      0.046    11.2553    25.0581    19.0061 4.4078e+00     0.1237      0.011    1482.33     91.934     8.6017 140.392893     6.0189      0.046  0.000e+00
      0.033    11.2546    25.0586    19.0066 4.4322e+00     0.1237      0.007    1482.33     91.945     8.6028 140.392894     6.0197      0.033  0.000e+00
      0.044    11.2537    25.0590    19.0071 4.4322e+00     0.1249      0.007    1482.33     91.957     8.6041 140.392894     6.0206      0.044  0.000e+00
      0.046    11.2530    25.0591    19.0072 4.4200e+00     0.1249      0.007    1482.32     91.970     8.6054 140.392894     6.0216      0.046  0.000e+00
      0.033    11.2523    25.0595    19.0077 4.3956e+00     0.1237      0.011    1482.32     91.977     8.6062 140.392895     6.0221      0.033  0.000e+00
      0.044    11.2521    25.0597    19.0079 4.3956e+00     0.1249      0.011    1482.32     91.985     8.6069 140.392895     6.0226      0.044  0.000e+00
      0.033    11.2519    25.0602    19.0083 4.3712e+00     0.1237      0.007    1482.32     91.993     8.6077 140.392896     6.0232      0.033  0.000e+00
      0.033    11.2519    25.0600    19.0081 4.3590e+00     0.1237      0.007    1482.32     92.001     8.6085 140.392896     6.0237      0.033  0.000e+00
      0.033    11.2520    25.0598    19.0080 4.3712e+00     0.1237      0.011    1482.32     92.010     8.6094 140.392897     6.0243      0.033  0.000e+00
      0.044    11.2520    25.0600    19.0081 4.3834e+00     0.1237      0.007    1482.32     92.014     8.6097 140.392897     6.0245      0.044  0.000e+00
      0.033    11.2520    25.0596    19.0078 4.4078e+00     0.1237      0.007    1482.32     92.017     8.6100 140.392898     6.0248      0.033  0.000e+00
      0.046    11.2525    25.0590    19.0073 4.4200e+00     0.1249      0.011    1482.32     92.028     8.6109 140.392898     6.0254      0.046  0.000e+00
      0.021    11.2527    25.0582    19.0066 4.4078e+00     0.1237      0.007    1482.32     91.971     8.6057 140.392899     6.0217      0.022  0.000e+00
      0.044    11.2529    25.0581    19.0065 4.3590e+00     0.1249      0.011    1482.32     91.970     8.6056 140.392899     6.0217      0.044  0.000e+00
      0.033    11.2530    25.0577    19.0062 4.3101e+00     0.1237      0.007    1482.32     92.023     8.6105 140.392900     6.0251      0.033  0.000e+00
      0.046    11.2527    25.0570    19.0057 4.2613e+00     0.1237      0.007    1482.32     91.969     8.6055 140.392900     6.0216      0.046  0.000e+00
      0.020    11.2527    25.0570    19.0057 4.2369e+00     0.1249      0.011    1482.32     92.028     8.6111 140.392901     6.0255      0.020  0.000e+00
      0.046    11.2520    25.0571    19.0059 4.2247e+00     0.1237      0.007    1482.32     92.035     8.6118 140.392901     6.0260      0.046  0.000e+00
      0.046    11.2519    25.0568    19.0057 4.1880e+00     0.1237      0.011    1482.32     92.041     8.6124 140.392902     6.0265      0.046  0.000e+00
      0.033    11.2516    25.0575    19.0063 4.1758e+00     0.1237      0.011    1482.32     92.047     8.6130 140.392902     6.0269      0.033  0.000e+00
      0.044    11.2510    25.0587    19.0073 4.1758e+00     0.1237      0.007    1482.32     92.048     8.6131 140.392903     6.0270      0.044  0.000e+00
      0.021    11.2502    25.0598    19.0083 4.1880e+00     0.1237      0.011    1482.31     92.055     8.6138 140.392903     6.0275      0.022  0.000e+00
      0.046    11.2506    25.0601    19.0084 4.1758e+00     0.1237      0.007    1482.32     92.056     8.6139 140.392904     6.0275      0.046  0.000e+00
      0.044    11.2509    25.0602    19.0085 4.1636e+00     0.1237      0.007    1482.32     92.057     8.6139 140.392904     6.0275      0.044  0.000e+00
      0.033    11.2512    25.0605    19.0086 4.1758e+00     0.1237      0.011    1482.32     92.057     8.6139 140.392905     6.0275      0.033  0.000e+00
      0.046    11.2516    25.0607    19.0088 4.1880e+00     0.1237      0.007    1482.32     92.058     8.6139 140.392905     6.0275      0.046  0.000e+00
      0.033    11.2515    25.0617    19.0095 4.2002e+00     0.1237      0.007    1482.32     92.059     8.6139 140.392906     6.0275      0.033  0.000e+00
      0.044    11.2519    25.0619    19.0096 4.2369e+00     0.1237      0.007    1482.32     92.060     8.6139 140.392906     6.0275      0.044  0.000e+00
      0.033    11.2521    25.0622    19.0098 4.2857e+00     0.1237      0.007    1482.32     92.060     8.6139 140.392907     6.0275      0.033  0.000e+00
      0.046    11.2525    25.0628    19.0102 4.3223e+00     0.1237      0.011    1482.33     92.061     8.6138 140.392907     6.0275      0.046  0.000e+00
      0.033    11.2520    25.0638    19.0111 4.3590e+00     0.1237      0.007    1482.33     92.062     8.6139 140.392908     6.0275      0.033  0.000e+00
      0.044    11.2525    25.0640    19.0111 4.3712e+00     0.1237      0.007    1482.33     92.063     8.6139 140.392908     6.0275      0.044  0.000e+00
      0.033    11.2522    25.0649    19.0119 4.3834e+00     0.1237      0.011    1482.33     92.063     8.6140 140.392908     6.0276      0.033  0.000e+00
      0.033    11.2525    25.0651    19.0120 4.4078e+00     0.1249      0.007    1482.33     92.064     8.6140 140.392909     6.0276      0.033  0.000e+00
      0.031    11.2523    25.0659    19.0126 4.4322e+00     0.1249      0.011    1482.33     92.065     8.6141 140.392909     6.0276      0.031  0.000e+00
      0.033    11.2530    25.0656    19.0123 4.4567e+00     0.1237      0.011    1482.33     92.066     8.6140 140.392910     6.0276      0.033  0.000e+00
      0.033    11.2535    25.0653    19.0120 4.4933e+00     0.1237      0.007    1482.33     92.066     8.6140 140.392910     6.0276      0.033  0.000e+00
      0.033    11.2553    25.0641    19.0108 4.5177e+00     0.1249      0.011    1482.34     92.067     8.6138 140.392911     6.0274      0.033  0.000e+00
      0.031    11.2566    25.0635    19.0101 4.5299e+00     0.1237      0.007    1482.34     92.068     8.6137 140.392911     6.0273      0.031  0.000e+00
      0.033    11.2574    25.0632    19.0097 4.5421e+00     0.1237      0.011    1482.34     92.069     8.6136 140.392912     6.0273      0.033  0.000e+00
      0.033    11.2574    25.0635    19.0100 4.5421e+00     0.1237      0.007    1482.35     92.069     8.6137 140.392912     6.0273      0.033  0.000e+00
      0.031    11.2568    25.0643    19.0107 4.5543e+00     0.1237      0.007    1482.34     92.070     8.6138 140.392913     6.0274      0.031  0.000e+00
      0.033    11.2564    25.0648    19.0111 4.5543e+00     0.1237      0.011    1482.34     92.071     8.6139 140.392913     6.0275      0.033  0.000e+00
      0.033    11.2568    25.0648    19.0111 4.5543e+00     0.1237      0.007    1482.34     92.072     8.6139 140.392914     6.0275      0.033  0.000e+00
      0.033    11.2569    25.0648    19.0110 4.5421e+00     0.1237      0.007    1482.35     92.072     8.6140 140.392914     6.0275      0.033  0.000e+00
      0.031    11.2564    25.0651    19.0114 4.5421e+00     0.1249      0.011    1482.34     92.073     8.6141 140.392915     6.0276      0.031  0.000e+00
      0.033    11.2564    25.0651    19.0114 4.4933e+00     0.1237      0.007    1482.34     92.074     8.6142 140.392915     6.0277      0.033  0.000e+00
      0.033    11.2566    25.0646    19.0109 4.4078e+00     0.1237      0.011    1482.34     92.075     8.6142 140.392916     6.0277      0.033  0.000e+00
      0.033    11.2569    25.0641    19.0105 4.3468e+00     0.1249      0.011    1482.34     92.075     8.6143 140.392916     6.0278      0.033  0.000e+00
      0.044    11.2572    25.0630    19.0096 4.3101e+00     0.1237      0.007    1482.34     92.076     8.6144 140.392917     6.0278      0.044  0.000e+00
      0.033    11.2571    25.0622    19.0090 4.2735e+00     0.1237      0.011    1482.34     92.077     8.6145 140.392917     6.0279      0.033  0.000e+00
      0.046    11.2571    25.0618    19.0087 4.2491e+00     0.1237      0.007    1482.34     92.078     8.6146 140.392918     6.0280      0.046  0.000e+00
      0.031    11.2563    25.0614    19.0085 4.2247e+00     0.1249      0.011    1482.34     92.078     8.6148 140.392918     6.0282      0.031  0.000e+00
      0.046    11.2557    25.0617    19.0088 4.2125e+00     0.1237      0.011    1482.34     92.079     8.6150 140.392919     6.0283      0.046  0.000e+00
      0.046    11.2554    25.0615    19.0087 4.2247e+00     0.1237      0.007    1482.34     92.080     8.6152 140.392919     6.0284      0.046  0.000e+00
      0.046    11.2549    25.0615    19.0088 4.2247e+00     0.1249      0.011    1482.33     92.081     8.6153 140.392920     6.0285      0.046  0.000e+00
      0.044    11.2547    25.0610    19.0085 4.2369e+00     0.1249      0.011    1482.33     92.022     8.6098 140.392920     6.0247      0.044  0.000e+00
      0.046    11.2548    25.0606    19.0081 4.2491e+00     0.1237      0.007    1482.33     92.077     8.6150 140.392921     6.0283      0.046  0.000e+00
      0.046    11.2545    25.0603    19.0080 4.2369e+00     0.1237      0.011    1482.33     92.017     8.6095 140.392921     6.0244      0.046  0.000e+00
      0.046    11.2543    25.0601    19.0078 4.2613e+00     0.1237      0.007    1482.33     92.073     8.6147 140.392921     6.0281      0.046  0.000e+00
      0.055    11.2553    25.0586    19.0065 4.2857e+00     0.1249      0.007    1482.33     92.014     8.6092 140.392922     6.0242      0.056  0.000e+00
