Aq3_200519_down.cnv
* Sea-Bird SBE 9 Data File:
* FileName = C:\CTD Brukere\NIVA\IO2019\20190520\Aq3_200519.hex
* Software Version Seasave V 7.23.2
* Temperature SN = 5352
* Conductivity SN = 3840
* Number of Bytes Per Scan = 28
* Number of Voltage Words = 4
* Number of Scans Averaged by the Deck Unit = 1
* NMEA baud rate = 4800
** Ship: R/V Trygve Braarud
** Cruise:
** Station:
** Operator:
# nquan = 14
# nvalues = 998                                   
# units = specified
# name 0 = depSM: Depth [salt water, m], lat = 59.60
# name 1 = t090C: Temperature [ITS-90, deg C]
# name 2 = sal00: Salinity, Practical [PSU]
# name 3 = sigma-t00: Density [sigma-t, kg/m^3 ]
# name 4 = flSP: Fluorescence, Seapoint
# name 5 = wetStar: Fluorescence, WET Labs WETstar [mg/m^3]
# name 6 = seaTurbMtr: Turbidity, Seapoint [FTU]
# name 7 = svCM: Sound Velocity [Chen-Millero, m/s]
# name 8 = sbeox0PS: Oxygen, SBE 43 [% saturation]
# name 9 = sbeox0Mg/L: Oxygen, SBE 43 [mg/l]
# name 10 = timeJ: Julian Days
# name 11 = sbeox0ML/L: Oxygen, SBE 43 [ml/l]
# name 12 = prDM: Pressure, Digiquartz [db]
# name 13 = flag:  0.000e+00
# span 0 =      0.008,      5.581                 
# span 1 =     9.5920,    11.4367                 
# span 2 =    24.3284,    27.2847                 
# span 3 =    18.4267,    20.9974                 
# span 4 = 2.7106e+00, 5.5800e+00                 
# span 5 =     0.1200,     0.1298                 
# span 6 =      0.000,      0.048                 
# span 7 =    1479.05,    1482.74                 
# span 8 =     74.292,     95.956                 
# span 9 =     6.9659,     9.0654                 
# span 10 = 140.392674, 140.393154                
# span 11 =     4.8743,     6.3434                
# span 12 =      0.008,      5.634                
# span 13 = 0.0000e+00, 0.0000e+00                
# interval = seconds: 0.0416667
# start_time = May 20 2019 09:25:27 [System UpLoad Time]
# bad_flag = -9.990e-29
*END*
[from data line 826]
      3.756    10.4636    26.4851    20.2409 4.9328e+00     0.1249      0.015    1481.25     95.919     9.0486 140.393072     6.3317      3.791  0.000e+00
      3.756    10.4605    26.4882    20.2438 4.9328e+00     0.1249      0.011    1481.24     95.847     9.0422 140.393072     6.3272      3.791  0.000e+00
      3.780    10.4581    26.4906    20.2460 4.9084e+00     0.1249      0.011    1481.24     95.887     9.0464 140.393073     6.3301      3.816  0.000e+00
      3.793    10.4536    26.4949    20.2501 4.8718e+00     0.1249      0.011    1481.23     95.938     9.0518 140.393073     6.3339      3.829  0.000e+00
      3.816    10.4490    26.4991    20.2541 4.8230e+00     0.1249      0.015    1481.21     95.872     9.0462 140.393074     6.3300      3.852  0.000e+00
      3.829    10.4426    26.5050    20.2597 4.7863e+00     0.1249      0.011    1481.20     95.857     9.0458 140.393074     6.3297      3.865  0.000e+00
      3.829    10.4356    26.5110    20.2654 4.7375e+00     0.1249      0.011    1481.18     95.907     9.0516 140.393075     6.3337      3.865  0.000e+00
      3.863    10.4298    26.5155    20.2698 4.7009e+00     0.1249      0.011    1481.16     95.901     9.0519 140.393075     6.3340      3.899  0.000e+00
      3.876    10.4222    26.5222    20.2763 4.6398e+00     0.1249      0.011    1481.14     95.832     9.0465 140.393076     6.3302      3.912  0.000e+00
      3.876    10.4122    26.5295    20.2835 4.5910e+00     0.1237      0.011    1481.12     95.875     9.0521 140.393076     6.3341      3.912  0.000e+00
      3.911    10.4000    26.5378    20.2919 4.5788e+00     0.1249      0.011    1481.08     95.863     9.0529 140.393077     6.3347      3.948  0.000e+00
      3.911    10.3889    26.5443    20.2987 4.5421e+00     0.1249      0.011    1481.05     95.854     9.0539 140.393077     6.3354      3.948  0.000e+00
      3.948    10.3808    26.5491    20.3036 4.4811e+00     0.1249      0.015    1481.03     95.843     9.0542 140.393078     6.3356      3.986  0.000e+00
      3.948    10.3722    26.5546    20.3093 4.4322e+00     0.1249      0.011    1481.00     95.830     9.0543 140.393078     6.3357      3.986  0.000e+00
      3.960    10.3637    26.5607    20.3154 4.3468e+00     0.1249      0.015    1480.98     95.814     9.0542 140.393079     6.3356      3.997  0.000e+00
      3.994    10.3574    26.5646    20.3194 4.2613e+00     0.1249      0.011    1480.96     95.804     9.0542 140.393079     6.3356      4.032  0.000e+00
      3.995    10.3549    26.5661    20.3209 4.2125e+00     0.1249      0.011    1480.95     95.791     9.0534 140.393080     6.3350      4.033  0.000e+00
      4.020    10.3487    26.5701    20.3250 4.1880e+00     0.1249      0.011    1480.94     95.776     9.0530 140.393080     6.3348      4.058  0.000e+00
      4.031    10.3348    26.5784    20.3337 4.1636e+00     0.1249      0.015    1480.90     95.767     9.0544 140.393081     6.3358      4.069  0.000e+00
      4.044    10.3200    26.5889    20.3441 4.1636e+00     0.1261      0.011    1480.86     95.756     9.0557 140.393081     6.3367      4.082  0.000e+00
      4.079    10.3057    26.6003    20.3552 4.1636e+00     0.1249      0.015    1480.82     95.743     9.0567 140.393082     6.3374      4.118  0.000e+00
      4.079    10.2922    26.6118    20.3663 4.1880e+00     0.1249      0.011    1480.78     95.729     9.0574 140.393082     6.3378      4.118  0.000e+00
      4.115    10.2790    26.6228    20.3769 4.1880e+00     0.1249      0.011    1480.75     95.720     9.0585 140.393083     6.3386      4.154  0.000e+00
      4.113    10.2694    26.6298    20.3839 4.1880e+00     0.1249      0.011    1480.72     95.709     9.0590 140.393083     6.3390      4.152  0.000e+00
      4.126    10.2616    26.6348    20.3889 4.2125e+00     0.1249      0.011    1480.70     95.696     9.0591 140.393084     6.3390      4.166  0.000e+00
      4.162    10.2543    26.6402    20.3943 4.2369e+00     0.1249      0.011    1480.68     95.683     9.0590 140.393084     6.3390      4.202  0.000e+00
      4.162    10.2433    26.6483    20.4023 4.4811e+00     0.1249      0.011    1480.65     95.668     9.0593 140.393084     6.3392      4.202  0.000e+00
      4.186    10.2310    26.6575    20.4114 4.8352e+00     0.1249      0.011    1480.62     95.659     9.0604 140.393085     6.3399      4.226  0.000e+00
      4.211    10.2203    26.6658    20.4195 4.7619e+00     0.1237      0.015    1480.59     95.649     9.0610 140.393085     6.3404      4.251  0.000e+00
      4.222    10.2089    26.6754    20.4287 4.5665e+00     0.1249      0.011    1480.56     95.637     9.0617 140.393086     6.3408      4.262  0.000e+00
      4.233    10.1992    26.6830    20.4361 4.4078e+00     0.1249      0.011    1480.53     95.624     9.0620 140.393086     6.3410      4.273  0.000e+00
      4.257    10.1913    26.6889    20.4420 4.2979e+00     0.1249      0.011    1480.51     95.617     9.0625 140.393087     6.3414      4.298  0.000e+00
      4.270    10.1851    26.6939    20.4468 4.2247e+00     0.1249      0.011    1480.49     95.609     9.0627 140.393087     6.3416      4.311  0.000e+00
      4.293    10.1817    26.6971    20.4498 4.1880e+00     0.1249      0.015    1480.49     95.600     9.0623 140.393088     6.3413      4.334  0.000e+00
      4.306    10.1793    26.6995    20.4521 4.1636e+00     0.1249      0.011    1480.48     95.590     9.0618 140.393088     6.3409      4.347  0.000e+00
      4.330    10.1764    26.7022    20.4546 4.0781e+00     0.1249      0.015    1480.47     95.519     9.0554 140.393089     6.3365      4.371  0.000e+00
      4.342    10.1712    26.7069    20.4591 3.9927e+00     0.1249      0.011    1480.46     95.569     9.0609 140.393089     6.3403      4.383  0.000e+00
      4.351    10.1626    26.7142    20.4661 3.9316e+00     0.1261      0.015    1480.44     95.503     9.0560 140.393090     6.3369      4.393  0.000e+00
      4.389    10.1518    26.7240    20.4754 3.8828e+00     0.1249      0.015    1480.41     95.492     9.0566 140.393090     6.3372      4.430  0.000e+00
      4.402    10.1384    26.7352    20.4862 3.8462e+00     0.1249      0.011    1480.37     95.481     9.0575 140.393091     6.3379      4.443  0.000e+00
      4.413    10.1224    26.7481    20.4987 3.7973e+00     0.1249      0.011    1480.33     95.469     9.0588 140.393091     6.3388      4.455  0.000e+00
      4.426    10.1047    26.7617    20.5120 3.7607e+00     0.1249      0.011    1480.28     95.457     9.0604 140.393092     6.3400      4.468  0.000e+00
      4.461    10.0908    26.7731    20.5231 3.7118e+00     0.1249      0.011    1480.25     95.445     9.0614 140.393092     6.3406      4.504  0.000e+00
      4.460    10.0791    26.7842    20.5335 3.6874e+00     0.1249      0.015    1480.22     95.432     9.0619 140.393093     6.3410      4.502  0.000e+00
      4.497    10.0678    26.7941    20.5429 3.6752e+00     0.1249      0.011    1480.19     95.359     9.0566 140.393093     6.3373      4.540  0.000e+00
      4.508    10.0584    26.8031    20.5514 3.6630e+00     0.1249      0.011    1480.16     95.339     9.0561 140.393094     6.3369      4.551  0.000e+00
      4.521    10.0498    26.8108    20.5587 3.5775e+00     0.1249      0.011    1480.14     95.326     9.0561 140.393094     6.3370      4.564  0.000e+00
      4.544    10.0394    26.8193    20.5669 3.4554e+00     0.1249      0.015    1480.12     95.314     9.0566 140.393095     6.3372      4.587  0.000e+00
      4.557    10.0195    26.8351    20.5822 3.3578e+00     0.1249      0.011    1480.06     95.295     9.0578 140.393095     6.3381      4.600  0.000e+00
      4.580     9.9955    26.8544    20.6010 3.2234e+00     0.1249      0.011    1480.00     95.283     9.0604 140.393096     6.3400      4.623  0.000e+00
      4.593     9.9723    26.8739    20.6197 3.0769e+00     0.1249      0.011    1479.94     95.265     9.0622 140.393096     6.3412      4.636  0.000e+00
      4.617     9.9473    26.8952    20.6401 2.9670e+00     0.1249      0.011    1479.87     95.193     9.0591 140.393097     6.3390      4.661  0.000e+00
      4.639     9.9246    26.9169    20.6605 2.9060e+00     0.1249      0.015    1479.81     95.182     9.0614 140.393097     6.3406      4.684  0.000e+00
      4.639     9.9076    26.9354    20.6775 2.8571e+00     0.1249      0.011    1479.77     95.165     9.0621 140.393098     6.3411      4.684  0.000e+00
      4.675     9.8939    26.9504    20.6912 2.8083e+00     0.1249      0.015    1479.74     95.149     9.0624 140.393098     6.3413      4.719  0.000e+00
      4.677     9.8803    26.9634    20.7035 2.7595e+00     0.1249      0.015    1479.71     95.139     9.0635 140.393098     6.3421      4.721  0.000e+00
      4.712     9.8687    26.9748    20.7141 2.7228e+00     0.1249      0.011    1479.68     95.131     9.0644 140.393099     6.3427      4.757  0.000e+00
      4.724     9.8607    26.9828    20.7215 2.7106e+00     0.1237      0.011    1479.66     95.116     9.0641 140.393099     6.3425      4.768  0.000e+00
      4.748     9.8534    26.9899    20.7282 2.7595e+00     0.1249      0.015    1479.64     95.109     9.0645 140.393100     6.3428      4.793  0.000e+00
      4.746     9.8424    27.0010    20.7385 2.9060e+00     0.1249      0.015    1479.61     95.102     9.0654 140.393100     6.3434      4.791  0.000e+00
      4.783     9.8332    27.0105    20.7473 2.8938e+00     0.1249      0.015    1479.59     95.036     9.0604 140.393101     6.3399      4.829  0.000e+00
      4.795     9.8247    27.0199    20.7559 2.8205e+00     0.1249      0.015    1479.57     95.025     9.0605 140.393101     6.3400      4.840  0.000e+00
      4.819     9.8160    27.0299    20.7650 2.7595e+00     0.1249      0.015    1479.55     95.015     9.0607 140.393102     6.3401      4.865  0.000e+00
      4.819     9.8091    27.0400    20.7739 2.7717e+00     0.1249      0.015    1479.54     94.945     9.0548 140.393102     6.3360      4.865  0.000e+00
      4.853     9.8038    27.0494    20.7821 2.8205e+00     0.1237      0.011    1479.53     94.931     9.0540 140.393103     6.3355      4.899  0.000e+00
      4.868     9.8014    27.0570    20.7883 2.8816e+00     0.1249      0.011    1479.53     94.857     9.0470 140.393103     6.3306      4.914  0.000e+00
      4.890     9.7997    27.0635    20.7936 2.9304e+00     0.1249      0.011    1479.53     94.839     9.0453 140.393104     6.3293      4.937  0.000e+00
      4.903     9.7972    27.0699    20.7990 2.9670e+00     0.1249      0.011    1479.53     94.823     9.0438 140.393104     6.3283      4.950  0.000e+00
      4.915     9.7934    27.0757    20.8042 2.9670e+00     0.1249      0.011    1479.53     94.748     9.0371 140.393105     6.3236      4.961  0.000e+00
      4.949     9.7888    27.0811    20.8090 2.9792e+00     0.1249      0.015    1479.52     94.728     9.0359 140.393105     6.3228      4.996  0.000e+00
      4.963     9.7846    27.0853    20.8129 2.9915e+00     0.1237      0.015    1479.51     94.711     9.0348 140.393106     6.3220      5.010  0.000e+00
      4.974     9.7802    27.0905    20.8177 2.9670e+00     0.1249      0.015    1479.50     94.635     9.0281 140.393106     6.3173      5.022  0.000e+00
      4.999     9.7735    27.0977    20.8243 2.9304e+00     0.1249      0.011    1479.48     94.676     9.0329 140.393107     6.3207      5.046  0.000e+00
      5.010     9.7657    27.1053    20.8314 2.9182e+00     0.1249      0.011    1479.46     94.543     9.0214 140.393107     6.3126      5.058  0.000e+00
      5.044     9.7561    27.1157    20.8410 2.9182e+00     0.1249      0.011    1479.44     94.521     9.0206 140.393108     6.3121      5.092  0.000e+00
      5.046     9.7479    27.1235    20.8483 2.9304e+00     0.1249      0.015    1479.42     94.502     9.0200 140.393108     6.3116      5.094  0.000e+00
      5.070     9.7400    27.1312    20.8555 2.9060e+00     0.1249      0.015    1479.40     94.485     9.0195 140.393109     6.3113      5.118  0.000e+00
      5.094     9.7334    27.1377    20.8615 2.8816e+00     0.1249      0.011    1479.38     94.409     9.0132 140.393109     6.3069      5.143  0.000e+00
      5.104     9.7274    27.1447    20.8679 2.8571e+00     0.1249      0.015    1479.37     94.330     9.0065 140.393110     6.3022      5.152  0.000e+00
      5.119     9.7210    27.1507    20.8735 2.8449e+00     0.1249      0.011    1479.35     94.247     8.9995 140.393110     6.2973      5.167  0.000e+00
      5.141     9.7146    27.1566    20.8791 2.8327e+00     0.1249      0.011    1479.34     94.283     9.0038 140.393111     6.3003      5.190  0.000e+00
      5.154     9.7084    27.1622    20.8844 2.8327e+00     0.1249      0.011    1479.32     94.206     8.9974 140.393111     6.2959      5.203  0.000e+00
      5.188     9.7040    27.1669    20.8887 2.8449e+00     0.1249      0.015    1479.31     94.066     8.9846 140.393111     6.2869      5.237  0.000e+00
      5.190     9.6969    27.1739    20.8952 2.8571e+00     0.1249      0.011    1479.29     94.037     8.9829 140.393112     6.2857      5.239  0.000e+00
      5.214     9.6893    27.1803    20.9014 2.8449e+00     0.1249      0.015    1479.27     94.067     8.9869 140.393112     6.2885      5.264  0.000e+00
      5.237     9.6831    27.1867    20.9073 2.8571e+00     0.1249      0.011    1479.26     93.931     8.9747 140.393113     6.2800      5.286  0.000e+00
      5.259     9.6765    27.1931    20.9133 2.8694e+00     0.1249      0.011    1479.24     93.900     8.9728 140.393113     6.2786      5.309  0.000e+00
      5.250     9.6690    27.1999    20.9197 2.8816e+00     0.1249      0.011    1479.22     93.873     8.9713 140.393114     6.2776      5.300  0.000e+00
      5.297     9.6614    27.2070    20.9264 2.8816e+00     0.1249      0.011    1479.20     93.790     8.9644 140.393114     6.2728      5.347  0.000e+00
      5.297     9.6558    27.2132    20.9321 2.8816e+00     0.1249      0.015    1479.19     93.764     8.9627 140.393115     6.2716      5.347  0.000e+00
      5.319     9.6494    27.2198    20.9382 2.8938e+00     0.1249      0.015    1479.18     93.682     8.9557 140.393115     6.2667      5.370  0.000e+00
      5.345     9.6438    27.2260    20.9438 2.9060e+00     0.1249      0.015    1479.16     93.658     8.9543 140.393116     6.2657      5.396  0.000e+00
      5.356     9.6388    27.2318    20.9491 2.9182e+00     0.1249      0.011    1479.15     93.578     8.9473 140.393116     6.2608      5.407  0.000e+00
      5.369     9.6342    27.2367    20.9537 2.8938e+00     0.1261      0.011    1479.14     93.489     8.9394 140.393117     6.2553      5.420  0.000e+00
      5.390     9.6307    27.2424    20.9586 2.8571e+00     0.1249      0.011    1479.13     93.399     8.9311 140.393117     6.2495      5.442  0.000e+00
      5.405     9.6272    27.2460    20.9619 2.8205e+00     0.1249      0.011    1479.13     93.367     8.9286 140.393118     6.2477      5.456  0.000e+00
      5.428     9.6238    27.2500    20.9656 2.8083e+00     0.1249      0.015    1479.12     93.280     8.9206 140.393118     6.2421      5.479  0.000e+00
      5.441     9.6200    27.2545    20.9696 2.8083e+00     0.1249      0.015    1479.11     93.252     8.9185 140.393119     6.2406      5.492  0.000e+00
      5.462     9.6166    27.2591    20.9738 2.8083e+00     0.1249      0.011    1479.10     93.168     8.9109 140.393119     6.2353      5.514  0.000e+00
      5.476     9.6185    27.2588    20.9732 2.7839e+00     0.1249      0.015    1479.11     93.083     8.9024 140.393120     6.2294      5.528  0.000e+00
      5.501     9.6201    27.2585    20.9727 2.7717e+00     0.1249      0.015    1479.12     92.991     8.8933 140.393120     6.2230      5.553  0.000e+00
      5.501     9.6120    27.2655    20.9794 2.7717e+00     0.1249      0.015    1479.10     92.958     8.8914 140.393121     6.2216      5.553  0.000e+00
      5.510     9.6031    27.2725    20.9862 2.7595e+00     0.1249      0.011    1479.07     92.871     8.8843 140.393121     6.2167      5.563  0.000e+00
