Aq3_230419_down.cnv
* Sea-Bird SBE 9 Data File:
* FileName = C:\CTD Brukere\NIVA\IO2019\20190423\Aq3_230419.hex
* Software Version Seasave V 7.23.2
* Temperature SN = 5352
* Conductivity SN = 3840
* Number of Bytes Per Scan = 28
* Number of Voltage Words = 4
* Number of Scans Averaged by the Deck Unit = 1
* NMEA baud rate = 4800
** Ship: R/V Trygve Braarud
** Cruise:
** Station:
** Operator:
# nquan = 14
# nvalues = 687                                   
# units = specified
# name 0 = depSM: Depth [salt water, m], lat = 59.60
# name 1 = t090C: Temperature [ITS-90, deg C]
# name 2 = sal00: Salinity, Practical [PSU]
# name 3 = sigma-t00: Density [sigma-t, kg/m^3 ]
# name 4 = flSP: Fluorescence, Seapoint
# name 5 = wetStar: Fluorescence, WET Labs WETstar [mg/m^3]
# name 6 = seaTurbMtr: Turbidity, Seapoint [FTU]
# name 7 = svCM: Sound Velocity [Chen-Millero, m/s]
# name 8 = sbeox0PS: Oxygen, SBE 43 [% saturation]
# name 9 = sbeox0Mg/L: Oxygen, SBE 43 [mg/l]
# name 10 = timeJ: Julian Days
# name 11 = sbeox0ML/L: Oxygen, SBE 43 [ml/l]
# name 12 = prDM: Pressure, Digiquartz [db]
# name 13 = flag:  0.000e+00
# span 0 =      0.026,      5.901                 
# span 1 =     8.1636,    10.4933                 
# span 2 =    19.3499,    27.0222                 
# span 3 =    14.7230,    20.9945                 
# span 4 = 5.6777e+00, 1.0537e+01                 
# span 5 =     0.1224,     0.1261                 
# span 6 =      0.004,      0.015                 
# span 7 =    1471.64,    1479.71                 
# span 8 =     86.041,    118.571                 
# span 9 =     8.4339,    11.6595                 
# span 10 = 113.418831, 113.419162                
# span 11 =     5.9016,     8.1586                
# span 12 =      0.026,      5.957                
# span 13 = 0.0000e+00, 0.0000e+00                
# interval = seconds: 0.0416667
# start_time = Apr 23 2019 10:03:07 [System UpLoad Time]
# bad_flag = -9.990e-29
*END*
[from data line 104]
      0.063    10.2797    19.3718    14.7423 6.3004e+00     0.1224      0.007    1471.93     90.657     8.9858 113.418881     6.2877      0.064  0.000e+00
      0.050    10.2782    19.3729    14.7433 6.2393e+00     0.1237      0.011    1471.93     90.649     8.9853 113.418882     6.2874      0.051  0.000e+00
      0.026    10.2766    19.3739    14.7443 6.0928e+00     0.1249      0.007    1471.92     90.638     8.9845 113.418882     6.2868      0.026  0.000e+00
      0.088    10.2750    19.3764    14.7465 5.9707e+00     0.1237      0.007    1471.92     90.631     8.9840 113.418883     6.2864      0.088  0.000e+00
      0.050    10.2748    19.3762    14.7464 5.8730e+00     0.1237      0.007    1471.92     90.620     8.9829 113.418883     6.2857      0.051  0.000e+00
      0.063    10.2751    19.3752    14.7456 5.8242e+00     0.1237      0.007    1471.92     90.606     8.9815 113.418884     6.2847      0.064  0.000e+00
      0.062    10.2769    19.3749    14.7451 5.8242e+00     0.1237      0.007    1471.93     90.595     8.9801 113.418884     6.2837      0.062  0.000e+00
      0.050    10.2782    19.3736    14.7438 5.8364e+00     0.1237      0.007    1471.93     90.642     8.9845 113.418885     6.2868      0.051  0.000e+00
      0.063    10.2795    19.3725    14.7429 5.8364e+00     0.1237      0.007    1471.93     90.638     8.9839 113.418885     6.2864      0.064  0.000e+00
      0.063    10.2805    19.3717    14.7421 5.8608e+00     0.1237      0.007    1471.94     90.631     8.9831 113.418886     6.2859      0.064  0.000e+00
      0.062    10.2812    19.3708    14.7413 5.8120e+00     0.1237      0.007    1471.94     90.622     8.9821 113.418886     6.2851      0.062  0.000e+00
      0.063    10.2813    19.3713    14.7416 5.7631e+00     0.1237      0.007    1471.94     90.609     8.9808 113.418886     6.2842      0.064  0.000e+00
      0.063    10.2812    19.3719    14.7422 5.8120e+00     0.1237      0.007    1471.94     90.600     8.9799 113.418887     6.2836      0.064  0.000e+00
      0.050    10.2787    19.3731    14.7434 5.8730e+00     0.1224      0.007    1471.93     90.589     8.9792 113.418887     6.2831      0.051  0.000e+00
      0.073    10.2755    19.3766    14.7466 5.9219e+00     0.1237      0.007    1471.92     90.575     8.9783 113.418888     6.2825      0.074  0.000e+00
      0.063    10.2722    19.3793    14.7492 5.9707e+00     0.1237      0.011    1471.92     90.626     8.9838 113.418888     6.2863      0.064  0.000e+00
      0.063    10.2693    19.3811    14.7510 5.9951e+00     0.1237      0.007    1471.91     90.619     8.9837 113.418889     6.2862      0.064  0.000e+00
      0.037    10.2662    19.3848    14.7543 5.9829e+00     0.1237      0.007    1471.90     90.550     8.9772 113.418889     6.2817      0.038  0.000e+00
      0.088    10.2654    19.3852    14.7547 6.0440e+00     0.1237      0.007    1471.90     90.533     8.9756 113.418890     6.2806      0.088  0.000e+00
      0.063    10.2657    19.3835    14.7533 6.0684e+00     0.1237      0.007    1471.90     90.519     8.9743 113.418890     6.2797      0.064  0.000e+00
      0.063    10.2678    19.3822    14.7520 6.0073e+00     0.1224      0.007    1471.90     90.503     8.9724 113.418891     6.2783      0.064  0.000e+00
      0.073    10.2686    19.3816    14.7515 5.9463e+00     0.1237      0.007    1471.90     90.546     8.9765 113.418891     6.2812      0.074  0.000e+00
      0.075    10.2693    19.3807    14.7506 5.9096e+00     0.1237      0.007    1471.91     90.538     8.9757 113.418892     6.2806      0.075  0.000e+00
      0.050    10.2703    19.3804    14.7502 5.9219e+00     0.1237      0.007    1471.91     90.468     8.9685 113.418892     6.2757      0.051  0.000e+00
      0.075    10.2709    19.3800    14.7499 5.9829e+00     0.1237      0.007    1471.91     90.451     8.9667 113.418893     6.2744      0.075  0.000e+00
      0.062    10.2714    19.3793    14.7493 6.0073e+00     0.1237      0.007    1471.91     90.431     8.9647 113.418893     6.2730      0.062  0.000e+00
      0.075    10.2720    19.3792    14.7491 5.9707e+00     0.1237      0.007    1471.91     90.417     8.9631 113.418894     6.2719      0.075  0.000e+00
      0.075    10.2725    19.3788    14.7487 5.9463e+00     0.1237      0.007    1471.92     90.394     8.9608 113.418894     6.2702      0.075  0.000e+00
      0.075    10.2730    19.3784    14.7483 5.9219e+00     0.1237      0.007    1471.92     90.376     8.9589 113.418895     6.2689      0.075  0.000e+00
      0.073    10.2730    19.3782    14.7482 5.9219e+00     0.1237      0.007    1471.92     90.356     8.9570 113.418895     6.2676      0.074  0.000e+00
      0.063    10.2730    19.3772    14.7474 5.9829e+00     0.1237      0.007    1471.92     90.335     8.9549 113.418896     6.2661      0.064  0.000e+00
      0.088    10.2733    19.3770    14.7472 6.0195e+00     0.1237      0.007    1471.92     90.319     8.9533 113.418896     6.2650      0.088  0.000e+00
      0.063    10.2729    19.3775    14.7477 6.0562e+00     0.1237      0.007    1471.92     90.240     8.9456 113.418897     6.2596      0.064  0.000e+00
      0.086    10.2725    19.3771    14.7474 6.1661e+00     0.1237      0.007    1471.91     90.216     8.9432 113.418897     6.2579      0.087  0.000e+00
      0.075    10.2722    19.3782    14.7483 6.1416e+00     0.1237      0.007    1471.91     90.196     8.9413 113.418898     6.2566      0.075  0.000e+00
      0.075    10.2719    19.3792    14.7491 6.0440e+00     0.1249      0.007    1471.91     90.176     8.9393 113.418898     6.2552      0.075  0.000e+00
      0.073    10.2709    19.3799    14.7498 5.9707e+00     0.1237      0.007    1471.91     90.155     8.9374 113.418899     6.2538      0.074  0.000e+00
      0.088    10.2706    19.3822    14.7516 5.9463e+00     0.1224      0.007    1471.91     90.073     8.9292 113.418899     6.2481      0.088  0.000e+00
      0.075    10.2698    19.3827    14.7521 5.9707e+00     0.1249      0.007    1471.91     90.044     8.9264 113.418899     6.2462      0.075  0.000e+00
      0.088    10.2704    19.3819    14.7514 6.0440e+00     0.1237      0.007    1471.91     90.021     8.9241 113.418900     6.2446      0.088  0.000e+00
      0.062    10.2753    19.3805    14.7496 6.1661e+00     0.1237      0.007    1471.93     89.998     8.9209 113.418900     6.2423      0.062  0.000e+00
      0.088    10.2787    19.3783    14.7475 6.2149e+00     0.1237      0.007    1471.94     89.914     8.9121 113.418901     6.2361      0.088  0.000e+00
      0.075    10.2814    19.3768    14.7459 6.2515e+00     0.1237      0.007    1471.95     89.885     8.9087 113.418901     6.2337      0.075  0.000e+00
      0.088    10.2836    19.3772    14.7459 6.2149e+00     0.1237      0.007    1471.96     89.855     8.9053 113.418902     6.2314      0.088  0.000e+00
      0.086    10.2855    19.3760    14.7447 6.2149e+00     0.1237      0.007    1471.96     89.826     8.9020 113.418902     6.2291      0.087  0.000e+00
      0.088    10.2869    19.3756    14.7442 6.2271e+00     0.1237      0.007    1471.97     89.742     8.8935 113.418903     6.2232      0.088  0.000e+00
      0.075    10.2890    19.3758    14.7441 6.2027e+00     0.1237      0.007    1471.97     89.713     8.8902 113.418903     6.2209      0.075  0.000e+00
      0.075    10.2902    19.3750    14.7433 6.1905e+00     0.1249      0.007    1471.98     89.685     8.8872 113.418904     6.2188      0.075  0.000e+00
      0.086    10.2912    19.3767    14.7445 6.2149e+00     0.1237      0.007    1471.98     89.597     8.8782 113.418904     6.2124      0.087  0.000e+00
      0.088    10.2924    19.3791    14.7462 6.2882e+00     0.1249      0.007    1471.99     89.570     8.8752 113.418905     6.2103      0.088  0.000e+00
      0.088    10.2928    19.3795    14.7464 6.3858e+00     0.1237      0.007    1471.99     89.545     8.8726 113.418905     6.2085      0.088  0.000e+00
      0.086    10.2925    19.3840    14.7499 6.4225e+00     0.1224      0.007    1472.00     89.520     8.8699 113.418906     6.2067      0.087  0.000e+00
      0.088    10.2927    19.3886    14.7535 6.3492e+00     0.1237      0.007    1472.00     89.497     8.8673 113.418906     6.2048      0.088  0.000e+00
      0.075    10.2940    19.3922    14.7561 6.2759e+00     0.1237      0.007    1472.01     89.414     8.8586 113.418907     6.1988      0.075  0.000e+00
      0.099    10.2980    19.4119    14.7709 6.2393e+00     0.1237      0.007    1472.05     89.326     8.8480 113.418907     6.1913      0.100  0.000e+00
      0.073    10.3010    19.4309    14.7852 6.2637e+00     0.1237      0.007    1472.08     89.294     8.8432 113.418908     6.1879      0.074  0.000e+00
      0.099    10.3021    19.4421    14.7937 6.3736e+00     0.1237      0.007    1472.10     89.270     8.8400 113.418908     6.1857      0.100  0.000e+00
      0.075    10.3031    19.4771    14.8208 6.4713e+00     0.1237      0.007    1472.15     89.187     8.8296 113.418909     6.1784      0.075  0.000e+00
      0.088    10.3100    19.4832    14.8245 6.5201e+00     0.1237      0.007    1472.18     89.161     8.8253 113.418909     6.1754      0.088  0.000e+00
      0.097    10.3168    19.4726    14.8153 6.5201e+00     0.1237      0.007    1472.19     89.137     8.8222 113.418910     6.1732      0.098  0.000e+00
      0.088    10.3231    19.4814    14.8213 6.5568e+00     0.1237      0.007    1472.23     89.054     8.8122 113.418910     6.1663      0.088  0.000e+00
      0.088    10.3261    19.4625    14.8062 6.6056e+00     0.1249      0.007    1472.22     89.028     8.8101 113.418911     6.1648      0.088  0.000e+00
      0.088    10.3275    19.4316    14.7820 6.6300e+00     0.1237      0.007    1472.18     88.944     8.8033 113.418911     6.1600      0.088  0.000e+00
      0.086    10.3277    19.4146    14.7688 6.5934e+00     0.1224      0.007    1472.16     88.977     8.8075 113.418912     6.1629      0.087  0.000e+00
      0.099    10.3282    19.3922    14.7513 6.4957e+00     0.1237      0.007    1472.14     88.845     8.7955 113.418912     6.1546      0.100  0.000e+00
      0.075    10.3282    19.3806    14.7423 6.3492e+00     0.1237      0.007    1472.13     88.823     8.7940 113.418913     6.1535      0.075  0.000e+00
      0.099    10.3275    19.3806    14.7424 6.1538e+00     0.1237      0.007    1472.12     88.798     8.7917 113.418913     6.1519      0.100  0.000e+00
      0.073    10.3256    19.3749    14.7383 5.9951e+00     0.1237      0.007    1472.11     88.776     8.7902 113.418913     6.1508      0.074  0.000e+00
      0.088    10.3223    19.3807    14.7432 5.9096e+00     0.1237      0.004    1472.10     88.696     8.7826 113.418914     6.1456      0.088  0.000e+00
      0.088    10.3191    19.3928    14.7531 5.8730e+00     0.1237      0.007    1472.11     88.674     8.7804 113.418914     6.1440      0.088  0.000e+00
      0.097    10.3158    19.3855    14.7479 5.8974e+00     0.1237      0.007    1472.09     88.601     8.7742 113.418915     6.1397      0.098  0.000e+00
      0.088    10.3122    19.3865    14.7492 6.0440e+00     0.1237      0.007    1472.07     88.586     8.7733 113.418915     6.1391      0.088  0.000e+00
      0.075    10.3095    19.3964    14.7573 6.2271e+00     0.1237      0.007    1472.08     88.507     8.7655 113.418916     6.1336      0.075  0.000e+00
      0.088    10.3074    19.3974    14.7583 6.3492e+00     0.1237      0.007    1472.07     88.487     8.7639 113.418916     6.1324      0.088  0.000e+00
      0.086    10.3056    19.4192    14.7755 6.4347e+00     0.1249      0.007    1472.09     88.470     8.7613 113.418917     6.1306      0.087  0.000e+00
      0.099    10.3041    19.4425    14.7938 6.5079e+00     0.1237      0.007    1472.11     88.396     8.7530 113.418917     6.1248      0.100  0.000e+00
      0.075    10.3033    19.4488    14.7988 6.5812e+00     0.1237      0.007    1472.11     88.380     8.7512 113.418918     6.1236      0.075  0.000e+00
      0.088    10.3039    19.4588    14.8064 6.5812e+00     0.1237      0.007    1472.13     88.369     8.7494 113.418918     6.1223      0.088  0.000e+00
      0.073    10.3134    19.4589    14.8051 6.5568e+00     0.1237      0.007    1472.16     88.361     8.7468 113.418919     6.1205      0.074  0.000e+00
      0.088    10.3238    19.4507    14.7973 6.5690e+00     0.1237      0.007    1472.19     88.297     8.7389 113.418919     6.1149      0.088  0.000e+00
      0.088    10.3342    19.4570    14.8008 6.6422e+00     0.1237      0.007    1472.24     88.291     8.7359 113.418920     6.1129      0.088  0.000e+00
      0.088    10.3415    19.4529    14.7966 6.7155e+00     0.1249      0.007    1472.26     88.283     8.7339 113.418920     6.1115      0.088  0.000e+00
      0.086    10.3464    19.4418    14.7873 6.7155e+00     0.1237      0.007    1472.27     88.279     8.7331 113.418921     6.1109      0.087  0.000e+00
      0.075    10.3511    19.4473    14.7909 6.6422e+00     0.1224      0.007    1472.29     88.218     8.7259 113.418921     6.1059      0.075  0.000e+00
      0.088    10.3539    19.4397    14.7846 6.5079e+00     0.1237      0.007    1472.29     88.276     8.7315 113.418922     6.1098      0.088  0.000e+00
      0.049    10.3557    19.4263    14.7740 6.3858e+00     0.1237      0.007    1472.28     88.223     8.7267 113.418922     6.1064      0.049  0.000e+00
      0.110    10.3582    19.4292    14.7759 6.3370e+00     0.1237      0.007    1472.30     88.223     8.7261 113.418923     6.1060      0.111  0.000e+00
      0.075    10.3591    19.4190    14.7678 6.3614e+00     0.1237      0.007    1472.29     88.166     8.7207 113.418923     6.1023      0.075  0.000e+00
      0.088    10.3591    19.4079    14.7591 6.3492e+00     0.1237      0.007    1472.27     88.106     8.7155 113.418924     6.0986      0.088  0.000e+00
      0.073    10.3593    19.4091    14.7601 6.2882e+00     0.1237      0.007    1472.28     88.166     8.7213 113.418924     6.1026      0.074  0.000e+00
      0.088    10.3585    19.4001    14.7532 6.2393e+00     0.1249      0.007    1472.26     88.109     8.7163 113.418925     6.0991      0.088  0.000e+00
      0.075    10.3573    19.4013    14.7543 6.2149e+00     0.1237      0.007    1472.26     88.170     8.7225 113.418925     6.1035      0.075  0.000e+00
      0.088    10.3570    19.4092    14.7605 6.2515e+00     0.1237      0.007    1472.27     88.121     8.7173 113.418926     6.0999      0.088  0.000e+00
      0.086    10.3557    19.3992    14.7529 6.2759e+00     0.1237      0.007    1472.25     88.130     8.7190 113.418926     6.1011      0.087  0.000e+00
      0.075    10.3555    19.4078    14.7596 6.2515e+00     0.1224      0.007    1472.26     88.137     8.7193 113.418927     6.1012      0.075  0.000e+00
      0.088    10.3535    19.4200    14.7694 6.1416e+00     0.1237      0.007    1472.27     88.148     8.7201 113.418927     6.1018      0.088  0.000e+00
      0.075    10.3515    19.4103    14.7621 6.0195e+00     0.1237      0.007    1472.25     88.163     8.7225 113.418927     6.1035      0.075  0.000e+00
      0.073    10.3492    19.4146    14.7658 5.9829e+00     0.1224      0.007    1472.24     88.115     8.7179 113.418928     6.1003      0.074  0.000e+00
      0.088    10.3458    19.4195    14.7701 6.0073e+00     0.1237      0.007    1472.24     88.125     8.7193 113.418928     6.1012      0.088  0.000e+00
      0.075    10.3430    19.4107    14.7636 6.0073e+00     0.1237      0.007    1472.22     88.138     8.7216 113.418929     6.1029      0.075  0.000e+00
      0.075    10.3406    19.4202    14.7713 6.0317e+00     0.1237      0.007    1472.22     88.096     8.7174 113.418929     6.0999      0.075  0.000e+00
      0.073    10.3383    19.4206    14.7719 6.0806e+00     0.1237      0.007    1472.21     88.111     8.7193 113.418930     6.1013      0.074  0.000e+00
