Cq1_200519_down.cnv
* Sea-Bird SBE 9 Data File:
* FileName = C:\CTD Brukere\NIVA\IO2019\20190520\Cq1_200519.hex
* Software Version Seasave V 7.23.2
* Temperature SN = 5352
* Conductivity SN = 3840
* Number of Bytes Per Scan = 28
* Number of Voltage Words = 4
* Number of Scans Averaged by the Deck Unit = 1
* NMEA baud rate = 4800
** Ship: R/V Trygve Braarud
** Cruise:
** Station:
** Operator:
# nquan = 14
# nvalues = 3741                                  
# units = specified
# name 0 = depSM: Depth [salt water, m], lat = 59.60
# name 1 = t090C: Temperature [ITS-90, deg C]
# name 2 = sal00: Salinity, Practical [PSU]
# name 3 = sigma-t00: Density [sigma-t, kg/m^3 ]
# name 4 = flSP: Fluorescence, Seapoint
# name 5 = wetStar: Fluorescence, WET Labs WETstar [mg/m^3]
# name 6 = seaTurbMtr: Turbidity, Seapoint [FTU]
# name 7 = svCM: Sound Velocity [Chen-Millero, m/s]
# name 8 = sbeox0PS: Oxygen, SBE 43 [% saturation]
# name 9 = sbeox0Mg/L: Oxygen, SBE 43 [mg/l]
# name 10 = timeJ: Julian Days
# name 11 = sbeox0ML/L: Oxygen, SBE 43 [ml/l]
# name 12 = prDM: Pressure, Digiquartz [db]
# name 13 = flag:  0.000e+00
# span 0 =     -0.028,     68.123                 
# span 1 =     6.0560,    12.6310                 
# span 2 =    25.6669,    33.0478                 
# span 3 =    19.2422,    25.7992                 
# span 4 = 1.7094e-01, 4.8352e+00                 
# span 5 =     0.1237,     0.1261                 
# span 6 =      0.007,      0.018                 
# span 7 =    1470.00,    1487.89                 
# span 8 =     40.823,     99.668                 
# span 9 =     3.9482,     9.3294                 
# span 10 = 140.409583, 140.411387                
# span 11 =     2.7627,     6.5282                
# span 12 =     -0.029,     68.780                
# span 13 = 0.0000e+00, 0.0000e+00                
# interval = seconds: 0.0416667
# start_time = May 20 2019 09:49:48 [System UpLoad Time]
# bad_flag = -9.990e-29
*END*
[from data line 1652]
     31.146     7.1655    32.4520    25.3899 1.9536e-01     0.1249      0.018    1476.63     43.787     4.2796 140.410380     2.9946     31.444  0.000e+00
     31.182     7.1664    32.4568    25.3935 1.9536e-01     0.1249      0.018    1476.64     43.790     4.2797 140.410380     2.9947     31.480  0.000e+00
     31.193     7.1666    32.4591    25.3953 1.9536e-01     0.1249      0.018    1476.64     43.733     4.2741 140.410381     2.9907     31.491  0.000e+00
     31.230     7.1663    32.4601    25.3962 1.9536e-01     0.1249      0.018    1476.64     43.794     4.2800 140.410381     2.9949     31.529  0.000e+00
     31.253     7.1650    32.4651    25.4002 1.9536e-01     0.1249      0.018    1476.64     43.741     4.2748 140.410382     2.9913     31.552  0.000e+00
     31.263     7.1646    32.4685    25.4029 1.8315e-01     0.1249      0.018    1476.65     43.743     4.2750 140.410382     2.9914     31.562  0.000e+00
     31.326     7.1639    32.4668    25.4017 1.9536e-01     0.1249      0.018    1476.64     43.740     4.2748 140.410383     2.9913     31.626  0.000e+00
     31.313     7.1640    32.4625    25.3983 1.8315e-01     0.1249      0.018    1476.64     43.738     4.2747 140.410383     2.9912     31.613  0.000e+00
     31.350     7.1653    32.4599    25.3961 1.8315e-01     0.1249      0.015    1476.64     43.738     4.2747 140.410384     2.9912     31.650  0.000e+00
     31.373     7.1656    32.4623    25.3979 1.9536e-01     0.1249      0.015    1476.65     43.740     4.2747 140.410384     2.9912     31.673  0.000e+00
     31.409     7.1637    32.4675    25.4023 1.9536e-01     0.1249      0.015    1476.65     43.743     4.2750 140.410385     2.9914     31.709  0.000e+00
     31.422     7.1612    32.4707    25.4052 1.9536e-01     0.1261      0.018    1476.64     43.747     4.2756 140.410385     2.9918     31.722  0.000e+00
     31.458     7.1583    32.4726    25.4070 1.9536e-01     0.1261      0.015    1476.63     43.691     4.2704 140.410386     2.9882     31.758  0.000e+00
     31.469     7.1564    32.4746    25.4089 1.9536e-01     0.1249      0.015    1476.63     43.746     4.2759 140.410386     2.9920     31.770  0.000e+00
     31.503     7.1562    32.4736    25.4081 1.9536e-01     0.1249      0.018    1476.63     43.747     4.2761 140.410387     2.9921     31.804  0.000e+00
     31.542     7.1561    32.4683    25.4040 1.9536e-01     0.1249      0.018    1476.62     43.688     4.2705 140.410387     2.9882     31.844  0.000e+00
     31.529     7.1558    32.4598    25.3973 1.9536e-01     0.1249      0.015    1476.61     43.685     4.2704 140.410388     2.9882     31.830  0.000e+00
     31.589     7.1567    32.4485    25.3883 1.9536e-01     0.1249      0.018    1476.60     43.683     4.2705 140.410388     2.9882     31.891  0.000e+00
     31.602     7.1589    32.4383    25.3799 1.9536e-01     0.1249      0.015    1476.59     43.683     4.2705 140.410389     2.9882     31.904  0.000e+00
     31.638     7.1612    32.4341    25.3764 1.9536e-01     0.1249      0.015    1476.60     43.684     4.2705 140.410389     2.9883     31.940  0.000e+00
     31.638     7.1619    32.4361    25.3778 1.9536e-01     0.1249      0.018    1476.60     43.687     4.2707 140.410390     2.9884     31.940  0.000e+00
     31.673     7.1610    32.4418    25.3824 1.9536e-01     0.1249      0.018    1476.61     43.692     4.2710 140.410390     2.9886     31.976  0.000e+00
     31.698     7.1588    32.4452    25.3854 1.9536e-01     0.1249      0.018    1476.60     43.698     4.2718 140.410391     2.9891     32.001  0.000e+00
     31.707     7.1586    32.4435    25.3841 1.9536e-01     0.1261      0.018    1476.60     43.698     4.2718 140.410391     2.9892     32.011  0.000e+00
     31.745     7.1598    32.4401    25.3813 1.9536e-01     0.1249      0.018    1476.60     43.645     4.2666 140.410392     2.9855     32.048  0.000e+00
     31.769     7.1617    32.4378    25.3792 1.9536e-01     0.1249      0.018    1476.61     43.640     4.2660 140.410392     2.9851     32.073  0.000e+00
     31.782     7.1649    32.4373    25.3784 1.9536e-01     0.1249      0.018    1476.62     43.637     4.2654 140.410393     2.9847     32.086  0.000e+00
     31.805     7.1674    32.4379    25.3785 1.9536e-01     0.1249      0.018    1476.63     43.697     4.2711 140.410393     2.9886     32.109  0.000e+00
     31.829     7.1682    32.4433    25.3826 1.9536e-01     0.1261      0.018    1476.64     43.642     4.2655 140.410394     2.9847     32.134  0.000e+00
     31.853     7.1636    32.4578    25.3947 1.9536e-01     0.1249      0.015    1476.64     43.644     4.2657 140.410394     2.9849     32.158  0.000e+00
     31.878     7.1591    32.4680    25.4033 1.9536e-01     0.1261      0.015    1476.64     43.647     4.2662 140.410394     2.9852     32.183  0.000e+00
     31.889     7.1578    32.4697    25.4048 1.9536e-01     0.1249      0.018    1476.63     43.652     4.2667 140.410395     2.9856     32.194  0.000e+00
     31.913     7.1592    32.4670    25.4025 1.9536e-01     0.1249      0.015    1476.64     43.658     4.2672 140.410395     2.9859     32.219  0.000e+00
     31.925     7.1597    32.4641    25.4002 1.9536e-01     0.1249      0.018    1476.63     43.665     4.2680 140.410396     2.9865     32.230  0.000e+00
     31.960     7.1585    32.4632    25.3996 1.9536e-01     0.1249      0.015    1476.63     43.674     4.2690 140.410396     2.9872     32.266  0.000e+00
     31.985     7.1585    32.4615    25.3983 1.9536e-01     0.1261      0.018    1476.63     43.616     4.2633 140.410397     2.9832     32.291  0.000e+00
     31.998     7.1603    32.4581    25.3954 1.9536e-01     0.1249      0.018    1476.63     43.612     4.2629 140.410397     2.9829     32.304  0.000e+00
     32.019     7.1631    32.4533    25.3912 1.9536e-01     0.1249      0.018    1476.64     43.611     4.2626 140.410398     2.9827     32.325  0.000e+00
     32.045     7.1628    32.4528    25.3908 1.9536e-01     0.1249      0.018    1476.63     43.611     4.2627 140.410398     2.9828     32.351  0.000e+00
     32.058     7.1626    32.4536    25.3915 1.9536e-01     0.1261      0.018    1476.63     43.613     4.2628 140.410399     2.9829     32.364  0.000e+00
     32.094     7.1603    32.4597    25.3967 1.9536e-01     0.1249      0.018    1476.63     43.616     4.2632 140.410399     2.9832     32.400  0.000e+00
     32.105     7.1556    32.4701    25.4054 1.9536e-01     0.1261      0.018    1476.63     43.551     4.2571 140.410400     2.9788     32.412  0.000e+00
     32.141     7.1531    32.4744    25.4092 1.9536e-01     0.1249      0.015    1476.62     43.612     4.2631 140.410400     2.9831     32.448  0.000e+00
     32.141     7.1534    32.4727    25.4078 1.9536e-01     0.1249      0.015    1476.62     43.612     4.2632 140.410401     2.9831     32.448  0.000e+00
     32.165     7.1539    32.4718    25.4070 1.9536e-01     0.1249      0.015    1476.63     43.552     4.2572 140.410401     2.9790     32.473  0.000e+00
     32.201     7.1537    32.4708    25.4063 1.9536e-01     0.1249      0.018    1476.62     43.547     4.2568 140.410402     2.9787     32.509  0.000e+00
     32.214     7.1553    32.4679    25.4038 1.9536e-01     0.1249      0.018    1476.63     43.544     4.2565 140.410402     2.9784     32.522  0.000e+00
     32.225     7.1555    32.4666    25.4027 1.9536e-01     0.1249      0.015    1476.63     43.605     4.2624 140.410403     2.9826     32.533  0.000e+00
     32.261     7.1554    32.4649    25.4014 1.9536e-01     0.1249      0.015    1476.62     43.550     4.2571 140.410403     2.9789     32.569  0.000e+00
     32.274     7.1557    32.4624    25.3993 1.9536e-01     0.1249      0.015    1476.62     43.551     4.2573 140.410404     2.9790     32.582  0.000e+00
     32.296     7.1559    32.4612    25.3984 1.8315e-01     0.1249      0.015    1476.62     43.554     4.2576 140.410404     2.9792     32.605  0.000e+00
     32.309     7.1568    32.4600    25.3973 1.9536e-01     0.1249      0.015    1476.62     43.551     4.2572 140.410405     2.9789     32.618  0.000e+00
     32.334     7.1580    32.4585    25.3960 1.9536e-01     0.1249      0.018    1476.63     43.557     4.2577 140.410405     2.9793     32.643  0.000e+00
     32.356     7.1589    32.4573    25.3949 1.9536e-01     0.1249      0.018    1476.63     43.556     4.2576 140.410406     2.9792     32.666  0.000e+00
     32.394     7.1595    32.4576    25.3951 1.9536e-01     0.1249      0.015    1476.63     43.557     4.2576 140.410406     2.9792     32.704  0.000e+00
     32.381     7.1572    32.4622    25.3990 1.9536e-01     0.1249      0.015    1476.63     43.559     4.2578 140.410407     2.9794     32.690  0.000e+00
     32.429     7.1543    32.4677    25.4037 1.9536e-01     0.1249      0.018    1476.63     43.500     4.2523 140.410407     2.9755     32.740  0.000e+00
     32.429     7.1513    32.4717    25.4073 1.9536e-01     0.1249      0.018    1476.62     43.560     4.2582 140.410408     2.9797     32.740  0.000e+00
     32.465     7.1489    32.4753    25.4104 1.9536e-01     0.1249      0.015    1476.62     43.504     4.2529 140.410408     2.9759     32.776  0.000e+00
     32.476     7.1472    32.4769    25.4119 1.9536e-01     0.1249      0.015    1476.61     43.566     4.2591 140.410408     2.9803     32.787  0.000e+00
     32.501     7.1468    32.4758    25.4111 1.8315e-01     0.1249      0.015    1476.61     43.575     4.2601 140.410409     2.9809     32.812  0.000e+00
     32.512     7.1489    32.4718    25.4077 1.9536e-01     0.1249      0.015    1476.61     43.515     4.2541 140.410409     2.9768     32.823  0.000e+00
     32.536     7.1508    32.4679    25.4044 1.9536e-01     0.1249      0.018    1476.61     43.519     4.2544 140.410410     2.9770     32.848  0.000e+00
     32.561     7.1522    32.4648    25.4017 1.9536e-01     0.1249      0.015    1476.62     43.524     4.2549 140.410410     2.9773     32.872  0.000e+00
     32.572     7.1540    32.4629    25.4000 1.9536e-01     0.1249      0.018    1476.62     43.523     4.2547 140.410411     2.9772     32.884  0.000e+00
     32.609     7.1550    32.4635    25.4003 1.9536e-01     0.1249      0.015    1476.63     43.524     4.2546 140.410411     2.9771     32.921  0.000e+00
     32.621     7.1537    32.4670    25.4033 1.9536e-01     0.1249      0.018    1476.63     43.525     4.2548 140.410412     2.9773     32.933  0.000e+00
     32.632     7.1521    32.4702    25.4060 1.9536e-01     0.1249      0.018    1476.62     43.528     4.2552 140.410412     2.9775     32.944  0.000e+00
     32.669     7.1499    32.4734    25.4088 1.9536e-01     0.1261      0.015    1476.62     43.533     4.2557 140.410413     2.9779     32.982  0.000e+00
     32.681     7.1476    32.4769    25.4118 1.9536e-01     0.1249      0.015    1476.62     43.538     4.2564 140.410413     2.9784     32.993  0.000e+00
     32.705     7.1462    32.4785    25.4133 1.9536e-01     0.1249      0.015    1476.61     43.545     4.2571 140.410414     2.9789     33.018  0.000e+00
     32.730     7.1486    32.4760    25.4110 1.9536e-01     0.1261      0.015    1476.62     43.553     4.2577 140.410414     2.9793     33.043  0.000e+00
     32.741     7.1499    32.4749    25.4100 1.9536e-01     0.1249      0.018    1476.62     43.562     4.2585 140.410415     2.9799     33.054  0.000e+00
     32.777     7.1476    32.4777    25.4125 1.9536e-01     0.1261      0.015    1476.62     43.503     4.2529 140.410415     2.9759     33.090  0.000e+00
     32.777     7.1446    32.4815    25.4159 1.9536e-01     0.1249      0.018    1476.61     43.499     4.2527 140.410416     2.9758     33.090  0.000e+00
     32.812     7.1439    32.4825    25.4167 1.9536e-01     0.1249      0.018    1476.61     43.497     4.2525 140.410416     2.9757     33.126  0.000e+00
     32.837     7.1443    32.4817    25.4161 1.9536e-01     0.1249      0.018    1476.61     43.504     4.2532 140.410417     2.9761     33.151  0.000e+00
     32.837     7.1441    32.4815    25.4159 1.9536e-01     0.1261      0.018    1476.61     43.504     4.2532 140.410417     2.9762     33.151  0.000e+00
     32.872     7.1451    32.4806    25.4151 1.9536e-01     0.1249      0.015    1476.61     43.506     4.2533 140.410418     2.9762     33.187  0.000e+00
     32.885     7.1459    32.4798    25.4144 1.9536e-01     0.1249      0.018    1476.62     43.508     4.2535 140.410418     2.9764     33.200  0.000e+00
     32.921     7.1446    32.4819    25.4162 1.9536e-01     0.1249      0.015    1476.61     43.451     4.2480 140.410419     2.9725     33.236  0.000e+00
     32.932     7.1419    32.4850    25.4190 1.9536e-01     0.1249      0.015    1476.61     43.449     4.2480 140.410419     2.9725     33.247  0.000e+00
     32.957     7.1411    32.4858    25.4198 1.9536e-01     0.1261      0.015    1476.61     43.449     4.2480 140.410420     2.9725     33.272  0.000e+00
     32.968     7.1430    32.4840    25.4181 1.9536e-01     0.1249      0.018    1476.61     43.512     4.2541 140.410420     2.9767     33.283  0.000e+00
     33.005     7.1444    32.4825    25.4167 1.9536e-01     0.1261      0.018    1476.62     43.453     4.2481 140.410421     2.9726     33.321  0.000e+00
     33.017     7.1433    32.4832    25.4174 1.9536e-01     0.1249      0.015    1476.61     43.449     4.2479 140.410421     2.9724     33.333  0.000e+00
     33.041     7.1411    32.4851    25.4192 1.9536e-01     0.1261      0.015    1476.61     43.446     4.2478 140.410421     2.9723     33.357  0.000e+00
     33.065     7.1398    32.4863    25.4203 1.9536e-01     0.1249      0.018    1476.60     43.445     4.2477 140.410422     2.9723     33.382  0.000e+00
     33.088     7.1395    32.4867    25.4206 1.9536e-01     0.1249      0.015    1476.60     43.444     4.2477 140.410422     2.9723     33.405  0.000e+00
     33.112     7.1371    32.4890    25.4228 1.9536e-01     0.1261      0.018    1476.60     43.446     4.2480 140.410423     2.9725     33.429  0.000e+00
     33.124     7.1341    32.4922    25.4257 1.9536e-01     0.1261      0.015    1476.59     43.440     4.2477 140.410423     2.9723     33.441  0.000e+00
     33.148     7.1334    32.4925    25.4260 1.9536e-01     0.1261      0.015    1476.59     43.444     4.2481 140.410424     2.9725     33.465  0.000e+00
     33.184     7.1331    32.4923    25.4259 1.9536e-01     0.1261      0.018    1476.59     43.448     4.2485 140.410424     2.9729     33.501  0.000e+00
     33.184     7.1326    32.4925    25.4262 1.9536e-01     0.1249      0.018    1476.59     43.446     4.2484 140.410425     2.9728     33.501  0.000e+00
     33.221     7.1323    32.4927    25.4263 1.9536e-01     0.1249      0.018    1476.58     43.445     4.2483 140.410425     2.9727     33.539  0.000e+00
     33.245     7.1308    32.4940    25.4276 1.9536e-01     0.1249      0.018    1476.58     43.445     4.2484 140.410426     2.9728     33.564  0.000e+00
     33.281     7.1287    32.4957    25.4292 1.9536e-01     0.1249      0.018    1476.58     43.454     4.2494 140.410426     2.9735     33.600  0.000e+00
     33.281     7.1274    32.4969    25.4304 1.9536e-01     0.1249      0.018    1476.57     43.455     4.2497 140.410427     2.9737     33.600  0.000e+00
     33.317     7.1271    32.4967    25.4302 1.9536e-01     0.1249      0.015    1476.57     43.397     4.2440 140.410427     2.9697     33.636  0.000e+00
     33.341     7.1276    32.4961    25.4296 1.9536e-01     0.1249      0.015    1476.57     43.455     4.2497 140.410428     2.9737     33.660  0.000e+00
     33.353     7.1288    32.4944    25.4282 1.9536e-01     0.1249      0.018    1476.58     43.398     4.2440 140.410428     2.9697     33.672  0.000e+00
     33.388     7.1308    32.4920    25.4261 1.9536e-01     0.1249      0.018    1476.58     43.397     4.2438 140.410429     2.9696     33.708  0.000e+00
