Cq1_200519_down.cnv
* Sea-Bird SBE 9 Data File:
* FileName = C:\CTD Brukere\NIVA\IO2019\20190520\Cq1_200519.hex
* Software Version Seasave V 7.23.2
* Temperature SN = 5352
* Conductivity SN = 3840
* Number of Bytes Per Scan = 28
* Number of Voltage Words = 4
* Number of Scans Averaged by the Deck Unit = 1
* NMEA baud rate = 4800
** Ship: R/V Trygve Braarud
** Cruise:
** Station:
** Operator:
# nquan = 14
# nvalues = 3741                                  
# units = specified
# name 0 = depSM: Depth [salt water, m], lat = 59.60
# name 1 = t090C: Temperature [ITS-90, deg C]
# name 2 = sal00: Salinity, Practical [PSU]
# name 3 = sigma-t00: Density [sigma-t, kg/m^3 ]
# name 4 = flSP: Fluorescence, Seapoint
# name 5 = wetStar: Fluorescence, WET Labs WETstar [mg/m^3]
# name 6 = seaTurbMtr: Turbidity, Seapoint [FTU]
# name 7 = svCM: Sound Velocity [Chen-Millero, m/s]
# name 8 = sbeox0PS: Oxygen, SBE 43 [% saturation]
# name 9 = sbeox0Mg/L: Oxygen, SBE 43 [mg/l]
# name 10 = timeJ: Julian Days
# name 11 = sbeox0ML/L: Oxygen, SBE 43 [ml/l]
# name 12 = prDM: Pressure, Digiquartz [db]
# name 13 = flag:  0.000e+00
# span 0 =     -0.028,     68.123                 
# span 1 =     6.0560,    12.6310                 
# span 2 =    25.6669,    33.0478                 
# span 3 =    19.2422,    25.7992                 
# span 4 = 1.7094e-01, 4.8352e+00                 
# span 5 =     0.1237,     0.1261                 
# span 6 =      0.007,      0.018                 
# span 7 =    1470.00,    1487.89                 
# span 8 =     40.823,     99.668                 
# span 9 =     3.9482,     9.3294                 
# span 10 = 140.409583, 140.411387                
# span 11 =     2.7627,     6.5282                
# span 12 =     -0.029,     68.780                
# span 13 = 0.0000e+00, 0.0000e+00                
# interval = seconds: 0.0416667
# start_time = May 20 2019 09:49:48 [System UpLoad Time]
# bad_flag = -9.990e-29
*END*
[from data line 620]
      6.169     8.7948    27.8612    21.5639 2.2589e+00     0.1261      0.015    1476.77     96.052     9.3211 140.409882     6.5223      6.227  0.000e+00
      6.193     8.7819    27.8694    21.5722 2.2833e+00     0.1249      0.015    1476.74     96.048     9.3229 140.409883     6.5236      6.252  0.000e+00
      6.214     8.7656    27.8781    21.5813 2.2955e+00     0.1249      0.011    1476.69     96.040     9.3251 140.409883     6.5251      6.273  0.000e+00
      6.264     8.7630    27.8792    21.5825 2.2711e+00     0.1249      0.011    1476.68     96.034     9.3249 140.409884     6.5251      6.324  0.000e+00
      6.275     8.7708    27.8747    21.5779 2.2589e+00     0.1249      0.011    1476.70     95.968     9.3172 140.409884     6.5196      6.335  0.000e+00
      6.285     8.7837    27.8647    21.5682 2.2589e+00     0.1249      0.011    1476.74     95.898     9.3083 140.409885     6.5134      6.345  0.000e+00
      6.324     8.7938    27.8571    21.5609 2.2466e+00     0.1249      0.011    1476.77     95.885     9.3053 140.409885     6.5113      6.384  0.000e+00
      6.348     8.8011    27.8536    21.5571 2.2344e+00     0.1249      0.011    1476.79     95.875     9.3030 140.409886     6.5097      6.409  0.000e+00
      6.356     8.7935    27.8604    21.5635 2.2344e+00     0.1249      0.011    1476.77     95.868     9.3036 140.409886     6.5101      6.417  0.000e+00
      6.395     8.7838    27.8677    21.5705 2.2100e+00     0.1249      0.015    1476.75     95.797     9.2982 140.409887     6.5063      6.456  0.000e+00
      6.416     8.7958    27.8566    21.5602 2.1978e+00     0.1249      0.015    1476.78     95.842     9.3008 140.409887     6.5081      6.477  0.000e+00
      6.455     8.7958    27.8567    21.5602 2.1734e+00     0.1249      0.011    1476.78     95.775     9.2943 140.409888     6.5036      6.516  0.000e+00
      6.479     8.7888    27.8615    21.5649 2.1734e+00     0.1249      0.011    1476.76     95.766     9.2946 140.409888     6.5038      6.541  0.000e+00
      6.500     8.7946    27.8558    21.5597 2.1612e+00     0.1249      0.011    1476.77     95.759     9.2930 140.409889     6.5027      6.562  0.000e+00
      6.526     8.7972    27.8544    21.5582 2.1490e+00     0.1249      0.011    1476.78     95.755     9.2921 140.409889     6.5021      6.588  0.000e+00
      6.551     8.7530    27.8883    21.5910 2.1368e+00     0.1249      0.011    1476.66     95.756     9.2995 140.409890     6.5072      6.613  0.000e+00
      6.583     8.7027    27.9260    21.6276 2.1245e+00     0.1249      0.015    1476.51     95.692     9.3015 140.409890     6.5087      6.646  0.000e+00
      6.610     8.6634    27.9538    21.6549 2.1123e+00     0.1249      0.015    1476.40     95.684     9.3074 140.409891     6.5128      6.673  0.000e+00
      6.643     8.6225    27.9841    21.6843 2.1001e+00     0.1249      0.011    1476.28     95.680     9.3138 140.409891     6.5172      6.706  0.000e+00
      6.659     8.6101    27.9921    21.6924 2.1001e+00     0.1249      0.011    1476.24     95.623     9.3103 140.409891     6.5148      6.722  0.000e+00
      6.695     8.6202    27.9851    21.6855 2.1001e+00     0.1249      0.015    1476.27     95.554     9.3019 140.409892     6.5089      6.758  0.000e+00
      6.716     8.6082    27.9998    21.6986 2.0879e+00     0.1249      0.015    1476.25     95.544     9.3026 140.409892     6.5094      6.780  0.000e+00
      6.742     8.5955    28.0243    21.7196 2.1001e+00     0.1249      0.015    1476.23     95.537     9.3031 140.409893     6.5098      6.806  0.000e+00
      6.787     8.5982    28.0421    21.7332 2.1123e+00     0.1249      0.011    1476.26     95.534     9.3011 140.409893     6.5084      6.851  0.000e+00
      6.790     8.6047    28.0497    21.7382 2.1245e+00     0.1249      0.015    1476.30     95.533     9.2992 140.409894     6.5070      6.855  0.000e+00
      6.826     8.6164    28.0449    21.7328 2.1245e+00     0.1249      0.015    1476.34     95.467     9.2907 140.409894     6.5011      6.891  0.000e+00
      6.858     8.6285    28.0331    21.7219 2.1368e+00     0.1249      0.011    1476.37     95.459     9.2881 140.409895     6.4992      6.923  0.000e+00
      6.886     8.6424    28.0151    21.7058 2.1490e+00     0.1249      0.015    1476.40     95.455     9.2858 140.409895     6.4977      6.951  0.000e+00
      6.894     8.6586    27.9933    21.6865 2.1612e+00     0.1249      0.015    1476.43     95.385     9.2769 140.409896     6.4914      6.959  0.000e+00
      6.933     8.6746    27.9715    21.6671 2.1490e+00     0.1249      0.015    1476.47     95.373     9.2737 140.409896     6.4892      6.999  0.000e+00
      6.946     8.6893    27.9511    21.6491 2.1490e+00     0.1249      0.015    1476.50     95.304     9.2651 140.409897     6.4832      7.012  0.000e+00
      6.989     8.6995    27.9402    21.6392 2.1612e+00     0.1261      0.015    1476.52     95.292     9.2626 140.409897     6.4814      7.056  0.000e+00
      7.005     8.7057    27.9358    21.6348 2.1490e+00     0.1249      0.015    1476.54     95.224     9.2548 140.409898     6.4760      7.072  0.000e+00
      7.025     8.7078    27.9371    21.6356 2.1490e+00     0.1249      0.015    1476.55     95.214     9.2534 140.409898     6.4749      7.092  0.000e+00
      7.052     8.7128    27.9375    21.6352 2.1490e+00     0.1249      0.011    1476.57     95.207     9.2517 140.409899     6.4738      7.119  0.000e+00
      7.085     8.7195    27.9364    21.6334 2.1245e+00     0.1249      0.011    1476.60     95.144     9.2442 140.409899     6.4685      7.152  0.000e+00
      7.124     8.7245    27.9364    21.6327 2.1245e+00     0.1249      0.015    1476.62     95.140     9.2427 140.409900     6.4675      7.191  0.000e+00
      7.120     8.7088    27.9511    21.6464 2.1245e+00     0.1249      0.015    1476.58     95.071     9.2385 140.409900     6.4645      7.188  0.000e+00
      7.161     8.7016    27.9576    21.6525 2.1245e+00     0.1249      0.015    1476.56     95.062     9.2386 140.409901     6.4647      7.229  0.000e+00
      7.184     8.6969    27.9623    21.6568 2.1123e+00     0.1249      0.015    1476.55     95.056     9.2388 140.409901     6.4648      7.252  0.000e+00
      7.216     8.6964    27.9628    21.6573 2.1123e+00     0.1249      0.015    1476.54     94.987     9.2321 140.409902     6.4601      7.285  0.000e+00
      7.232     8.7027    27.9572    21.6520 2.1123e+00     0.1249      0.011    1476.56     94.975     9.2300 140.409902     6.4586      7.301  0.000e+00
      7.265     8.6997    27.9600    21.6546 2.1123e+00     0.1261      0.011    1476.55     94.907     9.2239 140.409903     6.4543      7.334  0.000e+00
      7.279     8.6914    27.9676    21.6617 2.1001e+00     0.1249      0.011    1476.53     94.837     9.2184 140.409903     6.4505      7.348  0.000e+00
      7.324     8.6856    27.9730    21.6668 2.1001e+00     0.1249      0.015    1476.52     94.758     9.2116 140.409904     6.4457      7.394  0.000e+00
      7.328     8.6751    27.9825    21.6757 2.1001e+00     0.1249      0.015    1476.49     94.677     9.2053 140.409904     6.4413      7.397  0.000e+00
      7.371     8.6609    27.9929    21.6858 2.1001e+00     0.1249      0.015    1476.45     94.656     9.2055 140.409905     6.4415      7.441  0.000e+00
      7.388     8.6591    27.9932    21.6864 2.1001e+00     0.1249      0.015    1476.44     94.577     9.1983 140.409905     6.4364      7.458  0.000e+00
      7.407     8.6587    27.9926    21.6859 2.1001e+00     0.1249      0.015    1476.44     94.491     9.1900 140.409905     6.4306      7.477  0.000e+00
      7.447     8.6530    27.9963    21.6896 2.1001e+00     0.1249      0.015    1476.43     94.464     9.1883 140.409906     6.4295      7.518  0.000e+00
      7.459     8.6419    28.0038    21.6970 2.1123e+00     0.1249      0.015    1476.39     94.381     9.1822 140.409906     6.4251      7.530  0.000e+00
      7.480     8.6376    28.0072    21.7003 2.1001e+00     0.1249      0.015    1476.38     94.298     9.1747 140.409907     6.4199      7.551  0.000e+00
      7.519     8.6368    28.0082    21.7012 2.1001e+00     0.1249      0.015    1476.38     94.213     9.1666 140.409907     6.4142      7.590  0.000e+00
      7.527     8.6268    28.0179    21.7102 2.1001e+00     0.1249      0.015    1476.35     94.182     9.1650 140.409908     6.4131      7.598  0.000e+00
      7.567     8.6106    28.0320    21.7235 2.1001e+00     0.1249      0.011    1476.31     94.089     9.1585 140.409908     6.4086      7.639  0.000e+00
      7.587     8.6077    28.0345    21.7259 2.1123e+00     0.1249      0.015    1476.30     94.055     9.1557 140.409909     6.4066      7.659  0.000e+00
      7.603     8.6070    28.0354    21.7267 2.1245e+00     0.1249      0.015    1476.30     93.967     9.1471 140.409909     6.4006      7.675  0.000e+00
      7.634     8.6072    28.0352    21.7264 2.1368e+00     0.1249      0.015    1476.30     93.878     9.1385 140.409910     6.3946      7.706  0.000e+00
      7.663     8.5967    28.0431    21.7341 2.1245e+00     0.1249      0.015    1476.27     93.842     9.1367 140.409910     6.3933      7.736  0.000e+00
      7.671     8.5882    28.0490    21.7400 2.1245e+00     0.1249      0.015    1476.25     93.759     9.1300 140.409911     6.3887      7.744  0.000e+00
      7.698     8.5830    28.0505    21.7419 2.1123e+00     0.1249      0.015    1476.23     93.669     9.1222 140.409911     6.3832      7.772  0.000e+00
      7.729     8.5310    28.0892    21.7794 2.1001e+00     0.1249      0.011    1476.08     93.641     9.1279 140.409912     6.3872      7.803  0.000e+00
      7.745     8.4228    28.1730    21.8600 2.1001e+00     0.1249      0.015    1475.77     93.559     9.1373 140.409912     6.3938      7.819  0.000e+00
      7.778     8.3593    28.2227    21.9078 2.1001e+00     0.1249      0.015    1475.59     93.537     9.1455 140.409913     6.3995      7.852  0.000e+00
      7.805     8.3310    28.2447    21.9289 2.1123e+00     0.1249      0.015    1475.51     93.401     9.1367 140.409913     6.3933      7.879  0.000e+00
      7.813     8.3430    28.2330    21.9181 2.1123e+00     0.1249      0.015    1475.54     93.311     9.1261 140.409914     6.3859      7.888  0.000e+00
      7.854     8.3625    28.2169    21.9028 2.1001e+00     0.1249      0.015    1475.60     93.283     9.1203 140.409914     6.3819      7.928  0.000e+00
      7.873     8.3614    28.2177    21.9035 2.1001e+00     0.1249      0.015    1475.60     93.141     9.1066 140.409915     6.3723      7.948  0.000e+00
      7.901     8.3725    28.2091    21.8953 2.1001e+00     0.1249      0.015    1475.63     93.109     9.1016 140.409915     6.3688      7.976  0.000e+00
      7.920     8.3646    28.2160    21.9018 2.0879e+00     0.1249      0.011    1475.61     93.016     9.0938 140.409916     6.3633      7.996  0.000e+00
      7.936     8.3436    28.2326    21.9177 2.1001e+00     0.1249      0.015    1475.55     92.924     9.0882 140.409916     6.3594      8.012  0.000e+00
      7.969     8.3467    28.2304    21.9155 2.0879e+00     0.1249      0.011    1475.56     92.834     9.0789 140.409917     6.3529      8.045  0.000e+00
      7.961     8.3688    28.2143    21.8999 2.0635e+00     0.1249      0.015    1475.62     92.746     9.0666 140.409917     6.3443      8.036  0.000e+00
      8.053     8.3837    28.2044    21.8900 2.0391e+00     0.1249      0.015    1475.67     92.660     9.0558 140.409918     6.3367      8.130  0.000e+00
      8.029     8.3885    28.2013    21.8869 2.0024e+00     0.1249      0.015    1475.68     92.507     9.0400 140.409918     6.3257      8.105  0.000e+00
      8.069     8.3818    28.2054    21.8911 2.0024e+00     0.1249      0.015    1475.66     92.473     9.0378 140.409918     6.3241      8.146  0.000e+00
      8.100     8.3651    28.2176    21.9030 1.9780e+00     0.1249      0.015    1475.61     92.448     9.0381 140.409919     6.3243      8.177  0.000e+00
      8.116     8.3534    28.2249    21.9103 1.9536e+00     0.1249      0.015    1475.58     92.364     9.0318 140.409919     6.3199      8.193  0.000e+00
      8.149     8.3417    28.2327    21.9180 1.9414e+00     0.1249      0.015    1475.54     92.283     9.0259 140.409920     6.3158      8.226  0.000e+00
      8.176     8.3316    28.2403    21.9254 1.9292e+00     0.1249      0.011    1475.51     92.259     9.0251 140.409920     6.3152      8.254  0.000e+00
      8.208     8.3184    28.2505    21.9352 1.9292e+00     0.1249      0.015    1475.48     92.183     9.0198 140.409921     6.3115      8.286  0.000e+00
      8.212     8.3127    28.2548    21.9394 1.9292e+00     0.1249      0.015    1475.46     92.163     9.0188 140.409921     6.3108      8.290  0.000e+00
      8.244     8.3112    28.2566    21.9409 1.9292e+00     0.1249      0.011    1475.46     92.093     9.0121 140.409922     6.3061      8.322  0.000e+00
      8.272     8.3059    28.2609    21.9450 1.9292e+00     0.1249      0.015    1475.44     92.086     9.0123 140.409922     6.3063      8.350  0.000e+00
      8.291     8.2973    28.2677    21.9515 1.9292e+00     0.1249      0.015    1475.42     92.021     9.0073 140.409923     6.3028      8.370  0.000e+00
      8.304     8.2881    28.2756    21.9590 1.9292e+00     0.1249      0.015    1475.39     91.959     9.0026 140.409923     6.2995      8.383  0.000e+00
      8.343     8.2824    28.2796    21.9629 1.9536e+00     0.1249      0.015    1475.38     91.954     9.0031 140.409924     6.2998      8.422  0.000e+00
      8.362     8.2819    28.2808    21.9640 1.9536e+00     0.1249      0.015    1475.38     91.898     8.9976 140.409924     6.2960      8.442  0.000e+00
      8.380     8.2807    28.2821    21.9651 1.9658e+00     0.1249      0.015    1475.38     91.844     8.9925 140.409925     6.2924      8.460  0.000e+00
      8.387     8.2682    28.2933    21.9756 1.9780e+00     0.1249      0.015    1475.34     91.787     8.9888 140.409925     6.2899      8.466  0.000e+00
      8.416     8.2538    28.3079    21.9890 2.0024e+00     0.1249      0.015    1475.31     91.795     8.9917 140.409926     6.2919      8.496  0.000e+00
      8.435     8.2526    28.3136    21.9937 2.0147e+00     0.1249      0.015    1475.31     91.745     8.9867 140.409926     6.2884      8.515  0.000e+00
      8.471     8.2244    28.3432    22.0207 2.0269e+00     0.1249      0.015    1475.24     91.691     8.9854 140.409927     6.2875      8.551  0.000e+00
      8.487     8.1585    28.4069    22.0796 2.0513e+00     0.1249      0.011    1475.06     91.693     8.9955 140.409927     6.2945      8.568  0.000e+00
      8.506     8.0966    28.4728    22.1397 2.0513e+00     0.1249      0.015    1474.91     91.699     9.0049 140.409928     6.3011      8.587  0.000e+00
      8.523     8.0668    28.5119    22.1743 2.0757e+00     0.1249      0.015    1474.84     91.654     9.0043 140.409928     6.3007      8.604  0.000e+00
      8.566     8.0595    28.5257    22.1861 2.1001e+00     0.1261      0.015    1474.83     91.667     9.0062 140.409929     6.3020      8.648  0.000e+00
      8.582     8.0422    28.5413    22.2007 2.1245e+00     0.1249      0.015    1474.78     91.620     9.0043 140.409929     6.3007      8.664  0.000e+00
      8.602     8.0381    28.5430    22.2026 2.1490e+00     0.1249      0.015    1474.77     91.577     9.0007 140.409930     6.2982      8.684  0.000e+00
      8.613     8.0446    28.5370    22.1970 2.1856e+00     0.1249      0.015    1474.79     91.591     9.0011 140.409930     6.2985      8.695  0.000e+00
      8.654     8.0470    28.5351    22.1952 2.1978e+00     0.1249      0.015    1474.80     91.546     8.9964 140.409931     6.2951      8.736  0.000e+00
      8.686     8.0478    28.5332    22.1936 2.2100e+00     0.1249      0.015    1474.80     91.497     8.9915 140.409931     6.2917      8.769  0.000e+00
