Cq1_200519_down.cnv
* Sea-Bird SBE 9 Data File:
* FileName = C:\CTD Brukere\NIVA\IO2019\20190520\Cq1_200519.hex
* Software Version Seasave V 7.23.2
* Temperature SN = 5352
* Conductivity SN = 3840
* Number of Bytes Per Scan = 28
* Number of Voltage Words = 4
* Number of Scans Averaged by the Deck Unit = 1
* NMEA baud rate = 4800
** Ship: R/V Trygve Braarud
** Cruise:
** Station:
** Operator:
# nquan = 14
# nvalues = 3741                                  
# units = specified
# name 0 = depSM: Depth [salt water, m], lat = 59.60
# name 1 = t090C: Temperature [ITS-90, deg C]
# name 2 = sal00: Salinity, Practical [PSU]
# name 3 = sigma-t00: Density [sigma-t, kg/m^3 ]
# name 4 = flSP: Fluorescence, Seapoint
# name 5 = wetStar: Fluorescence, WET Labs WETstar [mg/m^3]
# name 6 = seaTurbMtr: Turbidity, Seapoint [FTU]
# name 7 = svCM: Sound Velocity [Chen-Millero, m/s]
# name 8 = sbeox0PS: Oxygen, SBE 43 [% saturation]
# name 9 = sbeox0Mg/L: Oxygen, SBE 43 [mg/l]
# name 10 = timeJ: Julian Days
# name 11 = sbeox0ML/L: Oxygen, SBE 43 [ml/l]
# name 12 = prDM: Pressure, Digiquartz [db]
# name 13 = flag:  0.000e+00
# span 0 =     -0.028,     68.123                 
# span 1 =     6.0560,    12.6310                 
# span 2 =    25.6669,    33.0478                 
# span 3 =    19.2422,    25.7992                 
# span 4 = 1.7094e-01, 4.8352e+00                 
# span 5 =     0.1237,     0.1261                 
# span 6 =      0.007,      0.018                 
# span 7 =    1470.00,    1487.89                 
# span 8 =     40.823,     99.668                 
# span 9 =     3.9482,     9.3294                 
# span 10 = 140.409583, 140.411387                
# span 11 =     2.7627,     6.5282                
# span 12 =     -0.029,     68.780                
# span 13 = 0.0000e+00, 0.0000e+00                
# interval = seconds: 0.0416667
# start_time = May 20 2019 09:49:48 [System UpLoad Time]
# bad_flag = -9.990e-29
*END*
[from data line 723]
      8.722     8.0631    28.5167    22.1786 2.2711e+00     0.1249      0.011    1474.84     91.469     8.9865 140.409932     6.2882      8.805  0.000e+00
      8.757     8.0539    28.5232    22.1849 2.3199e+00     0.1249      0.015    1474.81     91.490     8.9901 140.409932     6.2907      8.841  0.000e+00
      8.773     8.0360    28.5379    22.1988 2.3565e+00     0.1249      0.011    1474.76     91.452     8.9891 140.409933     6.2901      8.857  0.000e+00
      8.804     8.0450    28.5302    22.1916 2.3932e+00     0.1249      0.011    1474.79     91.409     8.9836 140.409933     6.2862      8.888  0.000e+00
      8.809     8.0565    28.5191    22.1814 2.4054e+00     0.1249      0.015    1474.82     91.431     8.9840 140.409934     6.2865      8.893  0.000e+00
      8.853     8.0631    28.5117    22.1747 2.4298e+00     0.1249      0.015    1474.83     91.395     8.9795 140.409934     6.2833      8.937  0.000e+00
      8.877     8.0648    28.5096    22.1728 2.4664e+00     0.1249      0.015    1474.84     91.415     8.9813 140.409935     6.2846      8.962  0.000e+00
      8.893     8.0518    28.5193    22.1822 2.4786e+00     0.1249      0.015    1474.80     91.445     8.9863 140.409935     6.2881      8.978  0.000e+00
      8.913     8.0293    28.5377    22.1996 2.4542e+00     0.1249      0.015    1474.74     91.416     8.9870 140.409936     6.2886      8.997  0.000e+00
      8.937     8.0029    28.5579    22.2190 2.4420e+00     0.1249      0.015    1474.66     91.389     8.9886 140.409936     6.2897      9.022  0.000e+00
      8.965     7.9842    28.5727    22.2332 2.4298e+00     0.1249      0.015    1474.61     91.413     8.9939 140.409937     6.2934      9.050  0.000e+00
      8.995     7.9770    28.5791    22.2391 2.4420e+00     0.1249      0.011    1474.59     91.377     8.9915 140.409937     6.2917      9.081  0.000e+00
      9.013     7.9575    28.5942    22.2536 2.4420e+00     0.1249      0.011    1474.53     91.405     8.9973 140.409938     6.2958      9.099  0.000e+00
      9.033     7.9384    28.6107    22.2691 2.4420e+00     0.1249      0.011    1474.48     91.366     8.9965 140.409938     6.2952      9.118  0.000e+00
      9.068     7.9282    28.6203    22.2780 2.4420e+00     0.1249      0.011    1474.45     91.390     9.0004 140.409939     6.2980      9.154  0.000e+00
      9.109     7.9045    28.6401    22.2967 2.4542e+00     0.1249      0.011    1474.39     91.356     9.0007 140.409939     6.2982      9.195  0.000e+00
      9.104     7.8895    28.6526    22.3085 2.4542e+00     0.1249      0.011    1474.34     91.315     8.9991 140.409940     6.2970      9.190  0.000e+00
      9.151     7.8981    28.6452    22.3016 2.4542e+00     0.1249      0.015    1474.37     91.269     8.9932 140.409940     6.2929      9.238  0.000e+00
      9.169     7.9143    28.6311    22.2883 2.4420e+00     0.1249      0.015    1474.41     91.279     8.9917 140.409941     6.2919      9.256  0.000e+00
      9.199     7.9371    28.6119    22.2702 2.4420e+00     0.1249      0.015    1474.48     91.229     8.9832 140.409941     6.2859      9.287  0.000e+00
      9.224     7.8866    28.6478    22.3051 2.4420e+00     0.1249      0.015    1474.33     91.167     8.9854 140.409942     6.2874      9.311  0.000e+00
      9.251     7.6271    28.8326    22.4845 2.4664e+00     0.1249      0.015    1473.55     91.110     9.0225 140.409942     6.3134      9.339  0.000e+00
      9.271     7.5035    28.8962    22.5506 2.4664e+00     0.1249      0.015    1473.15     91.115     9.0449 140.409943     6.3291      9.359  0.000e+00
      9.282     7.4071    28.9562    22.6103 2.4542e+00     0.1249      0.011    1472.85     91.059     9.0558 140.409943     6.3367      9.370  0.000e+00
      9.324     7.3671    28.9811    22.6349 2.4420e+00     0.1261      0.015    1472.73     91.058     9.0626 140.409944     6.3415      9.413  0.000e+00
      9.342     7.3728    28.9731    22.6279 2.4298e+00     0.1249      0.015    1472.74     91.002     9.0564 140.409944     6.3371      9.431  0.000e+00
      9.335     7.3690    28.9734    22.6286 2.4054e+00     0.1249      0.011    1472.73     90.941     9.0510 140.409945     6.3334      9.424  0.000e+00
      9.426     7.3618    28.9701    22.6270 2.3932e+00     0.1249      0.015    1472.70     90.945     9.0531 140.409945     6.3348      9.516  0.000e+00
      9.437     7.3554    28.9691    22.6270 2.3932e+00     0.1249      0.015    1472.67     90.949     9.0549 140.409946     6.3361      9.527  0.000e+00
      9.450     7.3639    28.9656    22.6232 2.3932e+00     0.1249      0.015    1472.70     90.899     9.0484 140.409946     6.3315      9.540  0.000e+00
      9.479     7.3487    28.9845    22.6400 2.3810e+00     0.1249      0.015    1472.66     90.845     9.0451 140.409946     6.3292      9.570  0.000e+00
      9.497     7.3441    28.9922    22.6466 2.3687e+00     0.1249      0.015    1472.66     90.785     9.0396 140.409947     6.3254      9.588  0.000e+00
      9.533     7.3450    28.9933    22.6473 2.3565e+00     0.1249      0.015    1472.66     90.727     9.0335 140.409947     6.3211      9.624  0.000e+00
      9.551     7.3419    28.9966    22.6504 2.3443e+00     0.1249      0.015    1472.65     90.662     9.0276 140.409948     6.3170      9.642  0.000e+00
      9.581     7.3502    28.9912    22.6450 2.3321e+00     0.1249      0.015    1472.68     90.654     9.0254 140.409948     6.3154      9.673  0.000e+00
      9.617     7.3650    28.9816    22.6356 2.3199e+00     0.1261      0.015    1472.73     90.586     9.0160 140.409949     6.3089      9.709  0.000e+00
      9.622     7.3825    28.9698    22.6241 2.2833e+00     0.1249      0.011    1472.78     90.519     9.0064 140.409949     6.3022      9.713  0.000e+00
      9.653     7.3886    28.9655    22.6199 2.2466e+00     0.1249      0.015    1472.80     90.447     8.9983 140.409950     6.2965      9.745  0.000e+00
      9.666     7.3582    28.9846    22.6388 2.2100e+00     0.1249      0.015    1472.70     90.371     8.9958 140.409950     6.2948      9.758  0.000e+00
      9.695     7.3314    29.0014    22.6555 2.1734e+00     0.1249      0.015    1472.62     90.296     8.9930 140.409951     6.2928      9.787  0.000e+00
      9.737     7.3281    29.0034    22.6575 2.1612e+00     0.1249      0.015    1472.61     90.224     8.9863 140.409951     6.2881      9.830  0.000e+00
      9.737     7.3614    28.9781    22.6333 2.1490e+00     0.1249      0.015    1472.71     90.145     8.9731 140.409952     6.2789      9.830  0.000e+00
      9.755     7.3776    28.9671    22.6226 2.1368e+00     0.1249      0.015    1472.76     90.132     8.9691 140.409952     6.2760      9.848  0.000e+00
      9.832     7.3761    28.9684    22.6238 2.1368e+00     0.1249      0.015    1472.76     90.060     8.9621 140.409953     6.2712      9.926  0.000e+00
      9.832     7.3567    28.9814    22.6365 2.1368e+00     0.1261      0.015    1472.70     89.983     8.9577 140.409953     6.2681      9.926  0.000e+00
      9.868     7.3265    29.0007    22.6555 2.1245e+00     0.1249      0.015    1472.60     89.909     8.9555 140.409954     6.2665      9.962  0.000e+00
      9.886     7.3018    29.0167    22.6713 2.1123e+00     0.1249      0.015    1472.53     89.830     8.9518 140.409954     6.2639      9.980  0.000e+00
      9.915     7.2839    29.0295    22.6836 2.1001e+00     0.1249      0.015    1472.47     89.808     8.9525 140.409955     6.2645     10.009  0.000e+00
      9.928     7.2679    29.0411    22.6948 2.1001e+00     0.1249      0.015    1472.43     89.673     8.9417 140.409955     6.2569     10.022  0.000e+00
      9.975     7.2422    29.0610    22.7137 2.1001e+00     0.1249      0.015    1472.35     89.650     8.9435 140.409956     6.2582     10.070  0.000e+00
      9.981     7.2195    29.0773    22.7294 2.0879e+00     0.1249      0.015    1472.28     89.575     8.9398 140.409956     6.2555     10.076  0.000e+00
     10.012     7.2017    29.0918    22.7431 2.0757e+00     0.1249      0.011    1472.23     89.496     8.9347 140.409957     6.2520     10.107  0.000e+00
     10.048     7.1853    29.1032    22.7541 2.0757e+00     0.1261      0.015    1472.18     89.412     8.9291 140.409957     6.2481     10.143  0.000e+00
     10.066     7.1767    29.1089    22.7597 2.0513e+00     0.1249      0.015    1472.16     89.332     8.9226 140.409958     6.2435     10.161  0.000e+00
     10.095     7.1790    29.1069    22.7579 2.0513e+00     0.1249      0.015    1472.16     89.248     8.9138 140.409958     6.2373     10.191  0.000e+00
     10.119     7.1624    29.1242    22.7735 2.0635e+00     0.1249      0.015    1472.12     89.167     8.9082 140.409959     6.2334     10.215  0.000e+00
     10.143     7.1490    29.1421    22.7893 2.0635e+00     0.1249      0.015    1472.09     89.091     8.9022 140.409959     6.2292     10.240  0.000e+00
     10.148     7.1430    29.1519    22.7978 2.0635e+00     0.1249      0.015    1472.08     89.011     8.8949 140.409959     6.2241     10.245  0.000e+00
     10.203     7.1334    29.1616    22.8067 2.0635e+00     0.1249      0.015    1472.05     88.928     8.8880 140.409960     6.2193     10.300  0.000e+00
     10.215     7.1128    29.1796    22.8234 2.0635e+00     0.1249      0.015    1472.00     88.848     8.8833 140.409960     6.2160     10.312  0.000e+00
     10.239     7.0883    29.2020    22.8441 2.0513e+00     0.1249      0.015    1471.93     88.766     8.8788 140.409961     6.2128     10.336  0.000e+00
     10.268     7.0625    29.2259    22.8661 2.0513e+00     0.1249      0.015    1471.86     88.750     8.8811 140.409961     6.2145     10.366  0.000e+00
     10.286     7.0372    29.2493    22.8877 2.0513e+00     0.1249      0.015    1471.79     88.677     8.8776 140.409962     6.2120     10.384  0.000e+00
     10.310     7.0247    29.2611    22.8985 2.0513e+00     0.1249      0.015    1471.75     88.608     8.8726 140.409962     6.2086     10.408  0.000e+00
     10.334     7.0140    29.2711    22.9077 2.0513e+00     0.1249      0.011    1471.72     88.537     8.8671 140.409963     6.2047     10.433  0.000e+00
     10.375     6.9987    29.2901    22.9246 2.0391e+00     0.1249      0.015    1471.69     88.463     8.8617 140.409963     6.2009     10.474  0.000e+00
     10.381     6.9921    29.3029    22.9355 2.0513e+00     0.1249      0.015    1471.68     88.386     8.8546 140.409964     6.1959     10.480  0.000e+00
     10.417     6.9916    29.3075    22.9392 2.0635e+00     0.1249      0.015    1471.68     88.314     8.8472 140.409964     6.1908     10.516  0.000e+00
     10.430     6.9880    29.3116    22.9429 2.0635e+00     0.1249      0.015    1471.67     88.239     8.8402 140.409965     6.1859     10.529  0.000e+00
     10.466     6.9822    29.3167    22.9476 2.0513e+00     0.1249      0.015    1471.66     88.162     8.8334 140.409965     6.1811     10.565  0.000e+00
     10.495     6.9738    29.3235    22.9540 2.0513e+00     0.1249      0.015    1471.63     88.144     8.8329 140.409966     6.1808     10.595  0.000e+00
     10.501     6.9661    29.3314    22.9612 2.0269e+00     0.1249      0.015    1471.61     88.077     8.8273 140.409966     6.1768     10.601  0.000e+00
     10.526     6.9629    29.3387    22.9673 2.0269e+00     0.1249      0.015    1471.61     87.945     8.8144 140.409967     6.1678     10.626  0.000e+00
     10.561     6.9581    29.3477    22.9750 2.0269e+00     0.1249      0.015    1471.60     87.874     8.8077 140.409967     6.1631     10.662  0.000e+00
     10.579     6.9466    29.3648    22.9899 2.0269e+00     0.1249      0.015    1471.58     87.862     8.8078 140.409968     6.1632     10.680  0.000e+00
     10.608     6.9425    29.3746    22.9981 2.0147e+00     0.1249      0.015    1471.58     87.794     8.8013 140.409968     6.1586     10.709  0.000e+00
     10.632     6.9383    29.3839    23.0060 2.0147e+00     0.1249      0.015    1471.57     87.731     8.7953 140.409969     6.1545     10.734  0.000e+00
     10.681     6.9246    29.4017    23.0217 2.0024e+00     0.1249      0.015    1471.54     87.675     8.7915 140.409969     6.1517     10.783  0.000e+00
     10.668     6.9044    29.4230    23.0409 1.9902e+00     0.1249      0.015    1471.49     87.616     8.7885 140.409970     6.1497     10.770  0.000e+00
     10.710     6.8966    29.4314    23.0485 1.9780e+00     0.1249      0.015    1471.47     87.619     8.7898 140.409970     6.1506     10.812  0.000e+00
     10.741     6.8956    29.4318    23.0489 1.9658e+00     0.1249      0.015    1471.47     87.565     8.7846 140.409971     6.1469     10.843  0.000e+00
     10.752     6.8939    29.4318    23.0491 1.9658e+00     0.1249      0.015    1471.46     87.509     8.7793 140.409971     6.1432     10.855  0.000e+00
     10.777     6.8917    29.4294    23.0475 1.9536e+00     0.1249      0.015    1471.45     87.389     8.7679 140.409972     6.1353     10.879  0.000e+00
     10.801     6.8848    29.4330    23.0512 1.9414e+00     0.1249      0.015    1471.43     87.330     8.7632 140.409972     6.1319     10.904  0.000e+00
     10.819     6.8469    29.4676    23.0831 1.9292e+00     0.1261      0.015    1471.32     87.331     8.7690 140.409973     6.1360     10.922  0.000e+00
     10.848     6.7664    29.5454    23.1544 1.9292e+00     0.1249      0.015    1471.10     87.276     8.7754 140.409973     6.1405     10.951  0.000e+00
     10.872     6.6874    29.6240    23.2259 1.9170e+00     0.1249      0.015    1470.89     87.158     8.7751 140.409973     6.1403     10.976  0.000e+00
     10.908     6.6636    29.6460    23.2461 1.8926e+00     0.1249      0.015    1470.82     87.093     8.7722 140.409974     6.1383     11.012  0.000e+00
     10.919     6.6966    29.6122    23.2155 1.8803e+00     0.1249      0.015    1470.91     87.027     8.7607 140.409974     6.1303     11.023  0.000e+00
     10.955     6.7456    29.5638    23.1714 1.8437e+00     0.1249      0.015    1471.04     86.960     8.7468 140.409975     6.1205     11.059  0.000e+00
     10.986     6.7857    29.5259    23.1366 1.8071e+00     0.1249      0.015    1471.15     86.892     8.7340 140.409975     6.1115     11.090  0.000e+00
     10.992     6.8016    29.5122    23.1239 1.7827e+00     0.1249      0.015    1471.20     86.830     8.7253 140.409976     6.1055     11.097  0.000e+00
     11.028     6.8148    29.5038    23.1156 1.7705e+00     0.1249      0.015    1471.24     86.768     8.7168 140.409976     6.0995     11.133  0.000e+00
     11.050     6.8195    29.5035    23.1148 1.7582e+00     0.1249      0.015    1471.26     86.642     8.7033 140.409977     6.0901     11.155  0.000e+00
     11.063     6.8172    29.5086    23.1191 1.7582e+00     0.1249      0.015    1471.26     86.632     8.7024 140.409977     6.0895     11.168  0.000e+00
     11.088     6.8076    29.5188    23.1283 1.7460e+00     0.1249      0.015    1471.23     86.566     8.6972 140.409978     6.0858     11.193  0.000e+00
     11.105     6.7980    29.5285    23.1371 1.7460e+00     0.1261      0.015    1471.21     86.446     8.6865 140.409978     6.0783     11.211  0.000e+00
     11.147     6.7945    29.5348    23.1426 1.7338e+00     0.1249      0.015    1471.20     86.310     8.6732 140.409979     6.0690     11.254  0.000e+00
     11.147     6.7937    29.5384    23.1454 1.7216e+00     0.1249      0.015    1471.20     86.235     8.6657 140.409979     6.0637     11.254  0.000e+00
     11.183     6.7900    29.5423    23.1490 1.7216e+00     0.1249      0.015    1471.19     86.161     8.6587 140.409980     6.0589     11.289  0.000e+00
     11.206     6.7806    29.5519    23.1577 1.7094e+00     0.1249      0.015    1471.17     86.025     8.6464 140.409980     6.0502     11.312  0.000e+00
     11.230     6.7718    29.5618    23.1666 1.7094e+00     0.1249      0.015    1471.15     85.943     8.6394 140.409981     6.0453     11.337  0.000e+00
