Cq1_200519_down.cnv
* Sea-Bird SBE 9 Data File:
* FileName = C:\CTD Brukere\NIVA\IO2019\20190520\Cq1_200519.hex
* Software Version Seasave V 7.23.2
* Temperature SN = 5352
* Conductivity SN = 3840
* Number of Bytes Per Scan = 28
* Number of Voltage Words = 4
* Number of Scans Averaged by the Deck Unit = 1
* NMEA baud rate = 4800
** Ship: R/V Trygve Braarud
** Cruise:
** Station:
** Operator:
# nquan = 14
# nvalues = 3741                                  
# units = specified
# name 0 = depSM: Depth [salt water, m], lat = 59.60
# name 1 = t090C: Temperature [ITS-90, deg C]
# name 2 = sal00: Salinity, Practical [PSU]
# name 3 = sigma-t00: Density [sigma-t, kg/m^3 ]
# name 4 = flSP: Fluorescence, Seapoint
# name 5 = wetStar: Fluorescence, WET Labs WETstar [mg/m^3]
# name 6 = seaTurbMtr: Turbidity, Seapoint [FTU]
# name 7 = svCM: Sound Velocity [Chen-Millero, m/s]
# name 8 = sbeox0PS: Oxygen, SBE 43 [% saturation]
# name 9 = sbeox0Mg/L: Oxygen, SBE 43 [mg/l]
# name 10 = timeJ: Julian Days
# name 11 = sbeox0ML/L: Oxygen, SBE 43 [ml/l]
# name 12 = prDM: Pressure, Digiquartz [db]
# name 13 = flag:  0.000e+00
# span 0 =     -0.028,     68.123                 
# span 1 =     6.0560,    12.6310                 
# span 2 =    25.6669,    33.0478                 
# span 3 =    19.2422,    25.7992                 
# span 4 = 1.7094e-01, 4.8352e+00                 
# span 5 =     0.1237,     0.1261                 
# span 6 =      0.007,      0.018                 
# span 7 =    1470.00,    1487.89                 
# span 8 =     40.823,     99.668                 
# span 9 =     3.9482,     9.3294                 
# span 10 = 140.409583, 140.411387                
# span 11 =     2.7627,     6.5282                
# span 12 =     -0.029,     68.780                
# span 13 = 0.0000e+00, 0.0000e+00                
# interval = seconds: 0.0416667
# start_time = May 20 2019 09:49:48 [System UpLoad Time]
# bad_flag = -9.990e-29
*END*
[from data line 2271]
     45.794     7.3454    32.8837    25.7049 1.8315e-01     0.1249      0.015    1478.11     43.735     4.2449 140.410679     2.9703     46.234  0.000e+00
     45.838     7.3431    32.8796    25.7020 1.8315e-01     0.1249      0.015    1478.09     43.739     4.2456 140.410679     2.9708     46.278  0.000e+00
     45.850     7.3380    32.8768    25.7004 1.8315e-01     0.1249      0.018    1478.07     43.681     4.2406 140.410679     2.9673     46.290  0.000e+00
     45.879     7.3382    32.8817    25.7043 1.7094e-01     0.1249      0.018    1478.08     43.742     4.2463 140.410680     2.9713     46.319  0.000e+00
     45.910     7.3429    32.8917    25.7115 1.7094e-01     0.1249      0.018    1478.11     43.748     4.2462 140.410680     2.9713     46.350  0.000e+00
     45.910     7.3486    32.8958    25.7140 1.7094e-01     0.1249      0.015    1478.13     43.747     4.2455 140.410681     2.9707     46.350  0.000e+00
     45.950     7.3520    32.8956    25.7133 1.7094e-01     0.1249      0.015    1478.15     43.686     4.2392 140.410681     2.9663     46.391  0.000e+00
     45.970     7.3544    32.8945    25.7121 1.7094e-01     0.1249      0.018    1478.16     43.680     4.2384 140.410682     2.9658     46.411  0.000e+00
     45.994     7.3554    32.8941    25.7116 1.7094e-01     0.1249      0.018    1478.16     43.675     4.2378 140.410682     2.9654     46.436  0.000e+00
     46.022     7.3564    32.8938    25.7113 1.7094e-01     0.1249      0.018    1478.16     43.670     4.2373 140.410683     2.9650     46.464  0.000e+00
     46.043     7.3561    32.8946    25.7120 1.7094e-01     0.1249      0.018    1478.16     43.667     4.2370 140.410683     2.9648     46.485  0.000e+00
     46.079     7.3574    32.8996    25.7157 1.7094e-01     0.1249      0.015    1478.18     43.665     4.2365 140.410684     2.9645     46.521  0.000e+00
     46.082     7.3627    32.9027    25.7175 1.7094e-01     0.1249      0.015    1478.20     43.663     4.2357 140.410684     2.9639     46.524  0.000e+00
     46.114     7.3651    32.8994    25.7145 1.7094e-01     0.1249      0.018    1478.21     43.662     4.2355 140.410685     2.9638     46.557  0.000e+00
     46.139     7.3649    32.9015    25.7162 1.7094e-01     0.1261      0.018    1478.21     43.663     4.2355 140.410685     2.9638     46.582  0.000e+00
     46.166     7.3689    32.9060    25.7192 1.7094e-01     0.1249      0.018    1478.23     43.664     4.2351 140.410686     2.9635     46.609  0.000e+00
     46.186     7.3733    32.9086    25.7206 1.7094e-01     0.1261      0.015    1478.25     43.666     4.2349 140.410686     2.9633     46.629  0.000e+00
     46.210     7.3760    32.9082    25.7199 1.7094e-01     0.1249      0.015    1478.26     43.669     4.2349 140.410687     2.9633     46.654  0.000e+00
     46.251     7.3772    32.9071    25.7189 1.8315e-01     0.1249      0.018    1478.27     43.673     4.2352 140.410687     2.9636     46.695  0.000e+00
     46.270     7.3762    32.8988    25.7125 1.7094e-01     0.1249      0.015    1478.25     43.679     4.2360 140.410688     2.9641     46.714  0.000e+00
     46.286     7.3692    32.8860    25.7034 1.7094e-01     0.1249      0.018    1478.21     43.685     4.2377 140.410688     2.9653     46.731  0.000e+00
     46.319     7.3612    32.8823    25.7016 1.7094e-01     0.1249      0.018    1478.17     43.684     4.2385 140.410689     2.9659     46.764  0.000e+00
     46.343     7.3601    32.8939    25.7109 1.7094e-01     0.1249      0.015    1478.18     43.684     4.2383 140.410689     2.9657     46.788  0.000e+00
     46.360     7.3662    32.9067    25.7201 1.7094e-01     0.1249      0.015    1478.22     43.630     4.2321 140.410690     2.9614     46.805  0.000e+00
     46.403     7.3729    32.9098    25.7216 1.7094e-01     0.1249      0.018    1478.25     43.694     4.2376 140.410690     2.9652     46.849  0.000e+00
     46.403     7.3758    32.9051    25.7175 1.7094e-01     0.1249      0.018    1478.26     43.634     4.2316 140.410691     2.9610     46.849  0.000e+00
     46.455     7.3739    32.8983    25.7124 1.7094e-01     0.1249      0.018    1478.24     43.631     4.2316 140.410691     2.9611     46.901  0.000e+00
     46.464     7.3690    32.8957    25.7111 1.7094e-01     0.1249      0.015    1478.22     43.690     4.2379 140.410692     2.9655     46.910  0.000e+00
     46.491     7.3678    32.8927    25.7089 1.7094e-01     0.1249      0.015    1478.21     43.633     4.2326 140.410692     2.9617     46.938  0.000e+00
     46.524     7.3633    32.8845    25.7031 1.7094e-01     0.1249      0.015    1478.19     43.632     4.2332 140.410693     2.9621     46.970  0.000e+00
     46.546     7.3548    32.8829    25.7030 1.7094e-01     0.1249      0.018    1478.15     43.632     4.2340 140.410693     2.9627     46.993  0.000e+00
     46.576     7.3524    32.8909    25.7096 1.8315e-01     0.1249      0.018    1478.15     43.632     4.2341 140.410693     2.9628     47.023  0.000e+00
     46.595     7.3584    32.8971    25.7136 1.7094e-01     0.1249      0.015    1478.19     43.626     4.2327 140.410694     2.9618     47.042  0.000e+00
     46.623     7.3628    32.8998    25.7151 1.7094e-01     0.1249      0.015    1478.21     43.628     4.2324 140.410694     2.9616     47.070  0.000e+00
     46.644     7.3650    32.9006    25.7155 1.7094e-01     0.1249      0.018    1478.22     43.630     4.2324 140.410695     2.9616     47.092  0.000e+00
     46.680     7.3657    32.8969    25.7124 1.7094e-01     0.1249      0.015    1478.22     43.634     4.2328 140.410695     2.9619     47.128  0.000e+00
     46.696     7.3620    32.8908    25.7082 1.7094e-01     0.1249      0.018    1478.19     43.639     4.2338 140.410696     2.9626     47.144  0.000e+00
     46.727     7.3545    32.8835    25.7034 1.7094e-01     0.1249      0.018    1478.16     43.638     4.2346 140.410696     2.9631     47.175  0.000e+00
     46.743     7.3481    32.8882    25.7081 1.7094e-01     0.1249      0.018    1478.14     43.644     4.2357 140.410697     2.9639     47.192  0.000e+00
     46.787     7.3554    32.9062    25.7212 1.7094e-01     0.1249      0.018    1478.19     43.651     4.2352 140.410697     2.9635     47.236  0.000e+00
     46.800     7.3720    32.9179    25.7281 1.7094e-01     0.1249      0.015    1478.27     43.651     4.2332 140.410698     2.9622     47.249  0.000e+00
     46.839     7.3824    32.9155    25.7248 1.7094e-01     0.1249      0.018    1478.31     43.659     4.2331 140.410698     2.9621     47.289  0.000e+00
     46.871     7.3809    32.9054    25.7171 1.7094e-01     0.1249      0.018    1478.29     43.661     4.2337 140.410699     2.9625     47.321  0.000e+00
     46.888     7.3761    32.9051    25.7175 1.7094e-01     0.1249      0.018    1478.27     43.664     4.2345 140.410699     2.9630     47.338  0.000e+00
     46.907     7.3779    32.9105    25.7215 1.7094e-01     0.1249      0.018    1478.28     43.667     4.2345 140.410700     2.9630     47.357  0.000e+00
     46.948     7.3813    32.9113    25.7216 1.7094e-01     0.1249      0.015    1478.30     43.671     4.2345 140.410700     2.9630     47.398  0.000e+00
     46.967     7.3824    32.9093    25.7199 1.7094e-01     0.1249      0.015    1478.30     43.675     4.2349 140.410701     2.9633     47.418  0.000e+00
     46.991     7.3811    32.9065    25.7179 1.7094e-01     0.1249      0.018    1478.29     43.681     4.2356 140.410701     2.9638     47.443  0.000e+00
     47.043     7.3797    32.9062    25.7178 1.7094e-01     0.1249      0.015    1478.29     43.625     4.2303 140.410702     2.9601     47.495  0.000e+00
     47.040     7.3781    32.9042    25.7164 1.7094e-01     0.1249      0.015    1478.28     43.624     4.2304 140.410702     2.9602     47.492  0.000e+00
     47.092     7.3736    32.9040    25.7169 1.7094e-01     0.1249      0.015    1478.26     43.624     4.2309 140.410703     2.9605     47.544  0.000e+00
     47.100     7.3735    32.9059    25.7185 1.7094e-01     0.1249      0.015    1478.26     43.617     4.2302 140.410703     2.9600     47.553  0.000e+00
     47.152     7.3772    32.9068    25.7186 1.7094e-01     0.1249      0.018    1478.28     43.619     4.2300 140.410704     2.9599     47.605  0.000e+00
     47.172     7.3787    32.9037    25.7160 1.7094e-01     0.1249      0.018    1478.28     43.622     4.2301 140.410704     2.9600     47.625  0.000e+00
     47.188     7.3769    32.9007    25.7139 1.7094e-01     0.1249      0.018    1478.27     43.625     4.2307 140.410705     2.9604     47.641  0.000e+00
     47.232     7.3749    32.9027    25.7158 1.7094e-01     0.1249      0.015    1478.27     43.622     4.2306 140.410705     2.9603     47.685  0.000e+00
     47.248     7.3752    32.9086    25.7203 1.7094e-01     0.1249      0.015    1478.28     43.619     4.2301 140.410706     2.9600     47.702  0.000e+00
     47.281     7.3790    32.9133    25.7235 1.7094e-01     0.1249      0.018    1478.30     43.617     4.2294 140.410706     2.9595     47.735  0.000e+00
     47.295     7.3840    32.9180    25.7265 1.7094e-01     0.1249      0.018    1478.32     43.616     4.2287 140.410707     2.9590     47.749  0.000e+00
     47.316     7.3914    32.9169    25.7246 1.7094e-01     0.1249      0.018    1478.35     43.614     4.2279 140.410707     2.9584     47.771  0.000e+00
     47.365     7.3915    32.9144    25.7226 1.7094e-01     0.1249      0.018    1478.35     43.614     4.2279 140.410707     2.9584     47.820  0.000e+00
     47.380     7.3870    32.9127    25.7219 1.7094e-01     0.1249      0.018    1478.33     43.615     4.2285 140.410708     2.9588     47.835  0.000e+00
     47.412     7.3832    32.9088    25.7194 1.7094e-01     0.1249      0.018    1478.31     43.616     4.2291 140.410708     2.9592     47.868  0.000e+00
     47.440     7.3817    32.9042    25.7160 1.8315e-01     0.1249      0.015    1478.30     43.618     4.2295 140.410709     2.9596     47.895  0.000e+00
     47.450     7.3798    32.9012    25.7138 1.7094e-01     0.1249      0.015    1478.29     43.620     4.2300 140.410709     2.9599     47.905  0.000e+00
     47.500     7.3760    32.9008    25.7141 1.7094e-01     0.1249      0.018    1478.27     43.624     4.2307 140.410710     2.9604     47.956  0.000e+00
     47.510     7.3742    32.8949    25.7097 1.7094e-01     0.1249      0.018    1478.26     43.565     4.2254 140.410710     2.9567     47.966  0.000e+00
     47.524     7.3703    32.8892    25.7058 1.7094e-01     0.1249      0.015    1478.24     43.562     4.2256 140.410711     2.9568     47.981  0.000e+00
     47.557     7.3659    32.9020    25.7164 1.7094e-01     0.1249      0.018    1478.24     43.561     4.2255 140.410711     2.9568     48.013  0.000e+00
     47.584     7.3757    32.9120    25.7229 1.7094e-01     0.1249      0.018    1478.29     43.559     4.2241 140.410712     2.9558     48.041  0.000e+00
     47.617     7.3774    32.9197    25.7288 1.7094e-01     0.1249      0.018    1478.30     43.497     4.2177 140.410712     2.9513     48.074  0.000e+00
     47.645     7.3795    32.9163    25.7258 1.7094e-01     0.1249      0.018    1478.31     43.552     4.2230 140.410713     2.9550     48.102  0.000e+00
     47.677     7.3819    32.9062    25.7176 1.7094e-01     0.1249      0.018    1478.31     43.547     4.2225 140.410713     2.9547     48.135  0.000e+00
     47.669     7.3789    32.9030    25.7154 1.7094e-01     0.1249      0.015    1478.29     43.549     4.2231 140.410714     2.9551     48.127  0.000e+00
     47.726     7.3783    32.9113    25.7221 1.7094e-01     0.1249      0.015    1478.30     43.545     4.2226 140.410714     2.9547     48.184  0.000e+00
     47.753     7.3865    32.9229    25.7300 1.7094e-01     0.1249      0.018    1478.35     43.541     4.2211 140.410715     2.9537     48.212  0.000e+00
     47.761     7.3975    32.9254    25.7304 1.7094e-01     0.1249      0.015    1478.39     43.545     4.2203 140.410715     2.9531     48.220  0.000e+00
     47.776     7.4012    32.9214    25.7268 1.7094e-01     0.1249      0.015    1478.40     43.481     4.2139 140.410716     2.9486     48.235  0.000e+00
     47.813     7.4006    32.9170    25.7234 1.7094e-01     0.1249      0.018    1478.39     43.535     4.2192 140.410716     2.9524     48.273  0.000e+00
     47.846     7.3992    32.9094    25.7176 1.7094e-01     0.1249      0.018    1478.38     43.472     4.2135 140.410717     2.9484     48.305  0.000e+00
     47.849     7.3961    32.8957    25.7073 1.7094e-01     0.1261      0.018    1478.35     43.465     4.2135 140.410717     2.9484     48.309  0.000e+00
     47.893     7.3865    32.8883    25.7028 1.7094e-01     0.1249      0.018    1478.30     43.460     4.2141 140.410718     2.9488     48.353  0.000e+00
     47.896     7.3760    32.8872    25.7034 1.7094e-01     0.1249      0.018    1478.26     43.455     4.2147 140.410718     2.9492     48.356  0.000e+00
     47.942     7.3692    32.8888    25.7056 1.7094e-01     0.1249      0.018    1478.24     43.451     4.2150 140.410719     2.9494     48.402  0.000e+00
     47.945     7.3650    32.8947    25.7108 1.7094e-01     0.1249      0.018    1478.23     43.448     4.2149 140.410719     2.9493     48.406  0.000e+00
     47.966     7.3644    32.9103    25.7232 1.7094e-01     0.1249      0.018    1478.25     43.446     4.2143 140.410720     2.9489     48.427  0.000e+00
     48.005     7.3680    32.9274    25.7361 1.8315e-01     0.1261      0.015    1478.28     43.444     4.2133 140.410720     2.9482     48.466  0.000e+00
     48.002     7.3806    32.9315    25.7376 1.7094e-01     0.1249      0.018    1478.34     43.443     4.2119 140.410720     2.9472     48.463  0.000e+00
     48.041     7.3959    32.9262    25.7313 1.8315e-01     0.1249      0.018    1478.39     43.443     4.2105 140.410721     2.9463     48.502  0.000e+00
     48.075     7.4045    32.9229    25.7275 1.7094e-01     0.1249      0.018    1478.42     43.444     4.2099 140.410721     2.9458     48.537  0.000e+00
     48.090     7.4085    32.9204    25.7250 1.7094e-01     0.1249      0.018    1478.43     43.384     4.2038 140.410722     2.9416     48.552  0.000e+00
     48.101     7.4087    32.9179    25.7230 1.7094e-01     0.1261      0.015    1478.43     43.380     4.2035 140.410722     2.9413     48.563  0.000e+00
     48.135     7.4079    32.9153    25.7211 1.7094e-01     0.1249      0.015    1478.42     43.378     4.2034 140.410723     2.9413     48.597  0.000e+00
     48.137     7.4068    32.9124    25.7189 1.7094e-01     0.1261      0.015    1478.42     43.376     4.2034 140.410723     2.9413     48.599  0.000e+00
     48.171     7.4026    32.9100    25.7176 1.7094e-01     0.1249      0.018    1478.40     43.376     4.2039 140.410724     2.9416     48.634  0.000e+00
     48.185     7.3976    32.9110    25.7191 1.7094e-01     0.1249      0.018    1478.38     43.377     4.2044 140.410724     2.9420     48.648  0.000e+00
     48.218     7.3921    32.9098    25.7189 1.7094e-01     0.1249      0.015    1478.36     43.380     4.2053 140.410725     2.9426     48.681  0.000e+00
     48.221     7.3872    32.9078    25.7180 1.7094e-01     0.1249      0.015    1478.34     43.314     4.1994 140.410725     2.9385     48.684  0.000e+00
     48.255     7.3846    32.9059    25.7169 1.7094e-01     0.1249      0.018    1478.33     43.304     4.1987 140.410726     2.9380     48.719  0.000e+00
     48.281     7.3824    32.9041    25.7158 1.7094e-01     0.1249      0.018    1478.31     43.295     4.1981 140.410726     2.9376     48.745  0.000e+00
     48.293     7.3795    32.9018    25.7144 1.7094e-01     0.1249      0.015    1478.30     43.287     4.1976 140.410727     2.9373     48.757  0.000e+00
     48.315     7.3763    32.8998    25.7133 1.7094e-01     0.1249      0.015    1478.29     43.280     4.1974 140.410727     2.9371     48.780  0.000e+00
     48.353     7.3733    32.8976    25.7119 1.7094e-01     0.1261      0.015    1478.27     43.275     4.1972 140.410728     2.9370     48.817  0.000e+00
