Dk1_200519_down.cnv
* Sea-Bird SBE 9 Data File:
* FileName = C:\CTD Brukere\NIVA\IO2019\20190520\Dk1_200519.hex
* Software Version Seasave V 7.23.2
* Temperature SN = 5352
* Conductivity SN = 3840
* Number of Bytes Per Scan = 28
* Number of Voltage Words = 4
* Number of Scans Averaged by the Deck Unit = 1
* NMEA baud rate = 4800
** Ship: R/V Trygve Braarud
** Cruise:
** Station:
** Operator:
# nquan = 14
# nvalues = 5326                                  
# units = specified
# name 0 = depSM: Depth [salt water, m], lat = 59.60
# name 1 = t090C: Temperature [ITS-90, deg C]
# name 2 = sal00: Salinity, Practical [PSU]
# name 3 = sigma-t00: Density [sigma-t, kg/m^3 ]
# name 4 = flSP: Fluorescence, Seapoint
# name 5 = wetStar: Fluorescence, WET Labs WETstar [mg/m^3]
# name 6 = seaTurbMtr: Turbidity, Seapoint [FTU]
# name 7 = svCM: Sound Velocity [Chen-Millero, m/s]
# name 8 = sbeox0PS: Oxygen, SBE 43 [% saturation]
# name 9 = sbeox0Mg/L: Oxygen, SBE 43 [mg/l]
# name 10 = timeJ: Julian Days
# name 11 = sbeox0ML/L: Oxygen, SBE 43 [ml/l]
# name 12 = prDM: Pressure, Digiquartz [db]
# name 13 = flag:  0.000e+00
# span 0 =      0.070,     98.309                 
# span 1 =     6.1944,    13.3695                 
# span 2 =    24.9304,    33.5564                 
# span 3 =    18.5400,    26.1742                 
# span 4 = 1.5873e-01, 5.4823e+00                 
# span 5 =     0.1249,     0.1273                 
# span 6 =      0.007,      0.018                 
# span 7 =    1471.02,    1489.56                 
# span 8 =     46.293,     97.114                 
# span 9 =     4.5644,     9.5259                 
# span 10 = 140.581493, 140.584061                
# span 11 =     3.1939,     6.6657                
# span 12 =      0.071,     99.266                
# span 13 = 0.0000e+00, 0.0000e+00                
# interval = seconds: 0.0416667
# start_time = May 20 2019 13:57:21 [System UpLoad Time]
# bad_flag = -9.990e-29
*END*
[from data line 413]
      2.195    11.3614    26.2473    19.9108 4.3346e+00     0.1273      0.015    1484.17     93.634     8.6750 140.581692     6.0703      2.216  0.000e+00
      2.218    11.3625    26.2464    19.9099 4.2979e+00     0.1261      0.011    1484.17     93.663     8.6776 140.581693     6.0721      2.239  0.000e+00
      2.253    11.3617    26.2461    19.9098 4.2613e+00     0.1261      0.011    1484.17     93.639     8.6755 140.581693     6.0706      2.275  0.000e+00
      2.278    11.3596    26.2455    19.9097 4.2491e+00     0.1261      0.011    1484.16     93.669     8.6787 140.581694     6.0729      2.299  0.000e+00
      2.302    11.3589    26.2446    19.9090 4.2491e+00     0.1261      0.011    1484.16     93.645     8.6767 140.581694     6.0714      2.324  0.000e+00
      2.326    11.3681    26.2390    19.9032 4.2491e+00     0.1261      0.015    1484.18     93.680     8.6785 140.581695     6.0727      2.348  0.000e+00
      2.362    11.3882    26.2264    19.8900 4.2125e+00     0.1273      0.011    1484.24     93.655     8.6731 140.581695     6.0690      2.384  0.000e+00
      2.409    11.4075    26.2170    19.8795 4.1514e+00     0.1261      0.011    1484.30     93.697     8.6739 140.581696     6.0695      2.432  0.000e+00
      2.409    11.4224    26.2098    19.8715 4.1270e+00     0.1261      0.011    1484.34     93.679     8.6698 140.581696     6.0666      2.432  0.000e+00
      2.444    11.4353    26.2031    19.8641 4.0904e+00     0.1261      0.011    1484.38     93.661     8.6662 140.581697     6.0641      2.468  0.000e+00
      2.469    11.4439    26.1993    19.8597 4.0537e+00     0.1261      0.011    1484.41     93.645     8.6633 140.581697     6.0620      2.492  0.000e+00
      2.504    11.4484    26.1975    19.8576 3.9927e+00     0.1261      0.015    1484.42     93.684     8.6661 140.581698     6.0640      2.528  0.000e+00
      2.529    11.4511    26.1964    19.8562 3.9560e+00     0.1261      0.011    1484.43     93.729     8.6699 140.581698     6.0667      2.553  0.000e+00
      2.553    11.4527    26.1971    19.8565 3.9194e+00     0.1261      0.011    1484.44     93.722     8.6688 140.581698     6.0659      2.577  0.000e+00
      2.600    11.4433    26.2051    19.8643 3.8828e+00     0.1261      0.011    1484.42     93.716     8.6696 140.581699     6.0665      2.624  0.000e+00
      2.613    11.4273    26.2158    19.8753 3.8462e+00     0.1261      0.011    1484.37     93.826     8.6822 140.581699     6.0753      2.637  0.000e+00
      2.635    11.4047    26.2282    19.8887 3.7973e+00     0.1261      0.011    1484.31     93.828     8.6860 140.581700     6.0779      2.660  0.000e+00
      2.684    11.3775    26.2405    19.9027 3.7729e+00     0.1261      0.011    1484.23     93.832     8.6908 140.581700     6.0813      2.709  0.000e+00
      2.708    11.3560    26.2461    19.9107 3.7607e+00     0.1273      0.011    1484.16     93.891     8.7000 140.581701     6.0877      2.734  0.000e+00
      2.732    11.3377    26.2455    19.9133 3.7485e+00     0.1261      0.011    1484.09     93.950     8.7089 140.581701     6.0940      2.758  0.000e+00
      2.779    11.3266    26.2417    19.9122 3.7485e+00     0.1273      0.015    1484.05     93.956     8.7118 140.581702     6.0960      2.806  0.000e+00
      2.791    11.3329    26.2321    19.9037 3.7607e+00     0.1261      0.015    1484.06     93.961     8.7116 140.581702     6.0959      2.817  0.000e+00
      2.828    11.3348    26.2321    19.9034 3.7851e+00     0.1273      0.015    1484.07     94.022     8.7169 140.581703     6.0996      2.855  0.000e+00
      2.851    11.3267    26.2385    19.9097 3.8095e+00     0.1261      0.011    1484.05     94.091     8.7244 140.581703     6.1048      2.878  0.000e+00
      2.886    11.3201    26.2404    19.9122 3.8462e+00     0.1261      0.011    1484.02     94.100     8.7264 140.581704     6.1062      2.914  0.000e+00
      2.899    11.3147    26.2387    19.9118 3.9072e+00     0.1261      0.007    1484.00     94.110     8.7284 140.581704     6.1076      2.927  0.000e+00
      2.946    11.3142    26.2356    19.9095 4.0171e+00     0.1261      0.011    1484.00     94.181     8.7353 140.581705     6.1125      2.974  0.000e+00
      2.959    11.3253    26.2262    19.9004 4.2125e+00     0.1261      0.011    1484.03     94.246     8.7398 140.581705     6.1156      2.987  0.000e+00
      2.995    11.3333    26.2225    19.8962 4.3346e+00     0.1261      0.011    1484.05     94.258     8.7396 140.581706     6.1155      3.023  0.000e+00
      3.019    11.3486    26.2131    19.8863 4.4078e+00     0.1273      0.011    1484.10     94.325     8.7434 140.581706     6.1181      3.048  0.000e+00
      3.055    11.3385    26.2226    19.8954 4.4322e+00     0.1273      0.011    1484.07     94.339     8.7461 140.581707     6.1200      3.084  0.000e+00
      3.090    11.3189    26.2347    19.9080 4.4567e+00     0.1261      0.011    1484.02     94.410     8.7557 140.581707     6.1267      3.119  0.000e+00
      3.114    11.3073    26.2374    19.9121 4.4567e+00     0.1261      0.011    1483.98     94.420     8.7586 140.581708     6.1288      3.144  0.000e+00
      3.150    11.3173    26.2254    19.9010 4.4444e+00     0.1261      0.011    1484.00     94.429     8.7583 140.581708     6.1285      3.180  0.000e+00
      3.161    11.3369    26.2099    19.8858 4.4200e+00     0.1261      0.011    1484.05     94.492     8.7613 140.581709     6.1306      3.191  0.000e+00
      3.197    11.3115    26.2304    19.9059 4.4078e+00     0.1261      0.011    1483.99     94.560     8.7712 140.581709     6.1376      3.227  0.000e+00
      3.233    11.2732    26.2593    19.9347 4.3590e+00     0.1261      0.011    1483.89     94.574     8.7782 140.581710     6.1425      3.263  0.000e+00
      3.257    11.2566    26.2706    19.9462 4.3223e+00     0.1261      0.015    1483.84     94.581     8.7814 140.581710     6.1447      3.288  0.000e+00
      3.292    11.2600    26.2670    19.9429 4.2857e+00     0.1261      0.011    1483.85     94.588     8.7816 140.581711     6.1448      3.324  0.000e+00
      3.328    11.2462    26.2786    19.9541 4.2369e+00     0.1261      0.011    1483.81     94.651     8.7894 140.581711     6.1503      3.360  0.000e+00
      3.341    11.2079    26.3053    19.9812 4.2247e+00     0.1261      0.011    1483.71     94.656     8.7957 140.581712     6.1547      3.373  0.000e+00
      3.377    11.1726    26.3276    20.0043 4.2491e+00     0.1273      0.015    1483.61     94.661     8.8017 140.581712     6.1589      3.409  0.000e+00
      3.412    11.1546    26.3360    20.0138 4.2979e+00     0.1261      0.011    1483.56     94.654     8.8040 140.581712     6.1605      3.445  0.000e+00
      3.459    11.1559    26.3332    20.0114 4.3590e+00     0.1261      0.015    1483.56     94.646     8.8031 140.581713     6.1599      3.492  0.000e+00
      3.459    11.1600    26.3289    20.0074 4.4078e+00     0.1261      0.011    1483.57     94.632     8.8013 140.581713     6.1586      3.492  0.000e+00
      3.496    11.1618    26.3280    20.0064 4.4444e+00     0.1261      0.011    1483.57     94.619     8.7998 140.581714     6.1576      3.530  0.000e+00
      3.519    11.1621    26.3246    20.0037 4.4567e+00     0.1273      0.011    1483.57     94.542     8.7927 140.581714     6.1526      3.552  0.000e+00
      3.543    11.1570    26.3248    20.0047 4.4689e+00     0.1273      0.015    1483.55     94.520     8.7916 140.581715     6.1519      3.577  0.000e+00
      3.579    11.1449    26.3284    20.0094 4.4811e+00     0.1261      0.011    1483.52     94.494     8.7913 140.581715     6.1517      3.613  0.000e+00
      3.615    11.1294    26.3367    20.0185 4.5177e+00     0.1261      0.011    1483.47     94.403     8.7854 140.581716     6.1475      3.649  0.000e+00
      3.628    11.1158    26.3437    20.0261 4.5665e+00     0.1261      0.011    1483.43     94.369     8.7844 140.581716     6.1468      3.662  0.000e+00
      3.674    11.0953    26.3590    20.0414 4.6154e+00     0.1273      0.015    1483.38     94.331     8.7839 140.581717     6.1465      3.709  0.000e+00
      3.699    11.0796    26.3709    20.0532 4.6276e+00     0.1273      0.011    1483.34     94.294     8.7828 140.581717     6.1457      3.734  0.000e+00
      3.710    11.0834    26.3701    20.0519 4.6276e+00     0.1261      0.011    1483.35     94.253     8.7783 140.581718     6.1425      3.745  0.000e+00
      3.746    11.0875    26.3683    20.0499 4.6154e+00     0.1261      0.011    1483.36     94.214     8.7740 140.581718     6.1395      3.781  0.000e+00
      3.783    11.0766    26.3777    20.0589 4.6154e+00     0.1261      0.011    1483.33     94.172     8.7717 140.581719     6.1379      3.819  0.000e+00
      3.806    11.0631    26.3883    20.0694 4.5910e+00     0.1261      0.011    1483.30     94.133     8.7700 140.581719     6.1368      3.842  0.000e+00
      3.830    11.0484    26.4014    20.0819 4.5543e+00     0.1273      0.015    1483.26     94.091     8.7682 140.581720     6.1355      3.866  0.000e+00
      3.865    11.0328    26.4138    20.0942 4.5543e+00     0.1261      0.011    1483.22     94.046     8.7663 140.581720     6.1341      3.902  0.000e+00
      3.890    11.0196    26.4249    20.1049 4.5788e+00     0.1261      0.011    1483.19     93.997     8.7636 140.581721     6.1323      3.927  0.000e+00
      3.914    10.9796    26.4537    20.1338 4.5788e+00     0.1261      0.011    1483.08     93.892     8.7598 140.581721     6.1296      3.951  0.000e+00
      3.950    10.9220    26.4985    20.1779 4.5910e+00     0.1261      0.011    1482.93     93.846     8.7640 140.581722     6.1325      3.987  0.000e+00
      3.972    10.8509    26.5553    20.2336 4.6032e+00     0.1261      0.011    1482.74     93.797     8.7699 140.581722     6.1366      4.010  0.000e+00
      4.010    10.7748    26.6180    20.2946 4.6276e+00     0.1273      0.015    1482.54     93.746     8.7761 140.581723     6.1410      4.048  0.000e+00
      4.045    10.7222    26.6620    20.3373 4.6520e+00     0.1261      0.015    1482.40     93.704     8.7799 140.581723     6.1436      4.084  0.000e+00
      4.056    10.6766    26.7001    20.3741 4.6764e+00     0.1261      0.011    1482.29     93.659     8.7823 140.581724     6.1453      4.095  0.000e+00
      4.081    10.6294    26.7365    20.4100 4.7009e+00     0.1273      0.011    1482.16     93.613     8.7849 140.581724     6.1472      4.119  0.000e+00
      4.116    10.5848    26.7714    20.4442 4.7131e+00     0.1261      0.011    1482.04     93.691     8.7989 140.581725     6.1569      4.155  0.000e+00
      4.141    10.5488    26.7988    20.4712 4.7863e+00     0.1261      0.011    1481.94     93.664     8.8018 140.581725     6.1590      4.180  0.000e+00
      4.163    10.5228    26.8187    20.4909 4.8352e+00     0.1273      0.011    1481.87     93.636     8.8030 140.581726     6.1598      4.203  0.000e+00
      4.201    10.5052    26.8305    20.5029 4.8474e+00     0.1261      0.011    1481.82     93.604     8.8028 140.581726     6.1597      4.240  0.000e+00
      4.225    10.4912    26.8392    20.5118 4.8596e+00     0.1261      0.011    1481.78     93.577     8.8024 140.581726     6.1594      4.265  0.000e+00
      4.236    10.4808    26.8443    20.5174 4.8840e+00     0.1261      0.011    1481.75     93.555     8.8020 140.581727     6.1591      4.276  0.000e+00
      4.272    10.4736    26.8490    20.5222 4.9573e+00     0.1261      0.011    1481.73     93.530     8.8009 140.581727     6.1583      4.312  0.000e+00
      4.296    10.4689    26.8500    20.5238 4.9939e+00     0.1261      0.011    1481.72     93.504     8.7993 140.581728     6.1572      4.337  0.000e+00
      4.307    10.4649    26.8505    20.5248 5.0427e+00     0.1273      0.011    1481.70     93.483     8.7981 140.581728     6.1564      4.348  0.000e+00
      4.341    10.4619    26.8507    20.5254 5.1038e+00     0.1273      0.011    1481.69     93.468     8.7971 140.581729     6.1557      4.383  0.000e+00
      4.380    10.4603    26.8511    20.5260 5.1770e+00     0.1261      0.015    1481.69     93.511     8.8015 140.581729     6.1588      4.422  0.000e+00
      4.392    10.4610    26.8504    20.5253 5.2259e+00     0.1273      0.015    1481.69     93.506     8.8009 140.581730     6.1584      4.433  0.000e+00
      4.427    10.4620    26.8493    20.5243 5.2869e+00     0.1273      0.015    1481.69     93.560     8.8059 140.581730     6.1619      4.469  0.000e+00
      4.451    10.4608    26.8495    20.5246 5.3602e+00     0.1261      0.011    1481.69     93.566     8.8066 140.581731     6.1624      4.494  0.000e+00
      4.461    10.4612    26.8488    20.5241 5.4823e+00     0.1261      0.011    1481.69     93.570     8.8070 140.581731     6.1626      4.504  0.000e+00
      4.487    10.4834    26.8336    20.5087 5.4701e+00     0.1273      0.011    1481.75     93.633     8.8095 140.581732     6.1643      4.530  0.000e+00
      4.487    10.5034    26.8191    20.4943 5.3236e+00     0.1261      0.011    1481.81     93.646     8.8077 140.581732     6.1631      4.530  0.000e+00
      4.523    10.5099    26.8140    20.4893 5.2259e+00     0.1261      0.011    1481.83     93.667     8.8086 140.581733     6.1638      4.566  0.000e+00
      4.534    10.5034    26.8186    20.4939 5.1770e+00     0.1273      0.011    1481.81     93.686     8.8115 140.581733     6.1658      4.577  0.000e+00
      4.558    10.4899    26.8278    20.5032 5.1893e+00     0.1261      0.011    1481.77     93.766     8.8211 140.581734     6.1725      4.602  0.000e+00
      4.605    10.4761    26.8371    20.5126 5.2137e+00     0.1273      0.011    1481.73     93.791     8.8256 140.581734     6.1756      4.649  0.000e+00
      4.607    10.4829    26.8317    20.5073 5.2381e+00     0.1261      0.011    1481.75     93.880     8.8330 140.581735     6.1808      4.651  0.000e+00
      4.642    10.5199    26.8050    20.4807 5.2137e+00     0.1261      0.011    1481.85     93.974     8.8361 140.581735     6.1830      4.687  0.000e+00
      4.642    10.5346    26.7942    20.4700 5.1770e+00     0.1261      0.011    1481.89     94.013     8.8375 140.581736     6.1840      4.687  0.000e+00
      4.678    10.5049    26.8135    20.4897 5.1770e+00     0.1261      0.011    1481.81     94.053     8.8460 140.581736     6.1899      4.722  0.000e+00
      4.688    10.4652    26.8391    20.5159 5.2259e+00     0.1261      0.011    1481.70     94.213     8.8673 140.581737     6.2048      4.732  0.000e+00
      4.714    10.4316    26.8618    20.5388 5.2991e+00     0.1261      0.011    1481.60     94.263     8.8772 140.581737     6.2118      4.758  0.000e+00
      4.738    10.3989    26.8865    20.5632 5.3602e+00     0.1261      0.011    1481.51     94.371     8.8924 140.581738     6.2224      4.783  0.000e+00
      4.762    10.3773    26.9053    20.5812 5.3968e+00     0.1261      0.011    1481.46     94.417     8.8999 140.581738     6.2276      4.807  0.000e+00
      4.785    10.3624    26.9213    20.5960 5.3724e+00     0.1273      0.011    1481.42     94.520     8.9116 140.581739     6.2358      4.830  0.000e+00
      4.808    10.3147    26.9594    20.6332 5.2991e+00     0.1261      0.011    1481.30     94.629     8.9290 140.581739     6.2480      4.853  0.000e+00
      4.833    10.2590    27.0001    20.6736 5.2137e+00     0.1261      0.011    1481.14     94.735     8.9477 140.581739     6.2611      4.879  0.000e+00
      4.845    10.2122    27.0321    20.7058 5.1648e+00     0.1261      0.011    1481.01     94.784     8.9597 140.581740     6.2695      4.891  0.000e+00
      4.880    10.1796    27.0551    20.7288 5.1770e+00     0.1261      0.011    1480.92     94.828     8.9691 140.581740     6.2760      4.927  0.000e+00
      4.903    10.1464    27.0772    20.7512 5.1893e+00     0.1273      0.011    1480.83     94.930     8.9840 140.581741     6.2865      4.950  0.000e+00
      4.918    10.1133    27.1007    20.7745 5.2259e+00     0.1261      0.011    1480.73     95.034     8.9991 140.581741     6.2970      4.964  0.000e+00
