Dk1_2_200519_down.cnv
* Sea-Bird SBE 9 Data File:
* FileName = C:\CTD Brukere\NIVA\IO2019\20190520\Dk1_2_200519.hex
* Software Version Seasave V 7.23.2
* Temperature SN = 5352
* Conductivity SN = 3840
* Number of Bytes Per Scan = 28
* Number of Voltage Words = 4
* Number of Scans Averaged by the Deck Unit = 1
* NMEA baud rate = 4800
** Ship: R/V Trygve Braarud
** Cruise:
** Station:
** Operator:
# nquan = 14
# nvalues = 444                                   
# units = specified
# name 0 = depSM: Depth [salt water, m], lat = 59.60
# name 1 = t090C: Temperature [ITS-90, deg C]
# name 2 = sal00: Salinity, Practical [PSU]
# name 3 = sigma-t00: Density [sigma-t, kg/m^3 ]
# name 4 = flSP: Fluorescence, Seapoint
# name 5 = wetStar: Fluorescence, WET Labs WETstar [mg/m^3]
# name 6 = seaTurbMtr: Turbidity, Seapoint [FTU]
# name 7 = svCM: Sound Velocity [Chen-Millero, m/s]
# name 8 = sbeox0PS: Oxygen, SBE 43 [% saturation]
# name 9 = sbeox0Mg/L: Oxygen, SBE 43 [mg/l]
# name 10 = timeJ: Julian Days
# name 11 = sbeox0ML/L: Oxygen, SBE 43 [ml/l]
# name 12 = prDM: Pressure, Digiquartz [db]
# name 13 = flag:  0.000e+00
# span 0 =      0.292,      9.234                 
# span 1 =     8.6760,    13.5378                 
# span 2 =    24.9942,    28.4111                 
# span 3 =    18.5576,    22.0103                 
# span 4 = 1.6361e+00, 5.0061e+00                 
# span 5 =     0.1249,     0.1273                 
# span 6 =      0.007,      0.015                 
# span 7 =    1476.98,    1490.21                 
# span 8 =     87.384,     98.639                 
# span 9 =     7.7930,     9.2360                 
# span 10 = 140.591204, 140.591417                
# span 11 =     5.4531,     6.4628                
# span 12 =      0.295,      9.322                
# span 13 = 0.0000e+00, 0.0000e+00                
# interval = seconds: 0.0416667
# start_time = May 20 2019 14:11:20 [System UpLoad Time]
# bad_flag = -9.990e-29
*END*
[from data line 207]
      1.368    13.4991    25.0815    18.6320 2.6252e+00     0.1261      0.011    1490.19     95.090     8.4805 140.591304     5.9342      1.381  0.000e+00
      1.404    13.5036    25.0688    18.6214 2.5397e+00     0.1261      0.011    1490.20     95.073     8.4789 140.591304     5.9331      1.417  0.000e+00
      1.426    13.5100    25.0557    18.6100 2.4786e+00     0.1261      0.011    1490.20     95.058     8.4771 140.591304     5.9318      1.440  0.000e+00
      1.464    13.5140    25.0457    18.6016 2.4542e+00     0.1261      0.011    1490.20     94.985     8.4704 140.591305     5.9271      1.478  0.000e+00
      1.486    13.5152    25.0401    18.5971 2.4298e+00     0.1261      0.011    1490.20     95.026     8.4742 140.591305     5.9297      1.500  0.000e+00
      1.524    13.5157    25.0377    18.5952 2.4664e+00     0.1261      0.011    1490.20     94.896     8.4626 140.591306     5.9217      1.538  0.000e+00
      1.570    13.5147    25.0377    18.5953 2.5031e+00     0.1261      0.011    1490.20     94.876     8.4610 140.591306     5.9205      1.585  0.000e+00
      1.595    13.5137    25.0394    18.5968 2.5397e+00     0.1261      0.011    1490.20     94.858     8.4594 140.591307     5.9194      1.610  0.000e+00
      1.655    13.5129    25.0409    18.5981 2.5641e+00     0.1249      0.011    1490.20     94.841     8.4581 140.591307     5.9185      1.670  0.000e+00
      1.677    13.5097    25.0447    18.6017 2.6007e+00     0.1261      0.011    1490.19     94.767     8.4518 140.591308     5.9141      1.693  0.000e+00
      1.702    13.4899    25.0613    18.6182 2.6252e+00     0.1261      0.011    1490.15     94.748     8.4527 140.591308     5.9147      1.718  0.000e+00
      1.726    13.4233    25.1151    18.6720 2.6496e+00     0.1261      0.011    1489.98     94.728     8.4599 140.591309     5.9197      1.742  0.000e+00
      1.761    13.3374    25.1882    18.7443 2.6740e+00     0.1261      0.011    1489.78     94.710     8.4696 140.591309     5.9266      1.778  0.000e+00
      1.773    13.2689    25.2501    18.8046 2.6984e+00     0.1261      0.015    1489.62     94.695     8.4771 140.591310     5.9318      1.790  0.000e+00
      1.821    13.1954    25.3147    18.8680 2.7228e+00     0.1249      0.011    1489.45     94.622     8.4803 140.591310     5.9340      1.839  0.000e+00
      1.857    13.1324    25.3726    18.9243 2.7473e+00     0.1261      0.011    1489.30     94.606     8.4870 140.591311     5.9387      1.875  0.000e+00
      1.868    13.1041    25.4043    18.9538 2.7839e+00     0.1261      0.011    1489.24     94.533     8.4839 140.591311     5.9365      1.886  0.000e+00
      1.905    13.1208    25.3980    18.9459 2.8327e+00     0.1273      0.011    1489.29     94.520     8.4800 140.591312     5.9338      1.924  0.000e+00
      1.928    13.1565    25.3683    18.9165 2.8938e+00     0.1261      0.011    1489.38     94.510     8.4743 140.591312     5.9299      1.946  0.000e+00
      1.941    13.1671    25.3502    18.9006 2.9304e+00     0.1249      0.011    1489.39     94.501     8.4727 140.591313     5.9287      1.959  0.000e+00
      1.977    13.1635    25.3458    18.8979 2.9670e+00     0.1261      0.011    1489.38     94.435     8.4676 140.591313     5.9251      1.995  0.000e+00
      2.001    13.1915    25.3260    18.8775 3.0037e+00     0.1261      0.011    1489.45     94.427     8.4630 140.591314     5.9219      2.020  0.000e+00
      2.059    13.2103    25.3146    18.8652 3.0159e+00     0.1261      0.011    1489.50     94.422     8.4598 140.591314     5.9196      2.079  0.000e+00
      2.083    13.1943    25.3262    18.8771 3.0525e+00     0.1261      0.011    1489.46     94.412     8.4611 140.591315     5.9206      2.103  0.000e+00
      2.108    13.1691    25.3438    18.8953 3.0891e+00     0.1261      0.011    1489.39     94.350     8.4591 140.591315     5.9192      2.128  0.000e+00
      2.143    13.1236    25.3744    18.9272 3.1380e+00     0.1261      0.011    1489.28     94.344     8.4650 140.591316     5.9233      2.164  0.000e+00
      2.179    13.0833    25.3988    18.9534 3.2357e+00     0.1249      0.011    1489.17     94.396     8.4755 140.591316     5.9307      2.200  0.000e+00
      2.192    13.0346    25.4274    18.9844 3.3944e+00     0.1249      0.011    1489.03     94.335     8.4772 140.591317     5.9319      2.213  0.000e+00
      2.239    13.0173    25.4341    18.9927 3.4921e+00     0.1261      0.011    1488.98     94.333     8.4798 140.591317     5.9337      2.260  0.000e+00
      2.287    12.9406    25.4803    19.0423 3.5531e+00     0.1261      0.011    1488.78     94.332     8.4909 140.591318     5.9414      2.309  0.000e+00
      2.323    12.7647    25.5871    19.1566 3.6142e+00     0.1261      0.011    1488.30     94.329     8.5165 140.591318     5.9594      2.345  0.000e+00
      2.346    12.6670    25.6349    19.2111 3.6630e+00     0.1249      0.011    1488.02     94.332     8.5319 140.591318     5.9701      2.368  0.000e+00
      2.406    12.6411    25.6388    19.2187 3.7241e+00     0.1261      0.011    1487.94     94.336     8.5367 140.591319     5.9735      2.428  0.000e+00
      2.441    12.6419    25.6334    19.2144 3.7607e+00     0.1261      0.011    1487.93     94.343     8.5375 140.591319     5.9740      2.464  0.000e+00
      2.478    12.6587    25.6212    19.2020 3.7973e+00     0.1261      0.011    1487.98     94.293     8.5306 140.591320     5.9692      2.502  0.000e+00
      2.501    12.6517    25.6261    19.2070 3.8339e+00     0.1261      0.011    1487.96     94.300     8.5322 140.591320     5.9703      2.525  0.000e+00
      2.561    12.6326    25.6371    19.2189 3.8339e+00     0.1261      0.011    1487.91     94.309     8.5359 140.591321     5.9729      2.585  0.000e+00
      2.597    12.6178    25.6447    19.2274 3.8339e+00     0.1261      0.011    1487.87     94.315     8.5387 140.591321     5.9749      2.621  0.000e+00
      2.609    12.5685    25.6744    19.2591 3.8095e+00     0.1261      0.011    1487.73     94.322     8.5467 140.591322     5.9805      2.634  0.000e+00
      2.656    12.5200    25.7012    19.2885 3.7973e+00     0.1261      0.011    1487.59     94.333     8.5550 140.591322     5.9863      2.682  0.000e+00
      2.681    12.4878    25.7160    19.3057 3.7729e+00     0.1261      0.011    1487.50     94.346     8.5612 140.591323     5.9906      2.706  0.000e+00
      2.741    12.5200    25.6892    19.2792 3.7729e+00     0.1261      0.011    1487.58     94.364     8.5585 140.591323     5.9887      2.767  0.000e+00
      2.752    12.6095    25.6280    19.2160 3.8095e+00     0.1249      0.011    1487.82     94.321     8.5417 140.591324     5.9770      2.778  0.000e+00
      2.800    12.6924    25.5758    19.1608 3.8584e+00     0.1261      0.011    1488.04     94.335     8.5307 140.591324     5.9693      2.827  0.000e+00
      2.825    12.7509    25.5395    19.1223 3.9194e+00     0.1261      0.011    1488.20     94.351     8.5235 140.591325     5.9643      2.852  0.000e+00
      2.883    12.8245    25.4923    19.0726 3.9805e+00     0.1261      0.011    1488.40     94.369     8.5145 140.591325     5.9579      2.910  0.000e+00
      2.896    12.9173    25.4337    19.0106 4.0537e+00     0.1261      0.011    1488.65     94.385     8.5024 140.591326     5.9495      2.923  0.000e+00
      2.907    12.9650    25.4048    18.9796 4.1270e+00     0.1249      0.011    1488.78     94.401     8.4968 140.591326     5.9456      2.935  0.000e+00
      2.943    12.9885    25.3910    18.9647 4.1758e+00     0.1261      0.011    1488.85     94.420     8.4950 140.591327     5.9443      2.971  0.000e+00
      3.003    13.0080    25.3814    18.9537 4.2247e+00     0.1261      0.011    1488.90     94.434     8.4933 140.591327     5.9431      3.031  0.000e+00
      3.027    13.0005    25.3910    18.9625 4.2735e+00     0.1261      0.011    1488.89     94.449     8.4955 140.591328     5.9447      3.056  0.000e+00
      3.074    12.9918    25.3995    18.9706 4.3346e+00     0.1261      0.011    1488.87     94.407     8.4928 140.591328     5.9428      3.103  0.000e+00
      3.098    12.9807    25.4063    18.9779 4.3712e+00     0.1261      0.015    1488.84     94.415     8.4952 140.591329     5.9444      3.128  0.000e+00
      3.123    12.9367    25.4338    19.0072 4.4078e+00     0.1261      0.011    1488.72     94.430     8.5030 140.591329     5.9499      3.152  0.000e+00
      3.147    12.8697    25.4759    19.0518 4.4444e+00     0.1273      0.011    1488.54     94.435     8.5132 140.591330     5.9570      3.177  0.000e+00
      3.194    12.8225    25.5070    19.0843 4.5055e+00     0.1261      0.011    1488.42     94.443     8.5207 140.591330     5.9623      3.224  0.000e+00
      3.229    12.8014    25.5221    19.0998 4.5421e+00     0.1273      0.011    1488.36     94.453     8.5246 140.591331     5.9650      3.260  0.000e+00
      3.265    12.7938    25.5282    19.1059 4.5910e+00     0.1261      0.011    1488.35     94.406     8.5214 140.591331     5.9628      3.296  0.000e+00
      3.278    12.7876    25.5333    19.1109 4.6276e+00     0.1261      0.011    1488.33     94.529     8.5333 140.591332     5.9711      3.309  0.000e+00
      3.325    12.7839    25.5369    19.1143 4.6642e+00     0.1261      0.011    1488.32     94.426     8.5245 140.591332     5.9649      3.356  0.000e+00
      3.349    12.7772    25.5433    19.1205 4.7253e+00     0.1261      0.011    1488.31     94.492     8.5313 140.591332     5.9697      3.381  0.000e+00
      3.409    12.7492    25.5633    19.1410 4.7741e+00     0.1261      0.011    1488.24     94.506     8.5366 140.591333     5.9734      3.441  0.000e+00
      3.398    12.7076    25.5893    19.1685 4.8474e+00     0.1261      0.011    1488.12     94.460     8.5386 140.591333     5.9748      3.430  0.000e+00
      3.456    12.6705    25.6100    19.1912 4.9084e+00     0.1273      0.011    1488.02     94.525     8.5501 140.591334     5.9828      3.489  0.000e+00
      3.480    12.6388    25.6278    19.2106 4.9573e+00     0.1261      0.011    1487.93     94.538     8.5560 140.591334     5.9870      3.513  0.000e+00
      3.540    12.6293    25.6317    19.2153 5.0061e+00     0.1261      0.011    1487.91     94.487     8.5529 140.591335     5.9848      3.574  0.000e+00
      3.529    12.6354    25.6267    19.2103 5.0061e+00     0.1261      0.011    1487.92     94.551     8.5578 140.591335     5.9883      3.562  0.000e+00
      3.600    12.6287    25.6310    19.2149 5.0061e+00     0.1261      0.011    1487.90     94.562     8.5599 140.591336     5.9897      3.634  0.000e+00
      3.636    12.5962    25.6518    19.2368 4.9817e+00     0.1261      0.011    1487.82     94.455     8.5549 140.591336     5.9862      3.670  0.000e+00
      3.683    12.5684    25.6681    19.2543 4.9695e+00     0.1261      0.011    1487.74     94.571     8.5695 140.591337     5.9965      3.718  0.000e+00
      3.696    12.5487    25.6783    19.2657 4.9451e+00     0.1249      0.011    1487.68     94.579     8.5734 140.591337     5.9991      3.731  0.000e+00
      3.720    12.5331    25.6857    19.2742 4.9328e+00     0.1261      0.011    1487.64     94.529     8.5713 140.591338     5.9977      3.755  0.000e+00
      3.767    12.4743    25.7222    19.3128 4.9328e+00     0.1261      0.011    1487.48     94.594     8.5859 140.591338     6.0079      3.802  0.000e+00
      3.802    12.3995    25.7669    19.3606 4.9451e+00     0.1261      0.011    1487.27     94.539     8.5921 140.591339     6.0123      3.838  0.000e+00
      3.840    12.3512    25.7912    19.3880 4.9817e+00     0.1261      0.011    1487.14     94.600     8.6052 140.591339     6.0214      3.876  0.000e+00
      3.875    12.3235    25.8037    19.4025 5.0061e+00     0.1261      0.011    1487.05     94.614     8.6108 140.591340     6.0253      3.912  0.000e+00
      3.922    12.3039    25.8129    19.4130 5.0061e+00     0.1261      0.011    1487.00     94.563     8.6093 140.591340     6.0243      3.959  0.000e+00
      3.935    12.2917    25.8189    19.4198 4.9939e+00     0.1261      0.011    1486.96     94.686     8.6225 140.591341     6.0335      3.972  0.000e+00
      3.980    12.2807    25.8244    19.4260 4.9695e+00     0.1261      0.011    1486.93     94.583     8.6148 140.591341     6.0281      4.018  0.000e+00
      4.006    12.2597    25.8356    19.4383 4.9451e+00     0.1261      0.011    1486.87     94.708     8.6294 140.591342     6.0384      4.044  0.000e+00
      4.042    12.2391    25.8444    19.4487 4.9084e+00     0.1249      0.007    1486.81     94.606     8.6234 140.591342     6.0342      4.080  0.000e+00
      4.066    12.2215    25.8523    19.4579 4.8718e+00     0.1261      0.007    1486.76     94.673     8.6323 140.591343     6.0404      4.105  0.000e+00
      4.126    12.1957    25.8657    19.4728 4.8352e+00     0.1261      0.011    1486.69     94.627     8.6321 140.591343     6.0403      4.165  0.000e+00
      4.162    12.1646    25.8827    19.4914 4.8107e+00     0.1261      0.011    1486.60     94.629     8.6372 140.591344     6.0438      4.201  0.000e+00
      4.197    12.1304    25.9016    19.5119 4.7985e+00     0.1261      0.011    1486.50     94.693     8.6482 140.591344     6.0515      4.237  0.000e+00
      4.231    12.0988    25.9179    19.5300 4.7985e+00     0.1261      0.011    1486.41     94.642     8.6486 140.591345     6.0518      4.271  0.000e+00
      4.244    12.0828    25.9243    19.5378 4.8107e+00     0.1261      0.011    1486.36     94.647     8.6516 140.591345     6.0539      4.285  0.000e+00
      4.293    12.0845    25.9198    19.5340 4.7985e+00     0.1249      0.011    1486.37     94.653     8.6521 140.591345     6.0542      4.334  0.000e+00
      4.280    12.0555    25.9373    19.5526 4.7619e+00     0.1261      0.011    1486.28     94.658     8.6570 140.591346     6.0577      4.320  0.000e+00
      4.340    11.9930    25.9751    19.5926 4.7375e+00     0.1261      0.011    1486.11     94.605     8.6617 140.591346     6.0609      4.381  0.000e+00
      4.400    11.9203    26.0165    19.6372 4.7253e+00     0.1261      0.011    1485.91     94.668     8.6786 140.591347     6.0728      4.441  0.000e+00
      4.447    11.8549    26.0474    19.6724 4.7009e+00     0.1261      0.007    1485.71     94.610     8.6838 140.591347     6.0764      4.489  0.000e+00
      4.472    11.8103    26.0619    19.6912 4.6886e+00     0.1261      0.007    1485.57     94.488     8.6801 140.591348     6.0738      4.515  0.000e+00
      4.508    11.7732    26.0758    19.7084 4.6642e+00     0.1261      0.007    1485.46     94.534     8.6905 140.591348     6.0811      4.551  0.000e+00
      4.519    11.7372    26.0949    19.7293 4.6398e+00     0.1261      0.011    1485.36     94.468     8.6901 140.591349     6.0808      4.562  0.000e+00
      4.555    11.6309    26.1661    19.8025 4.5665e+00     0.1249      0.011    1485.07     94.517     8.7106 140.591349     6.0951      4.598  0.000e+00
      4.602    11.4422    26.2916    19.9315 4.4933e+00     0.1261      0.011    1484.55     94.454     8.7333 140.591350     6.1110      4.646  0.000e+00
      4.686    11.3313    26.3585    20.0020 4.4444e+00     0.1261      0.011    1484.24     94.446     8.7498 140.591350     6.1226      4.731  0.000e+00
      4.735    11.3021    26.3737    20.0186 4.3712e+00     0.1261      0.011    1484.15     94.378     8.7482 140.591351     6.1215      4.780  0.000e+00
      4.710    11.3457    26.3404    19.9855 4.2979e+00     0.1261      0.011    1484.27     94.365     8.7406 140.591351     6.1162      4.755  0.000e+00
      4.782    11.4136    26.2878    19.9334 4.2369e+00     0.1261      0.011    1484.45     94.348     8.7291 140.591352     6.1081      4.827  0.000e+00
      4.816    11.4692    26.2413    19.8880 4.1880e+00     0.1261      0.011    1484.59     94.332     8.7197 140.591352     6.1016      4.861  0.000e+00
