Dk1_2_200519_down.cnv
* Sea-Bird SBE 9 Data File:
* FileName = C:\CTD Brukere\NIVA\IO2019\20190520\Dk1_2_200519.hex
* Software Version Seasave V 7.23.2
* Temperature SN = 5352
* Conductivity SN = 3840
* Number of Bytes Per Scan = 28
* Number of Voltage Words = 4
* Number of Scans Averaged by the Deck Unit = 1
* NMEA baud rate = 4800
** Ship: R/V Trygve Braarud
** Cruise:
** Station:
** Operator:
# nquan = 14
# nvalues = 444                                   
# units = specified
# name 0 = depSM: Depth [salt water, m], lat = 59.60
# name 1 = t090C: Temperature [ITS-90, deg C]
# name 2 = sal00: Salinity, Practical [PSU]
# name 3 = sigma-t00: Density [sigma-t, kg/m^3 ]
# name 4 = flSP: Fluorescence, Seapoint
# name 5 = wetStar: Fluorescence, WET Labs WETstar [mg/m^3]
# name 6 = seaTurbMtr: Turbidity, Seapoint [FTU]
# name 7 = svCM: Sound Velocity [Chen-Millero, m/s]
# name 8 = sbeox0PS: Oxygen, SBE 43 [% saturation]
# name 9 = sbeox0Mg/L: Oxygen, SBE 43 [mg/l]
# name 10 = timeJ: Julian Days
# name 11 = sbeox0ML/L: Oxygen, SBE 43 [ml/l]
# name 12 = prDM: Pressure, Digiquartz [db]
# name 13 = flag:  0.000e+00
# span 0 =      0.292,      9.234                 
# span 1 =     8.6760,    13.5378                 
# span 2 =    24.9942,    28.4111                 
# span 3 =    18.5576,    22.0103                 
# span 4 = 1.6361e+00, 5.0061e+00                 
# span 5 =     0.1249,     0.1273                 
# span 6 =      0.007,      0.015                 
# span 7 =    1476.98,    1490.21                 
# span 8 =     87.384,     98.639                 
# span 9 =     7.7930,     9.2360                 
# span 10 = 140.591204, 140.591417                
# span 11 =     5.4531,     6.4628                
# span 12 =      0.295,      9.322                
# span 13 = 0.0000e+00, 0.0000e+00                
# interval = seconds: 0.0416667
# start_time = May 20 2019 14:11:20 [System UpLoad Time]
# bad_flag = -9.990e-29
*END*
[from data line 413]
      8.881     9.1509    27.6444    21.3432 2.0513e+00     0.1273      0.015    1477.89     94.432     9.1036 140.591403     6.3702      8.966  0.000e+00
      8.901     9.0906    27.6947    21.3913 1.9780e+00     0.1261      0.015    1477.73     94.428     9.1125 140.591403     6.3764      8.985  0.000e+00
      8.912     9.0544    27.7257    21.4208 1.9170e+00     0.1273      0.015    1477.63     94.537     9.1286 140.591404     6.3877      8.997  0.000e+00
      8.917     9.0359    27.7414    21.4357 1.8681e+00     0.1261      0.015    1477.58     94.583     9.1360 140.591404     6.3928      9.002  0.000e+00
      8.948     9.0276    27.7468    21.4411 1.8071e+00     0.1261      0.015    1477.56     94.628     9.1416 140.591405     6.3968      9.033  0.000e+00
      8.952     9.0392    27.7347    21.4300 1.7705e+00     0.1261      0.015    1477.59     94.669     9.1440 140.591405     6.3984      9.037  0.000e+00
      8.983     9.0627    27.7122    21.4090 1.7338e+00     0.1261      0.015    1477.65     94.703     9.1438 140.591406     6.3983      9.069  0.000e+00
      8.996     9.0682    27.7089    21.4056 1.6972e+00     0.1261      0.015    1477.66     94.736     9.1460 140.591406     6.3999      9.082  0.000e+00
      9.012     9.0327    27.7600    21.4507 1.6850e+00     0.1261      0.015    1477.59     94.772     9.1538 140.591407     6.4053      9.098  0.000e+00
      9.043     8.9737    27.8492    21.5289 1.6606e+00     0.1261      0.015    1477.48     94.809     9.1642 140.591407     6.4126      9.129  0.000e+00
      9.056     8.9127    27.9387    21.6075 1.6850e+00     0.1261      0.015    1477.36     94.899     9.1802 140.591408     6.4238      9.142  0.000e+00
      9.061     8.8581    28.0107    21.6717 1.6972e+00     0.1273      0.015    1477.24     94.933     9.1905 140.591408     6.4309      9.147  0.000e+00
      9.067     8.8104    28.0655    21.7213 1.7460e+00     0.1261      0.015    1477.13     94.964     9.2001 140.591409     6.4377      9.154  0.000e+00
      9.079     8.7671    28.1150    21.7662 1.7827e+00     0.1261      0.015    1477.03     94.994     9.2091 140.591409     6.4440      9.165  0.000e+00
      9.084     8.7386    28.1649    21.8093 1.8071e+00     0.1261      0.015    1476.98     95.082     9.2205 140.591410     6.4520      9.170  0.000e+00
      9.114     8.7279    28.2092    21.8455 1.8437e+00     0.1261      0.015    1477.00     95.104     9.2223 140.591410     6.4532      9.201  0.000e+00
      9.121     8.7188    28.2509    21.8794 1.8926e+00     0.1273      0.015    1477.01     95.124     9.2236 140.591411     6.4541      9.207  0.000e+00
      9.139     8.7078    28.2910    21.9122 1.9414e+00     0.1261      0.015    1477.02     95.142     9.2253 140.591411     6.4553      9.225  0.000e+00
      9.139     8.6978    28.3269    21.9418 1.9658e+00     0.1273      0.015    1477.03     95.219     9.2326 140.591412     6.4604      9.225  0.000e+00
      9.143     8.6937    28.3541    21.9636 1.9536e+00     0.1261      0.015    1477.05     95.238     9.2337 140.591412     6.4612      9.230  0.000e+00
      9.152     8.6865    28.3792    21.9843 1.9048e+00     0.1261      0.015    1477.05     95.248     9.2346 140.591413     6.4619      9.239  0.000e+00
      9.174     8.6760    28.4057    22.0065 1.8926e+00     0.1261      0.015    1477.04     95.255     9.2360 140.591413     6.4628      9.261  0.000e+00
      9.192     8.6842    28.4087    22.0077 1.9414e+00     0.1261      0.011    1477.08     95.258     9.2343 140.591413     6.4617      9.279  0.000e+00
      9.174     8.6790    28.4111    22.0103 1.9780e+00     0.1261      0.015    1477.06     95.259     9.2353 140.591414     6.4623      9.261  0.000e+00
      9.187     8.6795    28.4003    22.0018 2.0024e+00     0.1261      0.015    1477.05     95.256     9.2356 140.591414     6.4626      9.275  0.000e+00
      9.168     8.6998    28.3665    21.9725 1.9902e+00     0.1273      0.015    1477.09     95.248     9.2327 140.591415     6.4605      9.255  0.000e+00
      9.199     8.7592    28.2872    21.9020 1.9536e+00     0.1261      0.015    1477.21     95.295     9.2296 140.591415     6.4583      9.286  0.000e+00
      9.199     8.8133    28.1997    21.8258 1.8926e+00     0.1261      0.015    1477.31     95.284     9.2225 140.591416     6.4534      9.286  0.000e+00
      9.203     8.8321    28.1557    21.7888 1.7949e+00     0.1261      0.015    1477.33     95.275     9.2203 140.591416     6.4518      9.291  0.000e+00
      9.210     8.8442    28.1289    21.7660 1.7094e+00     0.1261      0.015    1477.34     95.324     9.2242 140.591417     6.4545      9.297  0.000e+00
      9.234     8.8584    28.1014    21.7425 1.6361e+00     0.1261      0.015    1477.36     95.315     9.2220 140.591417     6.4530      9.322  0.000e+00
