Dk1_200519_down.cnv
* Sea-Bird SBE 9 Data File:
* FileName = C:\CTD Brukere\NIVA\IO2019\20190520\Dk1_200519.hex
* Software Version Seasave V 7.23.2
* Temperature SN = 5352
* Conductivity SN = 3840
* Number of Bytes Per Scan = 28
* Number of Voltage Words = 4
* Number of Scans Averaged by the Deck Unit = 1
* NMEA baud rate = 4800
** Ship: R/V Trygve Braarud
** Cruise:
** Station:
** Operator:
# nquan = 14
# nvalues = 5326                                  
# units = specified
# name 0 = depSM: Depth [salt water, m], lat = 59.60
# name 1 = t090C: Temperature [ITS-90, deg C]
# name 2 = sal00: Salinity, Practical [PSU]
# name 3 = sigma-t00: Density [sigma-t, kg/m^3 ]
# name 4 = flSP: Fluorescence, Seapoint
# name 5 = wetStar: Fluorescence, WET Labs WETstar [mg/m^3]
# name 6 = seaTurbMtr: Turbidity, Seapoint [FTU]
# name 7 = svCM: Sound Velocity [Chen-Millero, m/s]
# name 8 = sbeox0PS: Oxygen, SBE 43 [% saturation]
# name 9 = sbeox0Mg/L: Oxygen, SBE 43 [mg/l]
# name 10 = timeJ: Julian Days
# name 11 = sbeox0ML/L: Oxygen, SBE 43 [ml/l]
# name 12 = prDM: Pressure, Digiquartz [db]
# name 13 = flag:  0.000e+00
# span 0 =      0.070,     98.309                 
# span 1 =     6.1944,    13.3695                 
# span 2 =    24.9304,    33.5564                 
# span 3 =    18.5400,    26.1742                 
# span 4 = 1.5873e-01, 5.4823e+00                 
# span 5 =     0.1249,     0.1273                 
# span 6 =      0.007,      0.018                 
# span 7 =    1471.02,    1489.56                 
# span 8 =     46.293,     97.114                 
# span 9 =     4.5644,     9.5259                 
# span 10 = 140.581493, 140.584061                
# span 11 =     3.1939,     6.6657                
# span 12 =      0.071,     99.266                
# span 13 = 0.0000e+00, 0.0000e+00                
# interval = seconds: 0.0416667
# start_time = May 20 2019 13:57:21 [System UpLoad Time]
# bad_flag = -9.990e-29
*END*
      0.095    12.6609    25.5952    19.1814 3.6752e+00     0.1261      0.011    1487.91     80.449     7.2790 140.581493     5.0934      0.095  0.000e+00
      0.082    12.6617    25.5949    19.1811 3.7118e+00     0.1249      0.007    1487.92     80.449     7.2789 140.581494     5.0933      0.082  0.000e+00
      0.082    12.6644    25.5906    19.1773 3.7118e+00     0.1261      0.007    1487.92     80.509     7.2841 140.581494     5.0970      0.082  0.000e+00
      0.093    12.6673    25.5908    19.1770 3.7241e+00     0.1261      0.011    1487.93     80.514     7.2841 140.581495     5.0970      0.094  0.000e+00
      0.082    12.6690    25.5897    19.1758 3.6996e+00     0.1249      0.007    1487.94     80.520     7.2844 140.581495     5.0972      0.082  0.000e+00
      0.082    12.6746    25.5846    19.1708 3.6752e+00     0.1261      0.011    1487.95     80.525     7.2842 140.581495     5.0970      0.082  0.000e+00
      0.082    12.6797    25.5835    19.1691 3.6630e+00     0.1261      0.011    1487.96     80.529     7.2839 140.581496     5.0968      0.082  0.000e+00
      0.080    12.6844    25.5809    19.1662 3.6874e+00     0.1249      0.007    1487.98     80.534     7.2837 140.581496     5.0967      0.081  0.000e+00
      0.082    12.7007    25.5693    19.1544 3.7118e+00     0.1261      0.011    1488.02     80.538     7.2821 140.581497     5.0956      0.082  0.000e+00
      0.082    12.7143    25.5620    19.1462 3.7118e+00     0.1261      0.011    1488.06     80.602     7.2861 140.581497     5.0984      0.082  0.000e+00
      0.082    12.7319    25.5484    19.1326 3.7363e+00     0.1249      0.007    1488.10     80.552     7.2795 140.581498     5.0938      0.082  0.000e+00
      0.080    12.7607    25.5292    19.1126 3.7851e+00     0.1261      0.011    1488.18     80.556     7.2763 140.581498     5.0915      0.081  0.000e+00
      0.082    12.7780    25.5184    19.1011 3.8217e+00     0.1249      0.011    1488.23     80.559     7.2744 140.581499     5.0902      0.082  0.000e+00
      0.082    12.7893    25.5076    19.0908 3.8584e+00     0.1261      0.007    1488.25     80.562     7.2734 140.581499     5.0895      0.082  0.000e+00
      0.070    12.7913    25.5081    19.0908 3.8584e+00     0.1261      0.011    1488.26     80.624     7.2787 140.581500     5.0932      0.071  0.000e+00
      0.080    12.7981    25.5053    19.0874 3.8584e+00     0.1249      0.007    1488.28     80.632     7.2785 140.581500     5.0931      0.081  0.000e+00
      0.082    12.8039    25.5003    19.0825 3.8828e+00     0.1249      0.007    1488.29     80.639     7.2785 140.581501     5.0931      0.082  0.000e+00
      0.082    12.8050    25.5028    19.0842 3.8584e+00     0.1261      0.007    1488.30     80.646     7.2788 140.581501     5.0933      0.082  0.000e+00
      0.082    12.8045    25.5048    19.0859 3.8217e+00     0.1249      0.007    1488.30     80.593     7.2740 140.581502     5.0899      0.082  0.000e+00
      0.093    12.8044    25.5048    19.0859 3.7973e+00     0.1261      0.007    1488.30     80.653     7.2795 140.581502     5.0937      0.094  0.000e+00
      0.082    12.8002    25.5093    19.0901 3.8217e+00     0.1261      0.011    1488.29     80.659     7.2804 140.581503     5.0944      0.082  0.000e+00
      0.082    12.7907    25.5152    19.0964 3.8584e+00     0.1261      0.007    1488.27     80.664     7.2821 140.581503     5.0956      0.082  0.000e+00
      0.093    12.7805    25.5208    19.1025 3.8828e+00     0.1249      0.011    1488.24     80.669     7.2838 140.581504     5.0968      0.094  0.000e+00
      0.082    12.7699    25.5291    19.1109 3.9072e+00     0.1261      0.007    1488.21     80.673     7.2854 140.581504     5.0979      0.082  0.000e+00
      0.095    12.7635    25.5309    19.1134 3.9316e+00     0.1249      0.007    1488.19     80.677     7.2867 140.581505     5.0988      0.096  0.000e+00
      0.095    12.7684    25.5272    19.1097 3.9560e+00     0.1261      0.011    1488.20     80.680     7.2864 140.581505     5.0986      0.096  0.000e+00
      0.080    12.7760    25.5242    19.1060 3.9438e+00     0.1249      0.007    1488.23     80.683     7.2856 140.581506     5.0980      0.081  0.000e+00
      0.095    12.7949    25.5095    19.0912 3.9194e+00     0.1249      0.007    1488.27     80.685     7.2836 140.581506     5.0966      0.096  0.000e+00
      0.095    12.8179    25.4959    19.0765 3.8950e+00     0.1261      0.011    1488.34     80.687     7.2809 140.581507     5.0947      0.096  0.000e+00
      0.095    12.8296    25.4903    19.0702 3.8950e+00     0.1249      0.007    1488.37     80.689     7.2795 140.581507     5.0937      0.096  0.000e+00
      0.080    12.8484    25.4762    19.0559 3.8828e+00     0.1261      0.007    1488.42     80.630     7.2719 140.581508     5.0885      0.081  0.000e+00
      0.095    12.8649    25.4659    19.0449 3.8706e+00     0.1261      0.011    1488.46     80.685     7.2748 140.581508     5.0905      0.096  0.000e+00
      0.082    12.8674    25.4646    19.0435 3.8828e+00     0.1249      0.007    1488.47     80.685     7.2745 140.581508     5.0903      0.082  0.000e+00
      0.095    12.8678    25.4612    19.0408 3.9194e+00     0.1261      0.011    1488.47     80.685     7.2746 140.581509     5.0903      0.096  0.000e+00
      0.093    12.8730    25.4589    19.0381 3.9072e+00     0.1249      0.011    1488.48     80.685     7.2738 140.581509     5.0898      0.094  0.000e+00
      0.082    12.8723    25.4581    19.0375 3.9194e+00     0.1261      0.007    1488.48     80.624     7.2685 140.581510     5.0861      0.082  0.000e+00
      0.095    12.8794    25.4507    19.0306 3.9438e+00     0.1249      0.011    1488.50     80.617     7.2671 140.581510     5.0851      0.096  0.000e+00
      0.082    12.8908    25.4456    19.0246 3.9560e+00     0.1261      0.007    1488.53     80.609     7.2649 140.581511     5.0836      0.082  0.000e+00
      0.093    12.8998    25.4389    19.0177 3.9560e+00     0.1249      0.007    1488.55     80.602     7.2632 140.581511     5.0824      0.094  0.000e+00
      0.095    12.8990    25.4374    19.0168 3.9560e+00     0.1249      0.011    1488.55     80.594     7.2627 140.581512     5.0820      0.096  0.000e+00
      0.095    12.8961    25.4410    19.0201 3.9560e+00     0.1261      0.007    1488.54     80.586     7.2622 140.581512     5.0817      0.096  0.000e+00
      0.082    12.8973    25.4372    19.0169 3.9194e+00     0.1261      0.007    1488.54     80.578     7.2615 140.581513     5.0812      0.082  0.000e+00
      0.093    12.8953    25.4359    19.0163 3.9072e+00     0.1261      0.011    1488.53     80.569     7.2611 140.581513     5.0809      0.094  0.000e+00
      0.095    12.8941    25.4357    19.0163 3.9316e+00     0.1249      0.011    1488.53     80.561     7.2605 140.581514     5.0805      0.096  0.000e+00
      0.095    12.8955    25.4287    19.0107 3.9560e+00     0.1249      0.007    1488.52     80.552     7.2598 140.581514     5.0800      0.096  0.000e+00
      0.093    12.9019    25.4236    19.0056 3.9683e+00     0.1249      0.011    1488.54     80.543     7.2582 140.581515     5.0789      0.094  0.000e+00
      0.095    12.9029    25.4212    19.0036 3.9438e+00     0.1249      0.007    1488.54     80.533     7.2573 140.581515     5.0783      0.096  0.000e+00
      0.095    12.8793    25.4324    19.0164 3.9072e+00     0.1249      0.007    1488.47     80.523     7.2595 140.581516     5.0798      0.096  0.000e+00
      0.095    12.8570    25.4508    19.0347 3.9072e+00     0.1261      0.011    1488.42     80.453     7.2558 140.581516     5.0772      0.096  0.000e+00
      0.093    12.8506    25.4561    19.0400 3.9438e+00     0.1249      0.007    1488.40     80.497     7.2605 140.581517     5.0805      0.094  0.000e+00
      0.095    12.8722    25.4403    19.0239 3.9805e+00     0.1261      0.007    1488.46     80.488     7.2570 140.581517     5.0781      0.096  0.000e+00
      0.095    12.8922    25.4337    19.0151 4.0171e+00     0.1249      0.007    1488.52     80.424     7.2485 140.581518     5.0721      0.096  0.000e+00
      0.106    12.9052    25.4279    19.0083 4.0415e+00     0.1261      0.007    1488.56     80.414     7.2459 140.581518     5.0703      0.107  0.000e+00
      0.093    12.9175    25.4203    19.0002 4.0293e+00     0.1261      0.007    1488.59     80.405     7.2436 140.581519     5.0686      0.094  0.000e+00
      0.095    12.9140    25.4267    19.0058 4.0049e+00     0.1249      0.011    1488.59     80.395     7.2429 140.581519     5.0682      0.096  0.000e+00
      0.106    12.9006    25.4356    19.0150 3.9927e+00     0.1249      0.007    1488.55     80.386     7.2437 140.581520     5.0687      0.107  0.000e+00
      0.095    12.8874    25.4426    19.0229 3.9560e+00     0.1249      0.011    1488.51     80.376     7.2446 140.581520     5.0694      0.096  0.000e+00
      0.093    12.8753    25.4512    19.0317 3.8828e+00     0.1249      0.007    1488.48     80.368     7.2453 140.581521     5.0698      0.094  0.000e+00
      0.095    12.8662    25.4505    19.0328 3.8584e+00     0.1261      0.007    1488.45     80.365     7.2464 140.581521     5.0706      0.096  0.000e+00
      0.106    12.8611    25.4495    19.0330 3.8339e+00     0.1249      0.011    1488.43     80.357     7.2465 140.581522     5.0707      0.107  0.000e+00
      0.106    12.8632    25.4477    19.0312 3.8095e+00     0.1261      0.007    1488.44     80.349     7.2456 140.581522     5.0700      0.107  0.000e+00
      0.093    12.8755    25.4328    19.0174 3.7973e+00     0.1261      0.007    1488.46     80.342     7.2437 140.581522     5.0687      0.094  0.000e+00
      0.095    12.8889    25.4245    19.0086 3.8095e+00     0.1261      0.011    1488.50     80.335     7.2414 140.581523     5.0671      0.096  0.000e+00
      0.106    12.9003    25.4196    19.0028 3.8217e+00     0.1261      0.007    1488.53     80.334     7.2398 140.581523     5.0660      0.107  0.000e+00
      0.095    12.9148    25.4059    18.9896 3.8095e+00     0.1249      0.007    1488.56     80.333     7.2382 140.581524     5.0649      0.096  0.000e+00
      0.104    12.9297    25.4001    18.9824 3.8095e+00     0.1261      0.011    1488.61     80.333     7.2362 140.581524     5.0635      0.105  0.000e+00
      0.095    12.9414    25.3973    18.9781 3.8462e+00     0.1261      0.007    1488.65     80.334     7.2346 140.581525     5.0623      0.096  0.000e+00
      0.095    12.9508    25.3901    18.9709 3.8706e+00     0.1249      0.007    1488.67     80.329     7.2330 140.581525     5.0612      0.096  0.000e+00
      0.104    12.9568    25.3888    18.9688 3.8706e+00     0.1249      0.011    1488.69     80.330     7.2323 140.581526     5.0607      0.105  0.000e+00
      0.095    12.9591    25.3846    18.9651 3.9072e+00     0.1261      0.007    1488.69     80.331     7.2322 140.581526     5.0607      0.096  0.000e+00
      0.106    12.9605    25.3793    18.9608 3.9194e+00     0.1261      0.011    1488.69     80.333     7.2324 140.581527     5.0608      0.107  0.000e+00
      0.095    12.9607    25.3821    18.9629 3.9194e+00     0.1249      0.007    1488.69     80.395     7.2378 140.581527     5.0646      0.096  0.000e+00
      0.104    12.9692    25.3722    18.9537 3.9072e+00     0.1249      0.007    1488.71     80.404     7.2378 140.581528     5.0646      0.105  0.000e+00
      0.095    12.9928    25.3552    18.9363 3.8950e+00     0.1261      0.011    1488.77     80.412     7.2357 140.581528     5.0631      0.096  0.000e+00
      0.095    13.0176    25.3428    18.9222 3.9072e+00     0.1249      0.011    1488.84     80.422     7.2333 140.581529     5.0615      0.096  0.000e+00
      0.095    13.0419    25.3224    18.9021 3.9194e+00     0.1261      0.007    1488.90     80.431     7.2314 140.581529     5.0601      0.096  0.000e+00
      0.093    13.0513    25.3169    18.8961 3.9072e+00     0.1261      0.011    1488.93     80.440     7.2311 140.581530     5.0599      0.094  0.000e+00
      0.106    13.0537    25.3179    18.8964 3.8950e+00     0.1249      0.007    1488.94     80.450     7.2315 140.581530     5.0602      0.107  0.000e+00
      0.106    13.0577    25.3107    18.8901 3.9072e+00     0.1249      0.007    1488.94     80.460     7.2321 140.581531     5.0606      0.107  0.000e+00
      0.095    13.0624    25.3078    18.8871 3.9194e+00     0.1261      0.011    1488.95     80.463     7.2318 140.581531     5.0604      0.096  0.000e+00
      0.104    13.0688    25.3019    18.8813 3.9316e+00     0.1261      0.007    1488.97     80.474     7.2321 140.581532     5.0606      0.105  0.000e+00
      0.095    13.0734    25.2931    18.8737 3.9438e+00     0.1261      0.007    1488.97     80.484     7.2326 140.581532     5.0610      0.096  0.000e+00
      0.106    13.0777    25.2924    18.8724 3.9316e+00     0.1249      0.011    1488.99     80.494     7.2330 140.581533     5.0612      0.107  0.000e+00
      0.106    13.0871    25.2846    18.8646 3.8828e+00     0.1249      0.007    1489.01     80.505     7.2329 140.581533     5.0611      0.107  0.000e+00
      0.093    13.1012    25.2718    18.8522 3.8584e+00     0.1249      0.011    1489.04     80.510     7.2317 140.581534     5.0603      0.094  0.000e+00
      0.106    13.1128    25.2680    18.8471 3.8584e+00     0.1261      0.011    1489.08     80.575     7.2360 140.581534     5.0633      0.107  0.000e+00
      0.106    13.1218    25.2589    18.8384 3.8462e+00     0.1249      0.007    1489.10     80.525     7.2306 140.581535     5.0595      0.107  0.000e+00
      0.106    13.1276    25.2515    18.8317 3.7851e+00     0.1261      0.011    1489.11     80.530     7.2305 140.581535     5.0595      0.107  0.000e+00
      0.104    13.1320    25.2477    18.8279 3.7485e+00     0.1261      0.011    1489.12     80.535     7.2304 140.581535     5.0594      0.105  0.000e+00
      0.095    13.1367    25.2359    18.8180 3.6996e+00     0.1249      0.007    1489.12     80.539     7.2306 140.581536     5.0596      0.096  0.000e+00
      0.106    13.1397    25.2313    18.8139 3.6752e+00     0.1249      0.011    1489.13     80.544     7.2308 140.581536     5.0597      0.107  0.000e+00
      0.095    13.1405    25.2285    18.8116 3.6752e+00     0.1261      0.007    1489.13     80.549     7.2312 140.581537     5.0600      0.096  0.000e+00
      0.093    13.1384    25.2233    18.8079 3.6752e+00     0.1249      0.011    1489.11     80.553     7.2322 140.581537     5.0607      0.094  0.000e+00
      0.106    13.1345    25.2270    18.8115 3.6874e+00     0.1261      0.011    1489.11     80.558     7.2330 140.581538     5.0613      0.107  0.000e+00
      0.095    13.1307    25.2265    18.8118 3.6874e+00     0.1261      0.007    1489.09     80.563     7.2340 140.581538     5.0620      0.096  0.000e+00
      0.093    13.1317    25.2214    18.8077 3.6752e+00     0.1249      0.007    1489.09     80.567     7.2345 140.581539     5.0623      0.094  0.000e+00
      0.095    13.1325    25.2264    18.8114 3.6630e+00     0.1261      0.007    1489.10     80.572     7.2346 140.581539     5.0624      0.096  0.000e+00
      0.082    13.1263    25.2296    18.8151 3.6752e+00     0.1249      0.007    1489.08     80.571     7.2353 140.581540     5.0628      0.082  0.000e+00
      0.095    13.1091    25.2379    18.8246 3.6996e+00     0.1249      0.007    1489.03     80.515     7.2326 140.581540     5.0609      0.096  0.000e+00
      0.104    13.0951    25.2521    18.8381 3.7363e+00     0.1261      0.011    1489.00     80.514     7.2340 140.581541     5.0619      0.105  0.000e+00
      0.082    13.0870    25.2527    18.8401 3.7607e+00     0.1249      0.007    1488.97     80.507     7.2346 140.581541     5.0623      0.082  0.000e+00
      0.095    13.0829    25.2542    18.8419 3.7729e+00     0.1261      0.011    1488.96     80.501     7.2345 140.581542     5.0623      0.096  0.000e+00
      0.095    13.0816    25.2585    18.8455 3.7607e+00     0.1249      0.007    1488.96     80.494     7.2339 140.581542     5.0619      0.096  0.000e+00
