Dk1_200519_down.cnv
* Sea-Bird SBE 9 Data File:
* FileName = C:\CTD Brukere\NIVA\IO2019\20190520\Dk1_200519.hex
* Software Version Seasave V 7.23.2
* Temperature SN = 5352
* Conductivity SN = 3840
* Number of Bytes Per Scan = 28
* Number of Voltage Words = 4
* Number of Scans Averaged by the Deck Unit = 1
* NMEA baud rate = 4800
** Ship: R/V Trygve Braarud
** Cruise:
** Station:
** Operator:
# nquan = 14
# nvalues = 5326                                  
# units = specified
# name 0 = depSM: Depth [salt water, m], lat = 59.60
# name 1 = t090C: Temperature [ITS-90, deg C]
# name 2 = sal00: Salinity, Practical [PSU]
# name 3 = sigma-t00: Density [sigma-t, kg/m^3 ]
# name 4 = flSP: Fluorescence, Seapoint
# name 5 = wetStar: Fluorescence, WET Labs WETstar [mg/m^3]
# name 6 = seaTurbMtr: Turbidity, Seapoint [FTU]
# name 7 = svCM: Sound Velocity [Chen-Millero, m/s]
# name 8 = sbeox0PS: Oxygen, SBE 43 [% saturation]
# name 9 = sbeox0Mg/L: Oxygen, SBE 43 [mg/l]
# name 10 = timeJ: Julian Days
# name 11 = sbeox0ML/L: Oxygen, SBE 43 [ml/l]
# name 12 = prDM: Pressure, Digiquartz [db]
# name 13 = flag:  0.000e+00
# span 0 =      0.070,     98.309                 
# span 1 =     6.1944,    13.3695                 
# span 2 =    24.9304,    33.5564                 
# span 3 =    18.5400,    26.1742                 
# span 4 = 1.5873e-01, 5.4823e+00                 
# span 5 =     0.1249,     0.1273                 
# span 6 =      0.007,      0.018                 
# span 7 =    1471.02,    1489.56                 
# span 8 =     46.293,     97.114                 
# span 9 =     4.5644,     9.5259                 
# span 10 = 140.581493, 140.584061                
# span 11 =     3.1939,     6.6657                
# span 12 =      0.071,     99.266                
# span 13 = 0.0000e+00, 0.0000e+00                
# interval = seconds: 0.0416667
# start_time = May 20 2019 13:57:21 [System UpLoad Time]
# bad_flag = -9.990e-29
*END*
[from data line 2271]
     46.690     7.3750    33.2029    25.9518 1.7094e-01     0.1261      0.018    1478.63     53.661     5.1940 140.582588     3.6344     47.138  0.000e+00
     46.709     7.3752    33.2033    25.9521 1.7094e-01     0.1261      0.018    1478.63     53.658     5.1936 140.582589     3.6342     47.158  0.000e+00
     46.733     7.3765    33.2050    25.9533 1.5873e-01     0.1261      0.018    1478.64     53.663     5.1939 140.582589     3.6344     47.182  0.000e+00
     46.761     7.3779    33.2048    25.9529 1.5873e-01     0.1261      0.018    1478.65     53.662     5.1937 140.582590     3.6342     47.210  0.000e+00
     46.781     7.3779    33.2046    25.9528 1.7094e-01     0.1261      0.015    1478.65     53.663     5.1937 140.582590     3.6343     47.230  0.000e+00
     46.797     7.3784    33.2065    25.9542 1.5873e-01     0.1273      0.018    1478.65     53.665     5.1938 140.582591     3.6343     47.246  0.000e+00
     46.829     7.3795    33.2098    25.9567 1.5873e-01     0.1261      0.015    1478.66     53.667     5.1938 140.582591     3.6343     47.279  0.000e+00
     46.846     7.3811    33.2124    25.9585 1.5873e-01     0.1261      0.015    1478.67     53.672     5.1939 140.582592     3.6344     47.295  0.000e+00
     46.865     7.3824    33.2136    25.9592 1.7094e-01     0.1261      0.015    1478.68     53.669     5.1935 140.582592     3.6341     47.315  0.000e+00
     46.878     7.3850    33.2136    25.9588 1.7094e-01     0.1261      0.018    1478.69     53.668     5.1930 140.582593     3.6338     47.328  0.000e+00
     46.930     7.3862    33.2146    25.9594 1.7094e-01     0.1261      0.018    1478.69     53.675     5.1936 140.582593     3.6342     47.381  0.000e+00
     46.950     7.3881    33.2146    25.9592 1.7094e-01     0.1261      0.015    1478.70     53.683     5.1942 140.582594     3.6346     47.400  0.000e+00
     46.977     7.3895    33.2127    25.9575 1.7094e-01     0.1261      0.015    1478.71     53.685     5.1943 140.582594     3.6346     47.428  0.000e+00
     46.974     7.3888    33.2096    25.9552 1.7094e-01     0.1261      0.015    1478.70     53.688     5.1947 140.582595     3.6350     47.425  0.000e+00
     47.026     7.3864    33.2101    25.9559 1.7094e-01     0.1261      0.018    1478.69     53.692     5.1954 140.582595     3.6354     47.477  0.000e+00
     47.034     7.3864    33.2109    25.9565 1.7094e-01     0.1261      0.015    1478.69     53.697     5.1958 140.582595     3.6357     47.486  0.000e+00
     47.062     7.3862    33.2117    25.9572 1.7094e-01     0.1261      0.018    1478.69     53.641     5.1904 140.582596     3.6319     47.513  0.000e+00
     47.094     7.3856    33.2118    25.9574 1.7094e-01     0.1261      0.015    1478.69     53.640     5.1904 140.582596     3.6319     47.546  0.000e+00
     47.105     7.3859    33.2112    25.9568 1.7094e-01     0.1261      0.015    1478.69     53.703     5.1964 140.582597     3.6362     47.558  0.000e+00
     47.133     7.3862    33.2105    25.9562 1.7094e-01     0.1261      0.018    1478.69     53.705     5.1966 140.582597     3.6363     47.586  0.000e+00
     47.166     7.3862    33.2097    25.9556 1.7094e-01     0.1249      0.015    1478.69     53.652     5.1916 140.582598     3.6327     47.618  0.000e+00
     47.182     7.3848    33.2100    25.9560 1.5873e-01     0.1261      0.015    1478.69     53.648     5.1913 140.582598     3.6326     47.635  0.000e+00
     47.203     7.3843    33.2101    25.9562 1.5873e-01     0.1261      0.015    1478.69     53.707     5.1970 140.582599     3.6366     47.656  0.000e+00
     47.242     7.3854    33.2117    25.9573 1.7094e-01     0.1261      0.015    1478.69     53.650     5.1913 140.582599     3.6326     47.696  0.000e+00
     47.250     7.3869    33.2133    25.9583 1.5873e-01     0.1261      0.015    1478.70     53.648     5.1909 140.582600     3.6323     47.704  0.000e+00
     47.289     7.3879    33.2146    25.9592 1.5873e-01     0.1261      0.015    1478.71     53.647     5.1907 140.582600     3.6321     47.743  0.000e+00
     47.310     7.3881    33.2150    25.9595 1.7094e-01     0.1261      0.015    1478.71     53.647     5.1907 140.582601     3.6321     47.764  0.000e+00
     47.326     7.3893    33.2154    25.9597 1.7094e-01     0.1273      0.018    1478.71     53.648     5.1906 140.582601     3.6321     47.781  0.000e+00
     47.359     7.3910    33.2146    25.9588 1.5873e-01     0.1261      0.015    1478.72     53.650     5.1906 140.582602     3.6321     47.814  0.000e+00
     47.374     7.3903    33.2138    25.9583 1.7094e-01     0.1261      0.018    1478.72     53.653     5.1910 140.582602     3.6324     47.828  0.000e+00
     47.406     7.3886    33.2139    25.9585 1.5873e-01     0.1261      0.015    1478.71     53.657     5.1916 140.582603     3.6328     47.861  0.000e+00
     47.434     7.3899    33.2142    25.9587 1.5873e-01     0.1261      0.018    1478.72     53.662     5.1919 140.582603     3.6330     47.889  0.000e+00
     47.455     7.3907    33.2169    25.9607 1.5873e-01     0.1261      0.018    1478.72     53.668     5.1923 140.582604     3.6332     47.910  0.000e+00
     47.494     7.3918    33.2195    25.9625 1.5873e-01     0.1261      0.018    1478.73     53.675     5.1927 140.582604     3.6335     47.950  0.000e+00
     47.515     7.3944    33.2220    25.9642 1.5873e-01     0.1261      0.018    1478.74     53.620     5.1870 140.582605     3.6296     47.971  0.000e+00
     47.518     7.3963    33.2232    25.9648 1.5873e-01     0.1261      0.018    1478.75     53.675     5.1921 140.582605     3.6331     47.974  0.000e+00
     47.575     7.3978    33.2228    25.9643 1.5873e-01     0.1261      0.015    1478.76     53.685     5.1929 140.582606     3.6337     48.032  0.000e+00
     47.578     7.3986    33.2225    25.9639 1.5873e-01     0.1261      0.015    1478.76     53.687     5.1930 140.582606     3.6338     48.035  0.000e+00
     47.611     7.3988    33.2229    25.9643 1.5873e-01     0.1261      0.015    1478.76     53.629     5.1873 140.582607     3.6298     48.068  0.000e+00
     47.638     7.3979    33.2214    25.9631 1.5873e-01     0.1261      0.018    1478.76     53.626     5.1872 140.582607     3.6297     48.096  0.000e+00
     47.659     7.3964    33.2197    25.9620 1.7094e-01     0.1261      0.015    1478.75     53.623     5.1872 140.582608     3.6297     48.117  0.000e+00
     47.687     7.3949    33.2201    25.9626 1.7094e-01     0.1273      0.018    1478.75     53.622     5.1872 140.582608     3.6297     48.145  0.000e+00
     47.720     7.3953    33.2207    25.9630 1.7094e-01     0.1261      0.018    1478.75     53.622     5.1871 140.582609     3.6297     48.178  0.000e+00
     47.734     7.3954    33.2192    25.9618 1.7094e-01     0.1261      0.018    1478.75     53.622     5.1872 140.582609     3.6297     48.193  0.000e+00
     47.744     7.3910    33.2176    25.9611 1.7094e-01     0.1261      0.018    1478.73     53.624     5.1879 140.582609     3.6302     48.202  0.000e+00
     47.783     7.3886    33.2144    25.9590 1.7094e-01     0.1261      0.018    1478.72     53.626     5.1886 140.582610     3.6307     48.242  0.000e+00
     47.804     7.3889    33.2128    25.9577 1.5873e-01     0.1261      0.015    1478.72     53.629     5.1889 140.582610     3.6309     48.263  0.000e+00
     47.830     7.3890    33.2132    25.9580 1.7094e-01     0.1261      0.018    1478.72     53.634     5.1893 140.582611     3.6312     48.289  0.000e+00
     47.864     7.3881    33.2151    25.9596 1.7094e-01     0.1261      0.018    1478.72     53.639     5.1898 140.582611     3.6315     48.324  0.000e+00
     47.879     7.3895    33.2179    25.9616 1.7094e-01     0.1261      0.018    1478.73     53.575     5.1834 140.582612     3.6270     48.339  0.000e+00
     47.911     7.3919    33.2190    25.9621 1.7094e-01     0.1261      0.015    1478.74     53.629     5.1883 140.582612     3.6305     48.371  0.000e+00
     47.928     7.3937    33.2198    25.9625 1.7094e-01     0.1261      0.015    1478.75     53.628     5.1880 140.582613     3.6303     48.388  0.000e+00
     47.963     7.3948    33.2204    25.9628 1.7094e-01     0.1261      0.015    1478.75     53.567     5.1819 140.582613     3.6260     48.424  0.000e+00
     47.960     7.3951    33.2195    25.9621 1.7094e-01     0.1261      0.015    1478.75     53.561     5.1813 140.582614     3.6256     48.421  0.000e+00
     48.010     7.3944    33.2183    25.9612 1.7094e-01     0.1261      0.015    1478.75     53.556     5.1810 140.582614     3.6253     48.471  0.000e+00
     48.020     7.3937    33.2176    25.9608 1.7094e-01     0.1261      0.018    1478.74     53.552     5.1806 140.582615     3.6251     48.481  0.000e+00
     48.046     7.3940    33.2173    25.9605 1.5873e-01     0.1261      0.015    1478.75     53.548     5.1803 140.582615     3.6249     48.508  0.000e+00
     48.080     7.3948    33.2192    25.9619 1.7094e-01     0.1273      0.015    1478.75     53.546     5.1799 140.582616     3.6246     48.542  0.000e+00
     48.083     7.3961    33.2217    25.9637 1.5873e-01     0.1261      0.015    1478.76     53.545     5.1795 140.582616     3.6243     48.545  0.000e+00
     48.129     7.3976    33.2241    25.9653 1.5873e-01     0.1261      0.018    1478.77     53.544     5.1792 140.582617     3.6241     48.591  0.000e+00
     48.144     7.3988    33.2266    25.9671 1.5873e-01     0.1261      0.018    1478.78     53.544     5.1791 140.582617     3.6240     48.606  0.000e+00
     48.179     7.4004    33.2275    25.9676 1.7094e-01     0.1261      0.018    1478.79     53.484     5.1730 140.582618     3.6197     48.642  0.000e+00
     48.189     7.4012    33.2299    25.9694 1.5873e-01     0.1261      0.018    1478.79     53.479     5.1723 140.582618     3.6193     48.652  0.000e+00
     48.215     7.4027    33.2337    25.9722 1.7094e-01     0.1261      0.015    1478.80     53.475     5.1717 140.582619     3.6188     48.678  0.000e+00
     48.249     7.4065    33.2363    25.9737 1.7094e-01     0.1261      0.018    1478.82     53.473     5.1709 140.582619     3.6183     48.713  0.000e+00
     48.264     7.4095    33.2361    25.9731 1.7094e-01     0.1261      0.018    1478.83     53.464     5.1697 140.582620     3.6174     48.727  0.000e+00
     48.285     7.4117    33.2367    25.9733 1.5873e-01     0.1261      0.018    1478.84     53.456     5.1686 140.582620     3.6167     48.749  0.000e+00
     48.311     7.4135    33.2363    25.9727 1.5873e-01     0.1261      0.018    1478.85     53.457     5.1685 140.582621     3.6166     48.775  0.000e+00
     48.347     7.4139    33.2352    25.9718 1.5873e-01     0.1261      0.015    1478.85     53.459     5.1687 140.582621     3.6167     48.811  0.000e+00
     48.356     7.4130    33.2336    25.9707 1.5873e-01     0.1261      0.015    1478.84     53.392     5.1624 140.582622     3.6123     48.821  0.000e+00
     48.384     7.4110    33.2316    25.9693 1.5873e-01     0.1261      0.015    1478.83     53.382     5.1617 140.582622     3.6119     48.849  0.000e+00
     48.417     7.4088    33.2312    25.9694 1.7094e-01     0.1273      0.015    1478.83     53.380     5.1618 140.582622     3.6119     48.882  0.000e+00
     48.431     7.4079    33.2327    25.9707 1.7094e-01     0.1261      0.018    1478.82     53.372     5.1611 140.582623     3.6114     48.896  0.000e+00
     48.467     7.4082    33.2327    25.9706 1.7094e-01     0.1261      0.015    1478.83     53.366     5.1604 140.582623     3.6110     48.932  0.000e+00
     48.465     7.4084    33.2323    25.9703 1.7094e-01     0.1261      0.018    1478.83     53.360     5.1599 140.582624     3.6106     48.931  0.000e+00
     48.491     7.4085    33.2315    25.9696 1.7094e-01     0.1261      0.015    1478.83     53.294     5.1535 140.582624     3.6061     48.957  0.000e+00
     48.537     7.4085    33.2309    25.9692 1.7094e-01     0.1261      0.015    1478.83     53.284     5.1526 140.582625     3.6055     49.003  0.000e+00
     48.540     7.4080    33.2299    25.9684 1.7094e-01     0.1261      0.018    1478.82     53.275     5.1518 140.582625     3.6049     49.006  0.000e+00
     48.576     7.4077    33.2285    25.9674 1.7094e-01     0.1261      0.018    1478.82     53.268     5.1512 140.582626     3.6045     49.042  0.000e+00
     48.597     7.4076    33.2275    25.9666 1.7094e-01     0.1261      0.015    1478.82     53.263     5.1508 140.582626     3.6042     49.064  0.000e+00
     48.625     7.4061    33.2259    25.9655 1.7094e-01     0.1261      0.018    1478.81     53.259     5.1506 140.582627     3.6041     49.092  0.000e+00
     48.646     7.4039    33.2255    25.9656 1.5873e-01     0.1261      0.018    1478.80     53.195     5.1447 140.582627     3.6000     49.113  0.000e+00
     48.672     7.4027    33.2270    25.9669 1.5873e-01     0.1261      0.015    1478.80     53.249     5.1500 140.582628     3.6037     49.139  0.000e+00
     48.696     7.4028    33.2306    25.9697 1.5873e-01     0.1261      0.015    1478.81     53.181     5.1433 140.582628     3.5989     49.164  0.000e+00
     48.717     7.4042    33.2339    25.9721 1.7094e-01     0.1261      0.018    1478.82     53.176     5.1425 140.582629     3.5984     49.185  0.000e+00
     48.745     7.4034    33.2371    25.9748 1.5873e-01     0.1261      0.015    1478.82     53.173     5.1422 140.582629     3.5982     49.213  0.000e+00
     48.777     7.4026    33.2407    25.9777 1.5873e-01     0.1261      0.015    1478.82     53.110     5.1361 140.582630     3.5939     49.246  0.000e+00
     48.792     7.4048    33.2437    25.9797 1.7094e-01     0.1261      0.018    1478.83     53.096     5.1344 140.582630     3.5927     49.261  0.000e+00
     48.816     7.4120    33.2472    25.9815 1.7094e-01     0.1261      0.015    1478.87     53.083     5.1322 140.582631     3.5912     49.285  0.000e+00
     48.850     7.4212    33.2499    25.9823 1.7094e-01     0.1261      0.018    1478.90     53.072     5.1300 140.582631     3.5897     49.320  0.000e+00
     48.865     7.4265    33.2525    25.9836 1.7094e-01     0.1261      0.018    1478.93     53.002     5.1224 140.582632     3.5844     49.334  0.000e+00
     48.901     7.4296    33.2549    25.9851 1.7094e-01     0.1261      0.018    1478.94     52.988     5.1207 140.582632     3.5831     49.370  0.000e+00
     48.910     7.4334    33.2575    25.9866 1.7094e-01     0.1261      0.018    1478.96     52.976     5.1190 140.582633     3.5820     49.380  0.000e+00
     48.936     7.4361    33.2577    25.9864 1.7094e-01     0.1261      0.018    1478.97     52.966     5.1177 140.582633     3.5811     49.407  0.000e+00
     48.972     7.4368    33.2575    25.9861 1.7094e-01     0.1261      0.015    1478.98     52.959     5.1170 140.582634     3.5805     49.443  0.000e+00
     49.006     7.4367    33.2578    25.9864 1.5873e-01     0.1261      0.018    1478.98     52.954     5.1165 140.582634     3.5802     49.477  0.000e+00
     49.021     7.4367    33.2573    25.9860 1.7094e-01     0.1261      0.015    1478.98     52.951     5.1162 140.582635     3.5800     49.492  0.000e+00
     49.045     7.4363    33.2566    25.9855 1.5873e-01     0.1261      0.018    1478.97     52.888     5.1102 140.582635     3.5758     49.517  0.000e+00
     49.066     7.4355    33.2575    25.9863 1.5873e-01     0.1261      0.015    1478.97     52.875     5.1090 140.582636     3.5750     49.538  0.000e+00
     49.105     7.4376    33.2577    25.9862 1.5873e-01     0.1261      0.015    1478.98     52.871     5.1084 140.582636     3.5746     49.577  0.000e+00
     49.105     7.4370    33.2573    25.9860 1.5873e-01     0.1261      0.015    1478.98     52.808     5.1024 140.582636     3.5703     49.577  0.000e+00
     49.151     7.4372    33.2561    25.9850 1.5873e-01     0.1261      0.015    1478.98     52.795     5.1011 140.582637     3.5694     49.623  0.000e+00
     49.166     7.4373    33.2544    25.9837 1.5873e-01     0.1273      0.018    1478.98     52.784     5.1001 140.582637     3.5687     49.638  0.000e+00
