Dk1_2_200519_down.cnv
* Sea-Bird SBE 9 Data File:
* FileName = C:\CTD Brukere\NIVA\IO2019\20190520\Dk1_2_200519.hex
* Software Version Seasave V 7.23.2
* Temperature SN = 5352
* Conductivity SN = 3840
* Number of Bytes Per Scan = 28
* Number of Voltage Words = 4
* Number of Scans Averaged by the Deck Unit = 1
* NMEA baud rate = 4800
** Ship: R/V Trygve Braarud
** Cruise:
** Station:
** Operator:
# nquan = 14
# nvalues = 444                                   
# units = specified
# name 0 = depSM: Depth [salt water, m], lat = 59.60
# name 1 = t090C: Temperature [ITS-90, deg C]
# name 2 = sal00: Salinity, Practical [PSU]
# name 3 = sigma-t00: Density [sigma-t, kg/m^3 ]
# name 4 = flSP: Fluorescence, Seapoint
# name 5 = wetStar: Fluorescence, WET Labs WETstar [mg/m^3]
# name 6 = seaTurbMtr: Turbidity, Seapoint [FTU]
# name 7 = svCM: Sound Velocity [Chen-Millero, m/s]
# name 8 = sbeox0PS: Oxygen, SBE 43 [% saturation]
# name 9 = sbeox0Mg/L: Oxygen, SBE 43 [mg/l]
# name 10 = timeJ: Julian Days
# name 11 = sbeox0ML/L: Oxygen, SBE 43 [ml/l]
# name 12 = prDM: Pressure, Digiquartz [db]
# name 13 = flag:  0.000e+00
# span 0 =      0.292,      9.234                 
# span 1 =     8.6760,    13.5378                 
# span 2 =    24.9942,    28.4111                 
# span 3 =    18.5576,    22.0103                 
# span 4 = 1.6361e+00, 5.0061e+00                 
# span 5 =     0.1249,     0.1273                 
# span 6 =      0.007,      0.015                 
# span 7 =    1476.98,    1490.21                 
# span 8 =     87.384,     98.639                 
# span 9 =     7.7930,     9.2360                 
# span 10 = 140.591204, 140.591417                
# span 11 =     5.4531,     6.4628                
# span 12 =      0.295,      9.322                
# span 13 = 0.0000e+00, 0.0000e+00                
# interval = seconds: 0.0416667
# start_time = May 20 2019 14:11:20 [System UpLoad Time]
# bad_flag = -9.990e-29
*END*
      0.378    13.5148    25.0343    18.5927 3.4066e+00     0.1249      0.015    1490.18     87.384     7.7930 140.591204     5.4531      0.381  0.000e+00
      0.365    13.5147    25.0344    18.5928 3.3822e+00     0.1261      0.015    1490.18     87.384     7.7930 140.591204     5.4531      0.368  0.000e+00
      0.378    13.5143    25.0348    18.5931 3.3455e+00     0.1249      0.015    1490.18     87.503     7.8037 140.591205     5.4606      0.381  0.000e+00
      0.388    13.5145    25.0345    18.5929 3.3455e+00     0.1261      0.015    1490.18     87.633     7.8152 140.591205     5.4686      0.391  0.000e+00
      0.389    13.5141    25.0351    18.5935 3.3578e+00     0.1261      0.015    1490.17     87.713     7.8224 140.591206     5.4737      0.393  0.000e+00
      0.389    13.5138    25.0354    18.5937 3.3822e+00     0.1249      0.015    1490.17     87.916     7.8406 140.591206     5.4864      0.393  0.000e+00
      0.389    13.5138    25.0360    18.5942 3.3944e+00     0.1261      0.015    1490.18     88.016     7.8494 140.591207     5.4926      0.393  0.000e+00
      0.388    13.5133    25.0377    18.5956 3.4188e+00     0.1261      0.015    1490.18     88.178     7.8639 140.591207     5.5027      0.391  0.000e+00
      0.400    13.5127    25.0393    18.5969 3.4310e+00     0.1261      0.011    1490.18     88.349     7.8791 140.591208     5.5134      0.404  0.000e+00
      0.400    13.5114    25.0412    18.5986 3.4432e+00     0.1249      0.011    1490.17     88.527     7.8952 140.591208     5.5246      0.404  0.000e+00
      0.389    13.5108    25.0421    18.5994 3.4432e+00     0.1249      0.015    1490.17     88.773     7.9171 140.591209     5.5399      0.393  0.000e+00
      0.400    13.5105    25.0423    18.5997 3.4676e+00     0.1249      0.011    1490.17     89.031     7.9402 140.591209     5.5561      0.404  0.000e+00
      0.400    13.5102    25.0416    18.5992 3.4921e+00     0.1249      0.015    1490.17     89.241     7.9590 140.591209     5.5693      0.404  0.000e+00
      0.400    13.5112    25.0394    18.5973 3.5165e+00     0.1249      0.015    1490.17     89.517     7.9836 140.591210     5.5864      0.404  0.000e+00
      0.400    13.5122    25.0373    18.5955 3.5287e+00     0.1261      0.011    1490.17     89.743     8.0037 140.591210     5.6005      0.404  0.000e+00
      0.400    13.5127    25.0363    18.5946 3.5165e+00     0.1261      0.011    1490.17     90.034     8.0296 140.591211     5.6186      0.404  0.000e+00
      0.412    13.5125    25.0365    18.5948 3.4921e+00     0.1261      0.015    1490.17     90.334     8.0564 140.591211     5.6374      0.416  0.000e+00
      0.400    13.5125    25.0361    18.5945 3.4554e+00     0.1249      0.015    1490.17     90.583     8.0786 140.591212     5.6529      0.404  0.000e+00
      0.400    13.5129    25.0352    18.5937 3.4554e+00     0.1249      0.015    1490.17     90.894     8.1064 140.591212     5.6724      0.404  0.000e+00
      0.400    13.5137    25.0335    18.5923 3.4554e+00     0.1261      0.015    1490.17     91.154     8.1294 140.591213     5.6885      0.404  0.000e+00
      0.412    13.5145    25.0325    18.5913 3.4188e+00     0.1261      0.015    1490.17     91.475     8.1580 140.591213     5.7085      0.416  0.000e+00
      0.413    13.5148    25.0320    18.5909 3.3700e+00     0.1261      0.015    1490.17     91.802     8.1871 140.591214     5.7288      0.417  0.000e+00
      0.413    13.5153    25.0308    18.5899 3.3455e+00     0.1249      0.015    1490.17     92.134     8.2167 140.591214     5.7496      0.417  0.000e+00
      0.413    13.5158    25.0301    18.5892 3.3578e+00     0.1261      0.015    1490.18     92.472     8.2468 140.591215     5.7706      0.417  0.000e+00
      0.425    13.5171    25.0270    18.5866 3.3822e+00     0.1249      0.015    1490.18     92.755     8.2720 140.591215     5.7882      0.429  0.000e+00
      0.412    13.5197    25.0227    18.5829 3.3944e+00     0.1261      0.015    1490.18     93.095     8.3021 140.591216     5.8093      0.416  0.000e+00
      0.425    13.5225    25.0195    18.5798 3.3944e+00     0.1249      0.015    1490.19     93.438     8.3324 140.591216     5.8305      0.429  0.000e+00
      0.425    13.5243    25.0178    18.5782 3.4066e+00     0.1261      0.015    1490.19     93.725     8.3577 140.591217     5.8482      0.429  0.000e+00
      0.413    13.5260    25.0161    18.5766 3.4188e+00     0.1249      0.015    1490.19     94.008     8.3827 140.591217     5.8657      0.417  0.000e+00
      0.423    13.5272    25.0141    18.5748 3.4188e+00     0.1261      0.015    1490.20     94.347     8.4128 140.591218     5.8868      0.427  0.000e+00
      0.425    13.5284    25.0114    18.5725 3.4310e+00     0.1249      0.015    1490.20     94.686     8.4430 140.591218     5.9079      0.429  0.000e+00
      0.413    13.5296    25.0094    18.5707 3.4066e+00     0.1261      0.015    1490.20     94.966     8.4679 140.591219     5.9253      0.417  0.000e+00
      0.413    13.5305    25.0088    18.5701 3.3944e+00     0.1261      0.015    1490.20     95.300     8.4976 140.591219     5.9461      0.417  0.000e+00
      0.413    13.5302    25.0090    18.5703 3.3700e+00     0.1261      0.015    1490.20     95.574     8.5220 140.591220     5.9632      0.417  0.000e+00
      0.423    13.5300    25.0096    18.5708 3.3333e+00     0.1249      0.011    1490.20     95.841     8.5459 140.591220     5.9799      0.427  0.000e+00
      0.413    13.5295    25.0106    18.5717 3.2967e+00     0.1261      0.015    1490.20     96.101     8.5690 140.591221     5.9961      0.417  0.000e+00
      0.413    13.5289    25.0110    18.5721 3.2723e+00     0.1261      0.015    1490.20     96.353     8.5916 140.591221     6.0119      0.417  0.000e+00
      0.400    13.5283    25.0117    18.5727 3.2601e+00     0.1261      0.011    1490.20     96.596     8.6134 140.591222     6.0271      0.404  0.000e+00
      0.423    13.5271    25.0138    18.5746 3.2601e+00     0.1261      0.015    1490.19     96.832     8.6345 140.591222     6.0419      0.427  0.000e+00
      0.389    13.5253    25.0159    18.5765 3.2723e+00     0.1261      0.015    1490.19     97.057     8.6548 140.591223     6.0561      0.393  0.000e+00
      0.413    13.5256    25.0151    18.5758 3.2723e+00     0.1249      0.015    1490.19     97.274     8.6741 140.591223     6.0696      0.417  0.000e+00
      0.389    13.5260    25.0147    18.5755 3.2723e+00     0.1261      0.015    1490.19     97.479     8.6924 140.591223     6.0824      0.393  0.000e+00
      0.400    13.5238    25.0174    18.5780 3.3089e+00     0.1249      0.015    1490.19     97.676     8.7101 140.591224     6.0948      0.404  0.000e+00
      0.400    13.5228    25.0179    18.5785 3.3455e+00     0.1261      0.015    1490.18     97.801     8.7214 140.591224     6.1027      0.404  0.000e+00
      0.389    13.5245    25.0143    18.5755 3.3578e+00     0.1261      0.011    1490.19     97.968     8.7362 140.591225     6.1131      0.393  0.000e+00
      0.389    13.5288    25.0084    18.5701 3.3700e+00     0.1249      0.015    1490.19     98.123     8.7496 140.591225     6.1225      0.393  0.000e+00
      0.389    13.5323    25.0037    18.5659 3.3700e+00     0.1261      0.015    1490.20     98.207     8.7567 140.591226     6.1274      0.393  0.000e+00
      0.388    13.5343    25.0011    18.5634 3.3455e+00     0.1249      0.015    1490.20     98.333     8.7677 140.591226     6.1351      0.391  0.000e+00
      0.378    13.5359    24.9987    18.5613 3.3089e+00     0.1261      0.015    1490.21     98.386     8.7723 140.591227     6.1383      0.381  0.000e+00
      0.378    13.5373    24.9965    18.5594 3.2967e+00     0.1261      0.015    1490.21     98.481     8.7806 140.591227     6.1441      0.381  0.000e+00
      0.378    13.5378    24.9959    18.5588 3.2967e+00     0.1249      0.011    1490.21     98.502     8.7824 140.591228     6.1454      0.381  0.000e+00
      0.388    13.5376    24.9960    18.5589 3.2967e+00     0.1261      0.015    1490.21     98.516     8.7837 140.591228     6.1463      0.391  0.000e+00
      0.389    13.5374    24.9965    18.5593 3.2967e+00     0.1261      0.011    1490.21     98.582     8.7896 140.591229     6.1505      0.393  0.000e+00
      0.378    13.5373    24.9975    18.5601 3.3089e+00     0.1261      0.015    1490.21     98.581     8.7895 140.591229     6.1503      0.381  0.000e+00
      0.365    13.5361    25.0000    18.5623 3.3578e+00     0.1261      0.015    1490.21     98.578     8.7893 140.591230     6.1502      0.368  0.000e+00
      0.388    13.5346    25.0025    18.5645 3.3822e+00     0.1261      0.011    1490.21     98.622     8.7933 140.591230     6.1531      0.391  0.000e+00
      0.378    13.5336    25.0047    18.5663 3.3700e+00     0.1261      0.011    1490.21     98.604     8.7918 140.591231     6.1520      0.381  0.000e+00
      0.378    13.5319    25.0077    18.5690 3.3700e+00     0.1261      0.015    1490.20     98.639     8.7951 140.591231     6.1543      0.381  0.000e+00
      0.378    13.5291    25.0119    18.5728 3.3700e+00     0.1261      0.015    1490.20     98.613     8.7931 140.591232     6.1529      0.381  0.000e+00
      0.365    13.5275    25.0145    18.5750 3.3700e+00     0.1249      0.015    1490.20     98.586     8.7908 140.591232     6.1513      0.368  0.000e+00
      0.376    13.5268    25.0157    18.5761 3.3944e+00     0.1261      0.015    1490.19     98.558     8.7883 140.591233     6.1495      0.380  0.000e+00
      0.365    13.5251    25.0178    18.5781 3.3944e+00     0.1261      0.011    1490.19     98.524     8.7855 140.591233     6.1476      0.368  0.000e+00
      0.378    13.5228    25.0203    18.5804 3.3822e+00     0.1261      0.011    1490.19     98.549     8.7881 140.591234     6.1494      0.381  0.000e+00
      0.365    13.5211    25.0226    18.5825 3.3822e+00     0.1261      0.015    1490.18     98.456     8.7799 140.591234     6.1436      0.368  0.000e+00
      0.363    13.5190    25.0253    18.5850 3.3822e+00     0.1261      0.015    1490.18     98.417     8.7767 140.591235     6.1414      0.367  0.000e+00
      0.354    13.5170    25.0277    18.5872 3.3944e+00     0.1249      0.015    1490.18     98.379     8.7735 140.591235     6.1392      0.357  0.000e+00
      0.342    13.5160    25.0294    18.5887 3.3944e+00     0.1261      0.015    1490.17     98.396     8.7752 140.591236     6.1403      0.345  0.000e+00
      0.365    13.5167    25.0300    18.5890 3.3578e+00     0.1261      0.011    1490.18     98.302     8.7666 140.591236     6.1343      0.368  0.000e+00
      0.352    13.5180    25.0294    18.5883 3.3455e+00     0.1261      0.011    1490.18     98.258     8.7624 140.591236     6.1314      0.355  0.000e+00
      0.342    13.5190    25.0289    18.5878 3.3333e+00     0.1261      0.015    1490.18     98.156     8.7532 140.591237     6.1250      0.345  0.000e+00
      0.329    13.5193    25.0292    18.5879 3.3333e+00     0.1249      0.015    1490.18     98.113     8.7493 140.591237     6.1222      0.332  0.000e+00
      0.354    13.5195    25.0293    18.5880 3.3455e+00     0.1261      0.011    1490.19     98.073     8.7457 140.591238     6.1197      0.357  0.000e+00
      0.328    13.5193    25.0295    18.5882 3.3211e+00     0.1261      0.015    1490.19     98.037     8.7425 140.591238     6.1175      0.331  0.000e+00
      0.342    13.5195    25.0300    18.5885 3.3211e+00     0.1261      0.015    1490.19     97.940     8.7338 140.591239     6.1114      0.345  0.000e+00
      0.329    13.5193    25.0305    18.5889 3.3089e+00     0.1273      0.011    1490.19     97.902     8.7304 140.591239     6.1090      0.332  0.000e+00
      0.329    13.5193    25.0306    18.5890 3.2845e+00     0.1261      0.015    1490.19     97.811     8.7223 140.591240     6.1033      0.332  0.000e+00
      0.318    13.5192    25.0305    18.5889 3.2723e+00     0.1261      0.015    1490.19     97.774     8.7190 140.591240     6.1010      0.321  0.000e+00
      0.341    13.5198    25.0292    18.5878 3.2723e+00     0.1261      0.011    1490.19     97.737     8.7157 140.591241     6.0987      0.344  0.000e+00
      0.318    13.5206    25.0278    18.5866 3.2723e+00     0.1261      0.015    1490.19     97.707     8.7129 140.591241     6.0968      0.321  0.000e+00
      0.318    13.5203    25.0277    18.5866 3.2601e+00     0.1261      0.015    1490.19     97.625     8.7057 140.591242     6.0917      0.321  0.000e+00
      0.329    13.5192    25.0287    18.5876 3.2357e+00     0.1261      0.015    1490.18     97.599     8.7035 140.591242     6.0902      0.332  0.000e+00
      0.316    13.5187    25.0290    18.5879 3.2112e+00     0.1261      0.011    1490.18     97.581     8.7020 140.591243     6.0891      0.319  0.000e+00
      0.318    13.5180    25.0292    18.5882 3.1990e+00     0.1261      0.011    1490.18     97.506     8.6954 140.591243     6.0845      0.321  0.000e+00
      0.318    13.5171    25.0297    18.5887 3.1990e+00     0.1261      0.015    1490.18     97.489     8.6940 140.591244     6.0835      0.321  0.000e+00
      0.318    13.5185    25.0271    18.5864 3.1990e+00     0.1261      0.015    1490.18     97.474     8.6926 140.591244     6.0826      0.321  0.000e+00
      0.328    13.5200    25.0243    18.5840 3.2112e+00     0.1261      0.015    1490.18     97.404     8.6862 140.591245     6.0781      0.331  0.000e+00
      0.318    13.5208    25.0234    18.5832 3.2112e+00     0.1261      0.015    1490.18     97.392     8.6851 140.591245     6.0773      0.321  0.000e+00
      0.329    13.5202    25.0246    18.5842 3.2234e+00     0.1261      0.015    1490.18     97.325     8.6791 140.591246     6.0732      0.332  0.000e+00
      0.318    13.5198    25.0261    18.5854 3.2234e+00     0.1261      0.011    1490.18     97.317     8.6784 140.591246     6.0726      0.321  0.000e+00
      0.316    13.5187    25.0283    18.5874 3.2357e+00     0.1261      0.011    1490.18     97.314     8.6782 140.591247     6.0725      0.319  0.000e+00
      0.329    13.5170    25.0300    18.5889 3.2479e+00     0.1261      0.011    1490.18     97.316     8.6786 140.591247     6.0728      0.332  0.000e+00
      0.318    13.5160    25.0305    18.5895 3.2601e+00     0.1261      0.015    1490.17     97.264     8.6741 140.591248     6.0696      0.321  0.000e+00
      0.318    13.5148    25.0310    18.5901 3.2723e+00     0.1261      0.015    1490.17     97.207     8.6692 140.591248     6.0662      0.321  0.000e+00
      0.292    13.5145    25.0309    18.5901 3.2357e+00     0.1273      0.015    1490.17     97.210     8.6695 140.591249     6.0664      0.295  0.000e+00
      0.354    13.5133    25.0315    18.5908 3.1868e+00     0.1261      0.015    1490.17     97.160     8.6653 140.591249     6.0635      0.357  0.000e+00
      0.329    13.5132    25.0305    18.5901 3.1258e+00     0.1261      0.011    1490.17     97.106     8.6605 140.591250     6.0601      0.332  0.000e+00
      0.329    13.5143    25.0281    18.5880 3.0769e+00     0.1261      0.011    1490.17     97.112     8.6610 140.591250     6.0605      0.332  0.000e+00
      0.329    13.5160    25.0256    18.5858 3.0525e+00     0.1261      0.015    1490.17     97.061     8.6562 140.591250     6.0571      0.332  0.000e+00
      0.328    13.5183    25.0236    18.5837 3.0769e+00     0.1261      0.015    1490.17     97.071     8.6568 140.591251     6.0575      0.331  0.000e+00
      0.318    13.5206    25.0216    18.5818 3.1136e+00     0.1261      0.015    1490.18     97.023     8.6523 140.591251     6.0544      0.321  0.000e+00
      0.329    13.5225    25.0199    18.5802 3.1502e+00     0.1261      0.015    1490.18     96.973     8.6476 140.591252     6.0511      0.332  0.000e+00
      0.329    13.5238    25.0187    18.5790 3.1746e+00     0.1261      0.011    1490.19     96.985     8.6485 140.591252     6.0517      0.332  0.000e+00
      0.328    13.5240    25.0187    18.5790 3.1746e+00     0.1261      0.011    1490.19     96.940     8.6444 140.591253     6.0489      0.331  0.000e+00
