Dk1_2_200519_down.cnv
* Sea-Bird SBE 9 Data File:
* FileName = C:\CTD Brukere\NIVA\IO2019\20190520\Dk1_2_200519.hex
* Software Version Seasave V 7.23.2
* Temperature SN = 5352
* Conductivity SN = 3840
* Number of Bytes Per Scan = 28
* Number of Voltage Words = 4
* Number of Scans Averaged by the Deck Unit = 1
* NMEA baud rate = 4800
** Ship: R/V Trygve Braarud
** Cruise:
** Station:
** Operator:
# nquan = 14
# nvalues = 444                                   
# units = specified
# name 0 = depSM: Depth [salt water, m], lat = 59.60
# name 1 = t090C: Temperature [ITS-90, deg C]
# name 2 = sal00: Salinity, Practical [PSU]
# name 3 = sigma-t00: Density [sigma-t, kg/m^3 ]
# name 4 = flSP: Fluorescence, Seapoint
# name 5 = wetStar: Fluorescence, WET Labs WETstar [mg/m^3]
# name 6 = seaTurbMtr: Turbidity, Seapoint [FTU]
# name 7 = svCM: Sound Velocity [Chen-Millero, m/s]
# name 8 = sbeox0PS: Oxygen, SBE 43 [% saturation]
# name 9 = sbeox0Mg/L: Oxygen, SBE 43 [mg/l]
# name 10 = timeJ: Julian Days
# name 11 = sbeox0ML/L: Oxygen, SBE 43 [ml/l]
# name 12 = prDM: Pressure, Digiquartz [db]
# name 13 = flag:  0.000e+00
# span 0 =      0.292,      9.234                 
# span 1 =     8.6760,    13.5378                 
# span 2 =    24.9942,    28.4111                 
# span 3 =    18.5576,    22.0103                 
# span 4 = 1.6361e+00, 5.0061e+00                 
# span 5 =     0.1249,     0.1273                 
# span 6 =      0.007,      0.015                 
# span 7 =    1476.98,    1490.21                 
# span 8 =     87.384,     98.639                 
# span 9 =     7.7930,     9.2360                 
# span 10 = 140.591204, 140.591417                
# span 11 =     5.4531,     6.4628                
# span 12 =      0.295,      9.322                
# span 13 = 0.0000e+00, 0.0000e+00                
# interval = seconds: 0.0416667
# start_time = May 20 2019 14:11:20 [System UpLoad Time]
# bad_flag = -9.990e-29
*END*
[from data line 104]
      0.329    13.5226    25.0201    18.5803 3.1624e+00     0.1273      0.011    1490.19     96.908     8.6418 140.591254     6.0470      0.332  0.000e+00
      0.342    13.5215    25.0215    18.5816 3.1746e+00     0.1261      0.015    1490.18     96.868     8.6383 140.591254     6.0446      0.345  0.000e+00
      0.316    13.5211    25.0221    18.5821 3.1868e+00     0.1261      0.015    1490.18     96.831     8.6350 140.591255     6.0423      0.319  0.000e+00
      0.329    13.5213    25.0222    18.5822 3.2112e+00     0.1261      0.015    1490.18     96.793     8.6316 140.591255     6.0399      0.332  0.000e+00
      0.342    13.5211    25.0226    18.5825 3.2234e+00     0.1261      0.015    1490.18     96.814     8.6335 140.591256     6.0412      0.345  0.000e+00
      0.329    13.5216    25.0224    18.5822 3.2357e+00     0.1261      0.011    1490.18     96.779     8.6303 140.591256     6.0390      0.332  0.000e+00
      0.341    13.5225    25.0214    18.5813 3.2357e+00     0.1261      0.015    1490.19     96.743     8.6270 140.591257     6.0367      0.344  0.000e+00
      0.342    13.5230    25.0204    18.5804 3.2112e+00     0.1273      0.011    1490.19     96.772     8.6295 140.591257     6.0384      0.345  0.000e+00
      0.342    13.5220    25.0212    18.5813 3.1868e+00     0.1261      0.015    1490.18     96.741     8.6269 140.591258     6.0366      0.345  0.000e+00
      0.342    13.5210    25.0224    18.5824 3.1746e+00     0.1261      0.015    1490.18     96.709     8.6242 140.591258     6.0347      0.345  0.000e+00
      0.354    13.5211    25.0223    18.5822 3.1624e+00     0.1261      0.015    1490.18     96.677     8.6213 140.591259     6.0327      0.357  0.000e+00
      0.352    13.5211    25.0222    18.5822 3.1868e+00     0.1261      0.015    1490.18     96.651     8.6189 140.591259     6.0310      0.355  0.000e+00
      0.354    13.5216    25.0219    18.5818 3.1868e+00     0.1261      0.011    1490.18     96.679     8.6214 140.591260     6.0327      0.357  0.000e+00
      0.365    13.5213    25.0219    18.5819 3.1868e+00     0.1261      0.011    1490.18     96.653     8.6191 140.591260     6.0312      0.368  0.000e+00
      0.354    13.5213    25.0216    18.5817 3.1868e+00     0.1261      0.015    1490.18     96.622     8.6163 140.591261     6.0292      0.357  0.000e+00
      0.363    13.5211    25.0212    18.5814 3.1868e+00     0.1261      0.011    1490.18     96.591     8.6137 140.591261     6.0273      0.367  0.000e+00
      0.378    13.5220    25.0208    18.5809 3.1868e+00     0.1261      0.011    1490.18     96.561     8.6109 140.591262     6.0254      0.381  0.000e+00
      0.365    13.5223    25.0208    18.5809 3.1990e+00     0.1261      0.011    1490.19     96.532     8.6082 140.591262     6.0235      0.368  0.000e+00
      0.389    13.5223    25.0207    18.5808 3.2357e+00     0.1261      0.015    1490.19     96.499     8.6052 140.591263     6.0214      0.393  0.000e+00
      0.376    13.5220    25.0206    18.5808 3.2112e+00     0.1261      0.011    1490.18     96.466     8.6024 140.591263     6.0195      0.380  0.000e+00
      0.378    13.5221    25.0205    18.5807 3.1746e+00     0.1261      0.011    1490.18     96.489     8.6044 140.591264     6.0209      0.381  0.000e+00
      0.378    13.5220    25.0208    18.5809 3.1624e+00     0.1273      0.011    1490.18     96.399     8.5964 140.591264     6.0153      0.381  0.000e+00
      0.389    13.5221    25.0205    18.5807 3.1502e+00     0.1261      0.015    1490.19     96.425     8.5987 140.591264     6.0168      0.393  0.000e+00
      0.389    13.5221    25.0205    18.5807 3.1502e+00     0.1261      0.015    1490.19     96.398     8.5963 140.591265     6.0152      0.393  0.000e+00
      0.388    13.5225    25.0203    18.5804 3.1746e+00     0.1261      0.015    1490.19     96.367     8.5935 140.591265     6.0132      0.391  0.000e+00
      0.389    13.5223    25.0204    18.5805 3.1990e+00     0.1261      0.011    1490.19     96.338     8.5909 140.591266     6.0114      0.393  0.000e+00
      0.389    13.5228    25.0199    18.5801 3.1990e+00     0.1273      0.015    1490.19     96.311     8.5884 140.591266     6.0097      0.393  0.000e+00
      0.400    13.5227    25.0201    18.5803 3.2234e+00     0.1261      0.015    1490.19     96.280     8.5857 140.591267     6.0078      0.404  0.000e+00
      0.388    13.5228    25.0197    18.5799 3.2112e+00     0.1273      0.015    1490.19     96.252     8.5832 140.591267     6.0060      0.391  0.000e+00
      0.389    13.5230    25.0196    18.5798 3.2112e+00     0.1261      0.015    1490.19     96.226     8.5809 140.591268     6.0044      0.393  0.000e+00
      0.389    13.5228    25.0194    18.5797 3.2234e+00     0.1249      0.011    1490.19     96.198     8.5784 140.591268     6.0027      0.393  0.000e+00
      0.389    13.5228    25.0189    18.5793 3.2479e+00     0.1261      0.011    1490.19     96.172     8.5761 140.591269     6.0011      0.393  0.000e+00
      0.400    13.5234    25.0179    18.5785 3.2479e+00     0.1261      0.011    1490.19     96.143     8.5735 140.591269     5.9992      0.404  0.000e+00
      0.378    13.5240    25.0173    18.5778 3.2357e+00     0.1261      0.011    1490.19     96.117     8.5711 140.591270     5.9976      0.381  0.000e+00
      0.389    13.5243    25.0168    18.5774 3.2479e+00     0.1261      0.011    1490.19     96.095     8.5691 140.591270     5.9962      0.393  0.000e+00
      0.389    13.5246    25.0162    18.5769 3.2723e+00     0.1261      0.011    1490.19     96.076     8.5674 140.591271     5.9950      0.393  0.000e+00
      0.389    13.5254    25.0157    18.5764 3.2845e+00     0.1261      0.011    1490.19     95.996     8.5601 140.591271     5.9898      0.393  0.000e+00
      0.388    13.5251    25.0154    18.5762 3.3089e+00     0.1261      0.011    1490.19     96.027     8.5629 140.591272     5.9918      0.391  0.000e+00
      0.389    13.5253    25.0154    18.5762 3.3211e+00     0.1261      0.011    1490.19     96.007     8.5612 140.591272     5.9906      0.393  0.000e+00
      0.389    13.5253    25.0154    18.5762 3.3333e+00     0.1261      0.011    1490.19     95.986     8.5593 140.591273     5.9893      0.393  0.000e+00
      0.389    13.5255    25.0150    18.5759 3.3211e+00     0.1249      0.011    1490.19     95.963     8.5573 140.591273     5.9879      0.393  0.000e+00
      0.388    13.5254    25.0150    18.5758 3.3211e+00     0.1261      0.011    1490.19     95.944     8.5556 140.591274     5.9867      0.391  0.000e+00
      0.389    13.5263    25.0140    18.5749 3.3211e+00     0.1249      0.011    1490.19     95.924     8.5536 140.591274     5.9853      0.393  0.000e+00
      0.400    13.5273    25.0129    18.5739 3.3089e+00     0.1261      0.011    1490.19     95.908     8.5521 140.591275     5.9842      0.404  0.000e+00
      0.389    13.5281    25.0118    18.5729 3.2967e+00     0.1261      0.015    1490.20     95.890     8.5504 140.591275     5.9830      0.393  0.000e+00
      0.412    13.5291    25.0107    18.5718 3.3089e+00     0.1249      0.011    1490.20     95.871     8.5486 140.591276     5.9818      0.416  0.000e+00
      0.400    13.5288    25.0101    18.5714 3.2967e+00     0.1261      0.011    1490.20     95.856     8.5473 140.591276     5.9809      0.404  0.000e+00
      0.413    13.5283    25.0101    18.5715 3.3089e+00     0.1261      0.011    1490.19     95.840     8.5460 140.591277     5.9800      0.417  0.000e+00
      0.400    13.5284    25.0096    18.5711 3.3089e+00     0.1261      0.011    1490.19     95.822     8.5444 140.591277     5.9789      0.404  0.000e+00
      0.400    13.5286    25.0087    18.5704 3.3089e+00     0.1273      0.011    1490.19     95.810     8.5433 140.591277     5.9781      0.404  0.000e+00
      0.423    13.5295    25.0072    18.5691 3.3333e+00     0.1261      0.011    1490.19     95.797     8.5421 140.591278     5.9773      0.427  0.000e+00
      0.413    13.5305    25.0048    18.5670 3.3455e+00     0.1261      0.011    1490.20     95.782     8.5407 140.591278     5.9763      0.417  0.000e+00
      0.413    13.5319    25.0021    18.5647 3.3455e+00     0.1261      0.011    1490.20     95.767     8.5393 140.591279     5.9753      0.417  0.000e+00
      0.425    13.5334    25.0004    18.5631 3.3700e+00     0.1261      0.015    1490.20     95.756     8.5382 140.591279     5.9745      0.429  0.000e+00
      0.436    13.5348    24.9979    18.5609 3.3578e+00     0.1261      0.011    1490.20     95.745     8.5371 140.591280     5.9737      0.440  0.000e+00
      0.449    13.5363    24.9958    18.5590 3.3333e+00     0.1261      0.011    1490.20     95.734     8.5359 140.591280     5.9729      0.453  0.000e+00
      0.425    13.5374    24.9942    18.5576 3.3211e+00     0.1261      0.011    1490.21     95.727     8.5351 140.591281     5.9724      0.429  0.000e+00
      0.438    13.5363    24.9951    18.5585 3.3455e+00     0.1261      0.011    1490.20     95.719     8.5346 140.591281     5.9720      0.442  0.000e+00
      0.412    13.5354    24.9966    18.5598 3.3944e+00     0.1261      0.011    1490.20     95.711     8.5340 140.591282     5.9716      0.416  0.000e+00
      0.449    13.5331    25.0001    18.5629 3.4554e+00     0.1261      0.011    1490.20     95.703     8.5335 140.591282     5.9712      0.453  0.000e+00
      0.425    13.5303    25.0041    18.5665 3.5043e+00     0.1273      0.015    1490.19     95.694     8.5330 140.591283     5.9709      0.429  0.000e+00
      0.460    13.5289    25.0068    18.5689 3.5409e+00     0.1261      0.011    1490.19     95.691     8.5328 140.591283     5.9708      0.465  0.000e+00
      0.449    13.5281    25.0086    18.5704 3.5409e+00     0.1261      0.011    1490.19     95.688     8.5325 140.591284     5.9706      0.453  0.000e+00
      0.460    13.5273    25.0096    18.5713 3.5165e+00     0.1261      0.011    1490.19     95.684     8.5323 140.591284     5.9704      0.465  0.000e+00
      0.460    13.5273    25.0098    18.5715 3.5287e+00     0.1261      0.011    1490.19     95.680     8.5319 140.591285     5.9701      0.465  0.000e+00
      0.438    13.5278    25.0098    18.5714 3.5287e+00     0.1261      0.011    1490.19     95.675     8.5314 140.591285     5.9698      0.442  0.000e+00
      0.473    13.5275    25.0096    18.5713 3.5531e+00     0.1261      0.011    1490.19     95.671     8.5311 140.591286     5.9696      0.478  0.000e+00
      0.472    13.5276    25.0096    18.5713 3.5531e+00     0.1261      0.011    1490.19     95.666     8.5306 140.591286     5.9692      0.476  0.000e+00
      0.496    13.5284    25.0085    18.5703 3.5287e+00     0.1249      0.007    1490.19     95.661     8.5301 140.591287     5.9689      0.501  0.000e+00
      0.485    13.5292    25.0077    18.5695 3.5043e+00     0.1249      0.011    1490.20     95.662     8.5301 140.591287     5.9688      0.489  0.000e+00
      0.496    13.5295    25.0074    18.5693 3.4921e+00     0.1261      0.011    1490.20     95.657     8.5296 140.591288     5.9685      0.501  0.000e+00
      0.496    13.5296    25.0069    18.5688 3.5165e+00     0.1261      0.011    1490.20     95.657     8.5296 140.591288     5.9685      0.501  0.000e+00
      0.507    13.5296    25.0070    18.5688 3.5287e+00     0.1261      0.011    1490.20     95.657     8.5296 140.591289     5.9685      0.512  0.000e+00
      0.533    13.5292    25.0077    18.5695 3.5165e+00     0.1261      0.011    1490.20     95.658     8.5297 140.591289     5.9686      0.538  0.000e+00
      0.533    13.5288    25.0079    18.5697 3.5287e+00     0.1261      0.011    1490.20     95.658     8.5298 140.591290     5.9686      0.538  0.000e+00
      0.556    13.5279    25.0088    18.5706 3.5531e+00     0.1261      0.011    1490.19     95.658     8.5299 140.591290     5.9688      0.561  0.000e+00
      0.580    13.5278    25.0089    18.5707 3.5653e+00     0.1249      0.011    1490.19     95.659     8.5300 140.591291     5.9688      0.586  0.000e+00
      0.603    13.5276    25.0091    18.5709 3.5897e+00     0.1249      0.011    1490.19     95.600     8.5248 140.591291     5.9651      0.608  0.000e+00
      0.604    13.5273    25.0093    18.5711 3.6142e+00     0.1261      0.011    1490.19     95.654     8.5297 140.591291     5.9686      0.610  0.000e+00
      0.616    13.5275    25.0092    18.5710 3.6264e+00     0.1249      0.011    1490.19     95.655     8.5297 140.591292     5.9686      0.622  0.000e+00
      0.629    13.5281    25.0084    18.5702 3.6264e+00     0.1261      0.011    1490.20     95.596     8.5244 140.591292     5.9649      0.635  0.000e+00
      0.651    13.5286    25.0080    18.5698 3.6264e+00     0.1261      0.011    1490.20     95.592     8.5239 140.591293     5.9645      0.657  0.000e+00
      0.676    13.5284    25.0078    18.5697 3.6386e+00     0.1261      0.007    1490.20     95.587     8.5236 140.591293     5.9643      0.682  0.000e+00
      0.687    13.5289    25.0078    18.5696 3.6386e+00     0.1249      0.011    1490.20     95.583     8.5231 140.591294     5.9640      0.693  0.000e+00
      0.724    13.5295    25.0076    18.5694 3.6508e+00     0.1261      0.011    1490.20     95.579     8.5227 140.591294     5.9637      0.731  0.000e+00
      0.724    13.5314    25.0052    18.5672 3.6752e+00     0.1261      0.011    1490.20     95.570     8.5216 140.591295     5.9629      0.731  0.000e+00
      0.710    13.5314    25.0042    18.5664 3.6752e+00     0.1261      0.011    1490.20     95.506     8.5160 140.591295     5.9590      0.716  0.000e+00
      0.842    13.5313    25.0043    18.5665 3.6874e+00     0.1261      0.011    1490.20     95.499     8.5154 140.591296     5.9586      0.850  0.000e+00
      0.807    13.5318    25.0053    18.5672 3.6752e+00     0.1249      0.011    1490.21     95.490     8.5144 140.591296     5.9579      0.814  0.000e+00
      0.878    13.5327    25.0061    18.5676 3.6752e+00     0.1261      0.011    1490.21     95.483     8.5136 140.591297     5.9573      0.886  0.000e+00
      0.891    13.5338    25.0050    18.5666 3.6630e+00     0.1261      0.011    1490.21     95.476     8.5128 140.591297     5.9568      0.899  0.000e+00
      0.913    13.5343    25.0031    18.5650 3.6386e+00     0.1261      0.011    1490.21     95.409     8.5069 140.591298     5.9526      0.922  0.000e+00
      0.925    13.5344    25.0018    18.5639 3.6264e+00     0.1249      0.011    1490.21     95.397     8.5059 140.591298     5.9519      0.934  0.000e+00
      0.998    13.5334    25.0024    18.5646 3.6142e+00     0.1249      0.011    1490.21     95.387     8.5051 140.591299     5.9514      1.007  0.000e+00
      1.009    13.5323    25.0041    18.5661 3.5775e+00     0.1261      0.011    1490.21     95.377     8.5043 140.591299     5.9508      1.018  0.000e+00
      1.046    13.5318    25.0055    18.5673 3.5287e+00     0.1261      0.011    1490.21     95.367     8.5035 140.591300     5.9502      1.056  0.000e+00
      1.093    13.5313    25.0071    18.5686 3.4676e+00     0.1261      0.011    1490.21     95.299     8.4974 140.591300     5.9460      1.103  0.000e+00
      1.129    13.5287    25.0092    18.5707 3.4066e+00     0.1261      0.011    1490.21     95.286     8.4966 140.591301     5.9454      1.139  0.000e+00
      1.104    13.5181    25.0201    18.5811 3.2723e+00     0.1249      0.011    1490.18     95.272     8.4967 140.591301     5.9455      1.115  0.000e+00
      1.200    13.5064    25.0404    18.5989 3.1136e+00     0.1261      0.011    1490.17     95.261     8.4967 140.591302     5.9455      1.211  0.000e+00
      1.237    13.4956    25.0645    18.6195 2.9548e+00     0.1261      0.011    1490.16     95.191     8.4910 140.591302     5.9415      1.249  0.000e+00
      1.273    13.4898    25.0831    18.6349 2.8449e+00     0.1249      0.011    1490.16     95.175     8.4897 140.591303     5.9406      1.285  0.000e+00
