Dk1_200519_down.cnv
* Sea-Bird SBE 9 Data File:
* FileName = C:\CTD Brukere\NIVA\IO2019\20190520\Dk1_200519.hex
* Software Version Seasave V 7.23.2
* Temperature SN = 5352
* Conductivity SN = 3840
* Number of Bytes Per Scan = 28
* Number of Voltage Words = 4
* Number of Scans Averaged by the Deck Unit = 1
* NMEA baud rate = 4800
** Ship: R/V Trygve Braarud
** Cruise:
** Station:
** Operator:
# nquan = 14
# nvalues = 5326                                  
# units = specified
# name 0 = depSM: Depth [salt water, m], lat = 59.60
# name 1 = t090C: Temperature [ITS-90, deg C]
# name 2 = sal00: Salinity, Practical [PSU]
# name 3 = sigma-t00: Density [sigma-t, kg/m^3 ]
# name 4 = flSP: Fluorescence, Seapoint
# name 5 = wetStar: Fluorescence, WET Labs WETstar [mg/m^3]
# name 6 = seaTurbMtr: Turbidity, Seapoint [FTU]
# name 7 = svCM: Sound Velocity [Chen-Millero, m/s]
# name 8 = sbeox0PS: Oxygen, SBE 43 [% saturation]
# name 9 = sbeox0Mg/L: Oxygen, SBE 43 [mg/l]
# name 10 = timeJ: Julian Days
# name 11 = sbeox0ML/L: Oxygen, SBE 43 [ml/l]
# name 12 = prDM: Pressure, Digiquartz [db]
# name 13 = flag:  0.000e+00
# span 0 =      0.070,     98.309                 
# span 1 =     6.1944,    13.3695                 
# span 2 =    24.9304,    33.5564                 
# span 3 =    18.5400,    26.1742                 
# span 4 = 1.5873e-01, 5.4823e+00                 
# span 5 =     0.1249,     0.1273                 
# span 6 =      0.007,      0.018                 
# span 7 =    1471.02,    1489.56                 
# span 8 =     46.293,     97.114                 
# span 9 =     4.5644,     9.5259                 
# span 10 = 140.581493, 140.584061                
# span 11 =     3.1939,     6.6657                
# span 12 =      0.071,     99.266                
# span 13 = 0.0000e+00, 0.0000e+00                
# interval = seconds: 0.0416667
# start_time = May 20 2019 13:57:21 [System UpLoad Time]
# bad_flag = -9.990e-29
*END*
[from data line 3304]
     71.676     7.7503    33.5208    26.1485 1.5873e-01     0.1261      0.018    1480.88     49.490     4.7397 140.583086     3.3165     72.369  0.000e+00
     71.701     7.7499    33.5207    26.1485 1.5873e-01     0.1261      0.018    1480.88     49.490     4.7397 140.583087     3.3166     72.393  0.000e+00
     71.701     7.7500    33.5208    26.1486 1.5873e-01     0.1261      0.018    1480.88     49.490     4.7397 140.583087     3.3166     72.393  0.000e+00
     71.736     7.7498    33.5205    26.1484 1.5873e-01     0.1249      0.018    1480.88     49.429     4.7338 140.583088     3.3125     72.430  0.000e+00
     71.748     7.7498    33.5210    26.1488 1.5873e-01     0.1261      0.015    1480.88     49.484     4.7392 140.583088     3.3162     72.441  0.000e+00
     71.797     7.7497    33.5212    26.1489 1.5873e-01     0.1261      0.015    1480.88     49.424     4.7334 140.583089     3.3121     72.490  0.000e+00
     71.785     7.7502    33.5210    26.1487 1.5873e-01     0.1261      0.015    1480.88     49.418     4.7328 140.583089     3.3117     72.479  0.000e+00
     71.808     7.7502    33.5210    26.1487 1.5873e-01     0.1261      0.015    1480.88     49.475     4.7383 140.583090     3.3156     72.502  0.000e+00
     71.846     7.7502    33.5211    26.1488 1.5873e-01     0.1261      0.018    1480.88     49.478     4.7385 140.583090     3.3158     72.540  0.000e+00
     71.857     7.7498    33.5211    26.1489 1.5873e-01     0.1261      0.018    1480.88     49.420     4.7329 140.583091     3.3118     72.551  0.000e+00
     71.881     7.7501    33.5208    26.1485 1.5873e-01     0.1273      0.015    1480.88     49.470     4.7378 140.583091     3.3152     72.576  0.000e+00
     71.907     7.7503    33.5210    26.1487 1.7094e-01     0.1261      0.015    1480.88     49.412     4.7322 140.583092     3.3113     72.602  0.000e+00
     71.930     7.7505    33.5215    26.1491 1.5873e-01     0.1261      0.018    1480.89     49.471     4.7378 140.583092     3.3152     72.625  0.000e+00
     71.966     7.7504    33.5216    26.1491 1.5873e-01     0.1261      0.018    1480.89     49.414     4.7323 140.583093     3.3114     72.661  0.000e+00
     71.966     7.7505    33.5208    26.1485 1.5873e-01     0.1261      0.018    1480.89     49.404     4.7314 140.583093     3.3108     72.661  0.000e+00
     71.990     7.7501    33.5202    26.1481 1.5873e-01     0.1261      0.015    1480.88     49.403     4.7313 140.583094     3.3107     72.686  0.000e+00
     72.013     7.7497    33.5196    26.1477 1.5873e-01     0.1261      0.018    1480.88     49.402     4.7313 140.583094     3.3107     72.709  0.000e+00
     72.062     7.7495    33.5198    26.1478 1.5873e-01     0.1249      0.015    1480.88     49.401     4.7313 140.583095     3.3107     72.758  0.000e+00
     72.038     7.7491    33.5203    26.1483 1.5873e-01     0.1261      0.018    1480.88     49.401     4.7313 140.583095     3.3107     72.734  0.000e+00
     72.086     7.7489    33.5202    26.1483 1.5873e-01     0.1261      0.015    1480.88     49.402     4.7314 140.583096     3.3108     72.783  0.000e+00
     72.098     7.7490    33.5205    26.1485 1.5873e-01     0.1261      0.015    1480.88     49.396     4.7308 140.583096     3.3103     72.795  0.000e+00
     72.135     7.7488    33.5206    26.1486 1.5873e-01     0.1261      0.015    1480.88     49.397     4.7310 140.583097     3.3104     72.832  0.000e+00
     72.158     7.7487    33.5204    26.1484 1.5873e-01     0.1261      0.015    1480.88     49.392     4.7305 140.583097     3.3101     72.855  0.000e+00
     72.171     7.7484    33.5210    26.1490 1.5873e-01     0.1261      0.018    1480.88     49.395     4.7307 140.583098     3.3103     72.869  0.000e+00
     72.182     7.7488    33.5206    26.1486 1.5873e-01     0.1261      0.018    1480.88     49.398     4.7310 140.583098     3.3105     72.880  0.000e+00
     72.207     7.7492    33.5201    26.1482 1.5873e-01     0.1261      0.018    1480.88     49.402     4.7313 140.583098     3.3107     72.905  0.000e+00
     72.243     7.7490    33.5205    26.1485 1.7094e-01     0.1261      0.015    1480.88     49.336     4.7251 140.583099     3.3063     72.941  0.000e+00
     72.267     7.7496    33.5208    26.1486 1.5873e-01     0.1261      0.015    1480.89     49.396     4.7307 140.583099     3.3103     72.966  0.000e+00
     72.292     7.7498    33.5208    26.1486 1.5873e-01     0.1261      0.015    1480.89     49.340     4.7253 140.583100     3.3065     72.990  0.000e+00
     72.303     7.7499    33.5215    26.1491 1.5873e-01     0.1261      0.015    1480.89     49.393     4.7304 140.583100     3.3101     73.002  0.000e+00
     72.327     7.7503    33.5216    26.1491 1.5873e-01     0.1261      0.018    1480.89     49.338     4.7251 140.583101     3.3063     73.026  0.000e+00
     72.363     7.7505    33.5217    26.1492 1.5873e-01     0.1261      0.018    1480.89     49.339     4.7251 140.583101     3.3063     73.063  0.000e+00
     72.388     7.7507    33.5221    26.1495 1.5873e-01     0.1261      0.015    1480.90     49.332     4.7245 140.583102     3.3059     73.087  0.000e+00
     72.401     7.7510    33.5220    26.1494 1.5873e-01     0.1261      0.018    1480.90     49.327     4.7239 140.583102     3.3055     73.100  0.000e+00
     72.436     7.7513    33.5222    26.1495 1.7094e-01     0.1261      0.018    1480.90     49.322     4.7234 140.583103     3.3051     73.137  0.000e+00
     72.461     7.7515    33.5226    26.1498 1.7094e-01     0.1261      0.015    1480.90     49.317     4.7229 140.583103     3.3048     73.161  0.000e+00
     72.485     7.7527    33.5223    26.1494 1.7094e-01     0.1261      0.018    1480.90     49.313     4.7224 140.583104     3.3045     73.186  0.000e+00
     72.497     7.7533    33.5225    26.1495 1.5873e-01     0.1261      0.018    1480.91     49.310     4.7220 140.583104     3.3042     73.197  0.000e+00
     72.521     7.7536    33.5227    26.1496 1.5873e-01     0.1273      0.015    1480.91     49.307     4.7217 140.583105     3.3040     73.222  0.000e+00
     72.557     7.7538    33.5233    26.1500 1.5873e-01     0.1249      0.015    1480.91     49.313     4.7222 140.583105     3.3043     73.258  0.000e+00
     72.568     7.7546    33.5238    26.1502 1.5873e-01     0.1261      0.018    1480.92     49.312     4.7220 140.583106     3.3042     73.270  0.000e+00
     72.593     7.7554    33.5234    26.1498 1.5873e-01     0.1261      0.018    1480.92     49.249     4.7160 140.583106     3.3000     73.294  0.000e+00
     72.630     7.7556    33.5237    26.1501 1.5873e-01     0.1261      0.015    1480.92     49.242     4.7153 140.583107     3.2995     73.332  0.000e+00
     72.653     7.7559    33.5236    26.1500 1.5873e-01     0.1273      0.018    1480.92     49.236     4.7147 140.583107     3.2991     73.355  0.000e+00
     72.677     7.7557    33.5234    26.1498 1.5873e-01     0.1261      0.018    1480.92     49.231     4.7142 140.583108     3.2987     73.380  0.000e+00
     72.702     7.7557    33.5228    26.1493 1.5873e-01     0.1261      0.018    1480.92     49.289     4.7198 140.583108     3.3026     73.405  0.000e+00
     72.738     7.7556    33.5230    26.1495 1.5873e-01     0.1261      0.018    1480.92     49.231     4.7142 140.583109     3.2987     73.441  0.000e+00
     72.762     7.7557    33.5236    26.1499 1.5873e-01     0.1261      0.015    1480.92     49.228     4.7139 140.583109     3.2985     73.465  0.000e+00
     72.775     7.7557    33.5229    26.1494 1.5873e-01     0.1261      0.015    1480.92     49.165     4.7078 140.583110     3.2943     73.479  0.000e+00
     72.811     7.7554    33.5227    26.1493 1.7094e-01     0.1261      0.018    1480.92     49.157     4.7071 140.583110     3.2938     73.515  0.000e+00
     72.822     7.7552    33.5230    26.1495 1.5873e-01     0.1273      0.018    1480.92     49.212     4.7125 140.583111     3.2975     73.526  0.000e+00
     72.871     7.7553    33.5235    26.1500 1.5873e-01     0.1261      0.018    1480.92     49.152     4.7067 140.583111     3.2934     73.576  0.000e+00
     72.883     7.7554    33.5240    26.1503 1.5873e-01     0.1261      0.018    1480.92     49.140     4.7055 140.583111     3.2926     73.587  0.000e+00
     72.918     7.7557    33.5245    26.1507 1.5873e-01     0.1273      0.018    1480.93     49.136     4.7051 140.583112     3.2923     73.623  0.000e+00
     72.931     7.7567    33.5239    26.1501 1.5873e-01     0.1261      0.018    1480.93     49.126     4.7040 140.583112     3.2916     73.636  0.000e+00
     72.980     7.7569    33.5243    26.1503 1.5873e-01     0.1261      0.018    1480.93     49.117     4.7032 140.583113     3.2910     73.686  0.000e+00
     72.992     7.7565    33.5243    26.1504 1.5873e-01     0.1261      0.015    1480.93     49.117     4.7031 140.583113     3.2910     73.697  0.000e+00
     73.003     7.7556    33.5238    26.1501 1.5873e-01     0.1261      0.018    1480.93     49.118     4.7033 140.583114     3.2911     73.709  0.000e+00
     73.052     7.7551    33.5233    26.1498 1.5873e-01     0.1261      0.018    1480.92     49.112     4.7029 140.583114     3.2908     73.758  0.000e+00
     73.076     7.7549    33.5235    26.1500 1.5873e-01     0.1261      0.015    1480.92     49.053     4.6972 140.583115     3.2868     73.783  0.000e+00
     73.101     7.7549    33.5238    26.1502 1.5873e-01     0.1261      0.015    1480.93     49.042     4.6962 140.583115     3.2861     73.807  0.000e+00
     73.122     7.7554    33.5237    26.1501 1.7094e-01     0.1273      0.018    1480.93     49.041     4.6960 140.583116     3.2860     73.829  0.000e+00
     73.137     7.7554    33.5239    26.1502 1.5873e-01     0.1261      0.015    1480.93     49.033     4.6952 140.583116     3.2854     73.844  0.000e+00
     73.185     7.7554    33.5240    26.1503 1.5873e-01     0.1261      0.015    1480.93     49.026     4.6946 140.583117     3.2850     73.893  0.000e+00
     73.197     7.7558    33.5239    26.1502 1.5873e-01     0.1261      0.015    1480.93     49.021     4.6940 140.583117     3.2846     73.904  0.000e+00
     73.233     7.7564    33.5235    26.1498 1.5873e-01     0.1261      0.018    1480.93     49.017     4.6936 140.583118     3.2843     73.941  0.000e+00
     73.268     7.7562    33.5236    26.1499 1.5873e-01     0.1261      0.015    1480.93     49.014     4.6933 140.583118     3.2841     73.977  0.000e+00
     73.281     7.7570    33.5237    26.1498 1.5873e-01     0.1261      0.018    1480.94     49.012     4.6931 140.583119     3.2839     73.990  0.000e+00
     73.306     7.7575    33.5236    26.1497 1.5873e-01     0.1249      0.018    1480.94     49.012     4.6930 140.583119     3.2839     74.014  0.000e+00
     73.330     7.7575    33.5245    26.1504 1.5873e-01     0.1261      0.018    1480.94     48.950     4.6871 140.583120     3.2797     74.039  0.000e+00
     73.366     7.7578    33.5250    26.1507 1.5873e-01     0.1261      0.018    1480.94     49.007     4.6925 140.583120     3.2835     74.075  0.000e+00
     73.377     7.7581    33.5253    26.1509 1.5873e-01     0.1261      0.015    1480.94     48.949     4.6868 140.583121     3.2796     74.087  0.000e+00
     73.402     7.7584    33.5256    26.1511 1.5873e-01     0.1261      0.018    1480.95     48.946     4.6866 140.583121     3.2794     74.112  0.000e+00
     73.438     7.7584    33.5250    26.1507 1.5873e-01     0.1261      0.018    1480.95     48.946     4.6865 140.583122     3.2794     74.148  0.000e+00
     73.483     7.7580    33.5250    26.1507 1.5873e-01     0.1261      0.018    1480.94     48.947     4.6867 140.583122     3.2795     74.194  0.000e+00
     73.487     7.7580    33.5251    26.1508 1.5873e-01     0.1261      0.015    1480.94     48.941     4.6861 140.583123     3.2791     74.197  0.000e+00
     73.522     7.7586    33.5245    26.1502 1.5873e-01     0.1261      0.018    1480.95     48.945     4.6864 140.583123     3.2793     74.233  0.000e+00
     73.535     7.7582    33.5244    26.1502 1.7094e-01     0.1261      0.015    1480.95     48.942     4.6862 140.583124     3.2791     74.246  0.000e+00
     73.571     7.7573    33.5249    26.1507 1.5873e-01     0.1261      0.015    1480.94     48.948     4.6869 140.583124     3.2796     74.283  0.000e+00
     73.596     7.7572    33.5250    26.1508 1.5873e-01     0.1261      0.018    1480.94     48.949     4.6869 140.583125     3.2796     74.307  0.000e+00
     73.607     7.7571    33.5254    26.1512 1.5873e-01     0.1261      0.018    1480.94     48.888     4.6811 140.583125     3.2756     74.319  0.000e+00
     73.643     7.7578    33.5254    26.1511 1.5873e-01     0.1261      0.015    1480.95     48.883     4.6806 140.583125     3.2752     74.355  0.000e+00
     73.656     7.7580    33.5257    26.1513 1.5873e-01     0.1261      0.018    1480.95     48.880     4.6803 140.583126     3.2750     74.368  0.000e+00
     73.688     7.7584    33.5254    26.1509 1.5873e-01     0.1261      0.018    1480.95     48.879     4.6801 140.583126     3.2749     74.401  0.000e+00
     73.728     7.7584    33.5257    26.1512 1.5873e-01     0.1261      0.018    1480.95     48.879     4.6801 140.583127     3.2749     74.440  0.000e+00
     73.741     7.7591    33.5261    26.1514 1.5873e-01     0.1261      0.018    1480.95     48.881     4.6802 140.583127     3.2749     74.454  0.000e+00
     73.752     7.7599    33.5266    26.1517 1.5873e-01     0.1261      0.015    1480.96     48.884     4.6804 140.583128     3.2751     74.465  0.000e+00
     73.788     7.7610    33.5269    26.1518 1.5873e-01     0.1261      0.018    1480.96     48.889     4.6807 140.583128     3.2753     74.501  0.000e+00
     73.812     7.7612    33.5277    26.1524 1.5873e-01     0.1261      0.015    1480.97     48.833     4.6754 140.583129     3.2715     74.526  0.000e+00
     73.837     7.7617    33.5273    26.1520 1.5873e-01     0.1261      0.018    1480.97     48.834     4.6754 140.583129     3.2716     74.551  0.000e+00
     73.848     7.7614    33.5273    26.1520 1.5873e-01     0.1261      0.018    1480.97     48.829     4.6749 140.583130     3.2712     74.562  0.000e+00
     73.894     7.7615    33.5267    26.1515 1.5873e-01     0.1261      0.018    1480.97     48.825     4.6746 140.583130     3.2710     74.608  0.000e+00
     73.885     7.7615    33.5269    26.1517 1.5873e-01     0.1273      0.018    1480.97     48.823     4.6744 140.583131     3.2709     74.600  0.000e+00
     73.933     7.7612    33.5275    26.1523 1.5873e-01     0.1261      0.015    1480.97     48.823     4.6744 140.583131     3.2709     74.648  0.000e+00
     73.946     7.7612    33.5279    26.1525 1.5873e-01     0.1261      0.018    1480.97     48.831     4.6752 140.583132     3.2714     74.661  0.000e+00
     73.982     7.7615    33.5281    26.1526 1.5873e-01     0.1261      0.018    1480.97     48.834     4.6754 140.583132     3.2716     74.697  0.000e+00
     74.006     7.7622    33.5282    26.1526 1.5873e-01     0.1261      0.015    1480.97     48.839     4.6758 140.583133     3.2719     74.722  0.000e+00
     74.006     7.7622    33.5281    26.1526 1.5873e-01     0.1261      0.015    1480.97     48.837     4.6756 140.583133     3.2717     74.722  0.000e+00
     74.039     7.7618    33.5284    26.1528 1.5873e-01     0.1261      0.015    1480.97     48.774     4.6697 140.583134     3.2676     74.754  0.000e+00
     74.078     7.7614    33.5279    26.1525 1.5873e-01     0.1261      0.018    1480.97     48.776     4.6699 140.583134     3.2677     74.794  0.000e+00
     74.091     7.7609    33.5277    26.1525 1.5873e-01     0.1261      0.018    1480.97     48.771     4.6695 140.583135     3.2674     74.807  0.000e+00
     74.115     7.7600    33.5281    26.1529 1.5873e-01     0.1261      0.015    1480.97     48.769     4.6693 140.583135     3.2673     74.832  0.000e+00
