Dm1_230419_down.cnv
* Sea-Bird SBE 9 Data File:
* FileName = C:\CTD Brukere\NIVA\IO2019\20190423\Dm1_230419.hex
* Software Version Seasave V 7.23.2
* Temperature SN = 5352
* Conductivity SN = 3840
* Number of Bytes Per Scan = 28
* Number of Voltage Words = 4
* Number of Scans Averaged by the Deck Unit = 1
* NMEA baud rate = 4800
** Ship: R/V Trygve Braarud
** Cruise:
** Station:
** Operator:
# nquan = 14
# nvalues = 5199                                  
# units = specified
# name 0 = depSM: Depth [salt water, m], lat = 59.60
# name 1 = t090C: Temperature [ITS-90, deg C]
# name 2 = sal00: Salinity, Practical [PSU]
# name 3 = sigma-t00: Density [sigma-t, kg/m^3 ]
# name 4 = flSP: Fluorescence, Seapoint
# name 5 = wetStar: Fluorescence, WET Labs WETstar [mg/m^3]
# name 6 = seaTurbMtr: Turbidity, Seapoint [FTU]
# name 7 = svCM: Sound Velocity [Chen-Millero, m/s]
# name 8 = sbeox0PS: Oxygen, SBE 43 [% saturation]
# name 9 = sbeox0Mg/L: Oxygen, SBE 43 [mg/l]
# name 10 = timeJ: Julian Days
# name 11 = sbeox0ML/L: Oxygen, SBE 43 [ml/l]
# name 12 = prDM: Pressure, Digiquartz [db]
# name 13 = flag:  0.000e+00
# span 0 =      0.743,     81.628                 
# span 1 =     5.5200,     9.9010                 
# span 2 =    25.4169,    33.7952                 
# span 3 =    19.4962,    26.2722                 
# span 4 = 2.0757e-01, 2.7985e+01                 
# span 5 =     0.1249,     0.1273                 
# span 6 =      0.007,      0.018                 
# span 7 =    1467.46,    1483.74                 
# span 8 =     30.607,    126.422                 
# span 9 =     2.8854,    12.9731                 
# span 10 = 113.630394, 113.632900                
# span 11 =     2.0191,     9.0778                
# span 12 =      0.750,     82.419                
# span 13 = 0.0000e+00, 0.0000e+00                
# interval = seconds: 0.0416667
# start_time = Apr 23 2019 15:07:46 [System UpLoad Time]
# bad_flag = -9.990e-29
*END*
[from data line 723]
      1.675     9.3121    25.6399    19.7559 6.3370e+00     0.1261      0.011    1475.93    115.755    11.2635 113.630742     7.8816      1.691  0.000e+00
      1.686     9.2980    25.6412    19.7589 6.2882e+00     0.1261      0.011    1475.88    115.758    11.2673 113.630743     7.8842      1.702  0.000e+00
      1.711     9.2848    25.6443    19.7632 6.1416e+00     0.1261      0.011    1475.84    115.818    11.2762 113.630743     7.8904      1.727  0.000e+00
      1.746     9.2743    25.6462    19.7662 6.2027e+00     0.1249      0.011    1475.80    115.820    11.2790 113.630744     7.8924      1.763  0.000e+00
      1.757     9.2656    25.6475    19.7684 6.6789e+00     0.1261      0.011    1475.77    115.825    11.2816 113.630744     7.8942      1.774  0.000e+00
      1.795     9.2579    25.6484    19.7703 6.5446e+00     0.1261      0.011    1475.74    115.888    11.2896 113.630745     7.8998      1.812  0.000e+00
      1.817     9.2507    25.6492    19.7719 6.1050e+00     0.1273      0.011    1475.72    115.893    11.2918 113.630745     7.9013      1.835  0.000e+00
      1.817     9.2457    25.6485    19.7721 5.7509e+00     0.1261      0.011    1475.70    115.894    11.2932 113.630746     7.9023      1.835  0.000e+00
      1.853     9.2442    25.6465    19.7707 5.6166e+00     0.1261      0.011    1475.69    115.951    11.2994 113.630746     7.9066      1.871  0.000e+00
      1.877     9.2453    25.6442    19.7687 5.5922e+00     0.1261      0.011    1475.69    115.890    11.2932 113.630747     7.9023      1.895  0.000e+00
      1.877     9.2478    25.6429    19.7674 5.9096e+00     0.1261      0.015    1475.70    115.946    11.2982 113.630747     7.9058      1.895  0.000e+00
      1.913     9.2498    25.6426    19.7669 6.4713e+00     0.1261      0.011    1475.71    115.946    11.2976 113.630747     7.9054      1.931  0.000e+00
      1.937     9.2535    25.6414    19.7654 6.7277e+00     0.1261      0.011    1475.72    115.941    11.2963 113.630748     7.9045      1.955  0.000e+00
      1.961     9.2579    25.6398    19.7636 6.4713e+00     0.1261      0.011    1475.73    115.993    11.3004 113.630748     7.9074      1.980  0.000e+00
      1.973     9.2616    25.6392    19.7626 6.3248e+00     0.1261      0.011    1475.75    115.994    11.2996 113.630749     7.9068      1.991  0.000e+00
      2.008     9.2593    25.6418    19.7649 6.2515e+00     0.1261      0.011    1475.74    116.054    11.3058 113.630749     7.9111      2.027  0.000e+00
      2.021     9.2561    25.6430    19.7663 6.5812e+00     0.1261      0.011    1475.73    116.055    11.3066 113.630750     7.9117      2.040  0.000e+00
      2.044     9.2571    25.6411    19.7646 8.2418e+00     0.1273      0.011    1475.73    116.051    11.3062 113.630750     7.9114      2.063  0.000e+00
      2.068     9.2657    25.6362    19.7596 8.8400e+00     0.1261      0.011    1475.76    116.051    11.3043 113.630751     7.9101      2.088  0.000e+00
      2.081     9.2765    25.6330    19.7556 8.2784e+00     0.1261      0.011    1475.80    116.106    11.3072 113.630751     7.9121      2.101  0.000e+00
      2.117     9.2791    25.6361    19.7576 7.5214e+00     0.1261      0.011    1475.81    116.106    11.3063 113.630752     7.9115      2.137  0.000e+00
      2.128     9.2704    25.6423    19.7637 7.4115e+00     0.1261      0.011    1475.79    116.170    11.3142 113.630752     7.9170      2.148  0.000e+00
      2.152     9.2593    25.6456    19.7679 7.5580e+00     0.1261      0.011    1475.75    116.176    11.3174 113.630753     7.9193      2.173  0.000e+00
      2.177     9.2532    25.6444    19.7678 7.5214e+00     0.1261      0.011    1475.73    116.185    11.3200 113.630753     7.9210      2.197  0.000e+00
      2.188     9.2503    25.6431    19.7672 7.2894e+00     0.1261      0.011    1475.71    116.189    11.3213 113.630754     7.9220      2.209  0.000e+00
      2.224     9.2454    25.6440    19.7686 7.1062e+00     0.1261      0.011    1475.70    116.252    11.3285 113.630754     7.9270      2.245  0.000e+00
      2.235     9.2416    25.6450    19.7699 7.2039e+00     0.1249      0.011    1475.68    116.256    11.3298 113.630755     7.9279      2.256  0.000e+00
      2.248     9.2419    25.6437    19.7689 7.8144e+00     0.1261      0.011    1475.68    116.255    11.3298 113.630755     7.9279      2.269  0.000e+00
      2.283     9.2447    25.6421    19.7672 7.8632e+00     0.1261      0.011    1475.69    116.258    11.3294 113.630756     7.9277      2.305  0.000e+00
      2.295     9.2487    25.6409    19.7657 7.2405e+00     0.1261      0.011    1475.71    116.318    11.3343 113.630756     7.9311      2.317  0.000e+00
      2.330     9.2537    25.6390    19.7635 6.6056e+00     0.1261      0.011    1475.72    116.319    11.3333 113.630757     7.9304      2.353  0.000e+00
      2.330     9.2593    25.6367    19.7609 6.1172e+00     0.1273      0.011    1475.74    116.316    11.3318 113.630757     7.9293      2.353  0.000e+00
      2.379     9.2646    25.6346    19.7585 5.9707e+00     0.1261      0.011    1475.76    116.378    11.3366 113.630758     7.9327      2.402  0.000e+00
      2.379     9.2689    25.6335    19.7571 6.4103e+00     0.1261      0.011    1475.78    116.381    11.3359 113.630758     7.9322      2.402  0.000e+00
      2.390     9.2712    25.6334    19.7566 6.6789e+00     0.1261      0.011    1475.78    116.381    11.3353 113.630759     7.9318      2.413  0.000e+00
      2.415     9.2733    25.6334    19.7563 6.5812e+00     0.1261      0.011    1475.79    116.445    11.3409 113.630759     7.9357      2.437  0.000e+00
      2.439     9.2754    25.6328    19.7556 7.4847e+00     0.1261      0.011    1475.80    116.450    11.3410 113.630760     7.9358      2.462  0.000e+00
      2.463     9.2772    25.6326    19.7552 7.7534e+00     0.1261      0.011    1475.81    116.513    11.3467 113.630760     7.9397      2.486  0.000e+00
      2.474     9.2787    25.6321    19.7546 7.8755e+00     0.1261      0.011    1475.81    116.456    11.3408 113.630761     7.9356      2.498  0.000e+00
      2.499     9.2795    25.6323    19.7546 7.7656e+00     0.1261      0.011    1475.82    116.518    11.3466 113.630761     7.9397      2.522  0.000e+00
      2.510     9.2798    25.6328    19.7550 7.3260e+00     0.1261      0.011    1475.82    116.521    11.3468 113.630761     7.9398      2.534  0.000e+00
      2.534     9.2822    25.6322    19.7541 7.2405e+00     0.1261      0.011    1475.83    116.521    11.3462 113.630762     7.9394      2.558  0.000e+00
      2.559     9.2838    25.6320    19.7537 8.6691e+00     0.1261      0.011    1475.83    116.578    11.3513 113.630762     7.9430      2.583  0.000e+00
      2.559     9.2840    25.6333    19.7547 8.6691e+00     0.1261      0.011    1475.83    116.583    11.3517 113.630763     7.9432      2.583  0.000e+00
      2.581     9.2882    25.6315    19.7527 8.1319e+00     0.1261      0.011    1475.85    116.584    11.3508 113.630763     7.9426      2.606  0.000e+00
      2.606     9.2928    25.6301    19.7510 7.5702e+00     0.1261      0.011    1475.86    116.581    11.3495 113.630764     7.9417      2.630  0.000e+00
      2.630     9.2963    25.6307    19.7510 6.8376e+00     0.1261      0.011    1475.88    116.574    11.3479 113.630764     7.9406      2.655  0.000e+00
      2.617     9.3034    25.6292    19.7488 6.2027e+00     0.1261      0.015    1475.90    116.562    11.3450 113.630765     7.9386      2.642  0.000e+00
      2.654     9.3100    25.6296    19.7482 6.3126e+00     0.1261      0.011    1475.93    116.615    11.3485 113.630765     7.9410      2.679  0.000e+00
      2.690     9.3180    25.6292    19.7467 6.7888e+00     0.1261      0.011    1475.96    116.610    11.3460 113.630766     7.9393      2.715  0.000e+00
      2.690     9.3273    25.6275    19.7441 6.7643e+00     0.1261      0.011    1475.99    116.600    11.3428 113.630766     7.9370      2.715  0.000e+00
      2.714     9.3345    25.6256    19.7416 7.2161e+00     0.1261      0.011    1476.02    116.594    11.3405 113.630767     7.9354      2.740  0.000e+00
      2.737     9.3402    25.6238    19.7393 7.6435e+00     0.1261      0.011    1476.04    116.646    11.3442 113.630767     7.9380      2.763  0.000e+00
      2.750     9.3462    25.6222    19.7372 7.9121e+00     0.1261      0.011    1476.06    116.639    11.3421 113.630768     7.9365      2.776  0.000e+00
      2.785     9.3523    25.6202    19.7348 8.0952e+00     0.1273      0.011    1476.08    116.635    11.3404 113.630768     7.9353      2.812  0.000e+00
      2.785     9.3622    25.6165    19.7305 7.8388e+00     0.1261      0.011    1476.11    116.627    11.3373 113.630769     7.9332      2.812  0.000e+00
      2.809     9.3715    25.6146    19.7277 7.2283e+00     0.1261      0.011    1476.14    116.677    11.3399 113.630769     7.9350      2.836  0.000e+00
      2.832     9.3745    25.6164    19.7286 7.0085e+00     0.1261      0.011    1476.16    116.676    11.3390 113.630770     7.9343      2.859  0.000e+00
      2.845     9.3719    25.6191    19.7311 7.0452e+00     0.1261      0.011    1476.15    116.665    11.3384 113.630770     7.9339      2.872  0.000e+00
      2.868     9.3620    25.6250    19.7371 6.9597e+00     0.1261      0.011    1476.12    116.658    11.3398 113.630771     7.9349      2.895  0.000e+00
      2.881     9.3489    25.6301    19.7430 6.5201e+00     0.1261      0.011    1476.08    116.648    11.3417 113.630771     7.9363      2.908  0.000e+00
      2.892     9.3597    25.6205    19.7339 6.3736e+00     0.1261      0.011    1476.11    116.631    11.3381 113.630772     7.9337      2.919  0.000e+00
      2.916     9.3743    25.6153    19.7278 6.6667e+00     0.1261      0.011    1476.16    116.618    11.3334 113.630772     7.9305      2.944  0.000e+00
      2.952     9.3825    25.6162    19.7273 6.9597e+00     0.1249      0.011    1476.19    116.602    11.3297 113.630773     7.9279      2.980  0.000e+00
      2.952     9.3858    25.6180    19.7282 7.0330e+00     0.1261      0.011    1476.20    116.650    11.3335 113.630773     7.9305      2.980  0.000e+00
      2.988     9.3869    25.6184    19.7284 7.0696e+00     0.1261      0.011    1476.21    116.642    11.3323 113.630774     7.9297      3.016  0.000e+00
      2.988     9.3839    25.6199    19.7300 7.6068e+00     0.1249      0.011    1476.20    116.631    11.3319 113.630774     7.9294      3.016  0.000e+00
      3.012     9.3767    25.6227    19.7332 7.8510e+00     0.1261      0.015    1476.18    116.616    11.3321 113.630774     7.9296      3.040  0.000e+00
      3.036     9.3719    25.6241    19.7350 7.6068e+00     0.1261      0.011    1476.16    116.606    11.3322 113.630775     7.9296      3.065  0.000e+00
      3.047     9.3707    25.6224    19.7338 7.3626e+00     0.1261      0.011    1476.16    116.652    11.3371 113.630775     7.9330      3.076  0.000e+00
      3.059     9.3719    25.6199    19.7318 7.0452e+00     0.1261      0.011    1476.16    116.587    11.3307 113.630776     7.9285      3.088  0.000e+00
      3.059     9.3736    25.6187    19.7305 6.6545e+00     0.1261      0.011    1476.16    116.573    11.3290 113.630776     7.9273      3.088  0.000e+00
      3.130     9.3746    25.6187    19.7304 6.2515e+00     0.1249      0.011    1476.17    116.618    11.3331 113.630777     7.9302      3.160  0.000e+00
      3.119     9.3731    25.6198    19.7315 6.1050e+00     0.1261      0.011    1476.16    116.605    11.3321 113.630777     7.9295      3.148  0.000e+00
      3.154     9.3675    25.6227    19.7346 7.0574e+00     0.1261      0.011    1476.15    116.597    11.3325 113.630778     7.9298      3.184  0.000e+00
      3.154     9.3602    25.6260    19.7381 7.4237e+00     0.1261      0.011    1476.12    116.585    11.3331 113.630778     7.9302      3.184  0.000e+00
      3.191     9.3549    25.6268    19.7396 6.9963e+00     0.1261      0.011    1476.10    116.572    11.3330 113.630779     7.9302      3.222  0.000e+00
      3.203     9.3483    25.6298    19.7428 6.4225e+00     0.1261      0.011    1476.08    116.555    11.3329 113.630779     7.9301      3.233  0.000e+00
      3.214     9.3415    25.6377    19.7500 6.3126e+00     0.1261      0.011    1476.07    116.543    11.3328 113.630780     7.9300      3.245  0.000e+00
      3.250     9.3387    25.6478    19.7583 6.1294e+00     0.1261      0.011    1476.07    116.527    11.3313 113.630780     7.9290      3.281  0.000e+00
      3.263     9.3400    25.6559    19.7644 5.7509e+00     0.1261      0.011    1476.08    116.570    11.3345 113.630781     7.9312      3.294  0.000e+00
      3.274     9.3479    25.6599    19.7663 5.4457e+00     0.1261      0.011    1476.12    116.562    11.3314 113.630781     7.9291      3.305  0.000e+00
      3.298     9.3568    25.6632    19.7677 5.3236e+00     0.1261      0.011    1476.16    116.551    11.3279 113.630782     7.9266      3.330  0.000e+00
      3.323     9.3599    25.6652    19.7688 5.1893e+00     0.1261      0.011    1476.17    116.539    11.3258 113.630782     7.9251      3.354  0.000e+00
      3.334     9.4003    25.6484    19.7498 5.1770e+00     0.1261      0.011    1476.30    116.527    11.3156 113.630783     7.9180      3.366  0.000e+00
      3.358     9.4754    25.6463    19.7373 5.4090e+00     0.1261      0.015    1476.58    116.510    11.2951 113.630783     7.9036      3.390  0.000e+00
      3.382     9.5374    25.6933    19.7650 5.6410e+00     0.1261      0.011    1476.87    116.500    11.2750 113.630784     7.8896      3.415  0.000e+00
      3.394     9.5660    25.7416    19.7984 5.5800e+00     0.1261      0.011    1477.04    116.483    11.2627 113.630784     7.8810      3.426  0.000e+00
      3.405     9.5776    25.7701    19.8190 5.3846e+00     0.1261      0.011    1477.11    116.472    11.2567 113.630785     7.8768      3.437  0.000e+00
      3.429     9.5795    25.7821    19.8281 5.1404e+00     0.1261      0.011    1477.14    116.522    11.2601 113.630785     7.8791      3.462  0.000e+00
      3.441     9.5760    25.7951    19.8387 5.1893e+00     0.1261      0.011    1477.14    116.515    11.2594 113.630786     7.8787      3.473  0.000e+00
      3.478     9.5569    25.8168    19.8584 5.1770e+00     0.1261      0.011    1477.09    116.515    11.2626 113.630786     7.8809      3.511  0.000e+00
      3.489     9.5446    25.8247    19.8664 5.0549e+00     0.1261      0.011    1477.06    116.512    11.2648 113.630787     7.8824      3.522  0.000e+00
      3.501     9.5330    25.8171    19.8621 4.8230e+00     0.1273      0.015    1477.01    116.506    11.2678 113.630787     7.8845      3.534  0.000e+00
      3.525     9.5275    25.7994    19.8491 4.7009e+00     0.1261      0.011    1476.97    116.560    11.2756 113.630788     7.8900      3.558  0.000e+00
      3.561     9.5247    25.7881    19.8407 4.7009e+00     0.1261      0.011    1476.94    116.557    11.2768 113.630788     7.8909      3.594  0.000e+00
      3.561     9.5280    25.7792    19.8334 5.2381e+00     0.1261      0.011    1476.94    116.550    11.2760 113.630788     7.8903      3.594  0.000e+00
      3.585     9.5454    25.7724    19.8255 5.8974e+00     0.1261      0.011    1477.00    116.548    11.2719 113.630789     7.8874      3.619  0.000e+00
      3.609     9.5653    25.7764    19.8257 6.2027e+00     0.1261      0.011    1477.08    116.543    11.2661 113.630789     7.8834      3.643  0.000e+00
      3.632     9.5680    25.7905    19.8363 7.4359e+00     0.1261      0.011    1477.11    116.599    11.2698 113.630790     7.8859      3.666  0.000e+00
      3.656     9.5499    25.8029    19.8486 7.7900e+00     0.1261      0.011    1477.05    116.600    11.2736 113.630790     7.8886      3.691  0.000e+00
      3.669     9.5593    25.7778    19.8276 7.9731e+00     0.1261      0.011    1477.06    116.603    11.2733 113.630791     7.8884      3.704  0.000e+00
