Dm1_230419_down.cnv
* Sea-Bird SBE 9 Data File:
* FileName = C:\CTD Brukere\NIVA\IO2019\20190423\Dm1_230419.hex
* Software Version Seasave V 7.23.2
* Temperature SN = 5352
* Conductivity SN = 3840
* Number of Bytes Per Scan = 28
* Number of Voltage Words = 4
* Number of Scans Averaged by the Deck Unit = 1
* NMEA baud rate = 4800
** Ship: R/V Trygve Braarud
** Cruise:
** Station:
** Operator:
# nquan = 14
# nvalues = 5199                                  
# units = specified
# name 0 = depSM: Depth [salt water, m], lat = 59.60
# name 1 = t090C: Temperature [ITS-90, deg C]
# name 2 = sal00: Salinity, Practical [PSU]
# name 3 = sigma-t00: Density [sigma-t, kg/m^3 ]
# name 4 = flSP: Fluorescence, Seapoint
# name 5 = wetStar: Fluorescence, WET Labs WETstar [mg/m^3]
# name 6 = seaTurbMtr: Turbidity, Seapoint [FTU]
# name 7 = svCM: Sound Velocity [Chen-Millero, m/s]
# name 8 = sbeox0PS: Oxygen, SBE 43 [% saturation]
# name 9 = sbeox0Mg/L: Oxygen, SBE 43 [mg/l]
# name 10 = timeJ: Julian Days
# name 11 = sbeox0ML/L: Oxygen, SBE 43 [ml/l]
# name 12 = prDM: Pressure, Digiquartz [db]
# name 13 = flag:  0.000e+00
# span 0 =      0.743,     81.628                 
# span 1 =     5.5200,     9.9010                 
# span 2 =    25.4169,    33.7952                 
# span 3 =    19.4962,    26.2722                 
# span 4 = 2.0757e-01, 2.7985e+01                 
# span 5 =     0.1249,     0.1273                 
# span 6 =      0.007,      0.018                 
# span 7 =    1467.46,    1483.74                 
# span 8 =     30.607,    126.422                 
# span 9 =     2.8854,    12.9731                 
# span 10 = 113.630394, 113.632900                
# span 11 =     2.0191,     9.0778                
# span 12 =      0.750,     82.419                
# span 13 = 0.0000e+00, 0.0000e+00                
# interval = seconds: 0.0416667
# start_time = Apr 23 2019 15:07:46 [System UpLoad Time]
# bad_flag = -9.990e-29
*END*
[from data line 3613]
     60.806     8.3632    33.7565    26.2430 2.3199e-01     0.1261      0.018    1483.31     48.261     4.5516 113.632136     3.1850     61.392  0.000e+00
     60.830     8.3633    33.7561    26.2426 2.3199e-01     0.1261      0.018    1483.31     48.271     4.5525 113.632136     3.1856     61.416  0.000e+00
     60.855     8.3631    33.7564    26.2429 2.1978e-01     0.1261      0.015    1483.31     48.283     4.5537 113.632137     3.1864     61.441  0.000e+00
     60.866     8.3636    33.7563    26.2427 2.1978e-01     0.1261      0.015    1483.31     48.229     4.5485 113.632137     3.1828     61.452  0.000e+00
     60.903     8.3636    33.7564    26.2428 2.1978e-01     0.1249      0.018    1483.31     48.294     4.5547 113.632138     3.1871     61.490  0.000e+00
     60.910     8.3638    33.7549    26.2416 2.1978e-01     0.1261      0.018    1483.31     48.307     4.5559 113.632138     3.1879     61.497  0.000e+00
     60.926     8.3630    33.7553    26.2421 2.4420e-01     0.1261      0.018    1483.31     48.252     4.5508 113.632139     3.1844     61.513  0.000e+00
     60.964     8.3635    33.7571    26.2434 2.5641e-01     0.1261      0.018    1483.31     48.255     4.5510 113.632139     3.1845     61.551  0.000e+00
     60.964     8.3643    33.7576    26.2437 2.6862e-01     0.1261      0.018    1483.32     48.260     4.5514 113.632140     3.1848     61.551  0.000e+00
     60.999     8.3649    33.7568    26.2430 2.9304e-01     0.1261      0.018    1483.32     48.268     4.5521 113.632140     3.1853     61.587  0.000e+00
     61.024     8.3644    33.7552    26.2418 3.0525e-01     0.1261      0.018    1483.32     48.271     4.5524 113.632141     3.1855     61.612  0.000e+00
     61.024     8.3633    33.7551    26.2419 3.0525e-01     0.1261      0.015    1483.31     48.213     4.5471 113.632141     3.1818     61.612  0.000e+00
     61.055     8.3624    33.7546    26.2416 3.0525e-01     0.1261      0.015    1483.31     48.275     4.5530 113.632142     3.1859     61.643  0.000e+00
     61.071     8.3614    33.7554    26.2424 2.9304e-01     0.1261      0.018    1483.31     48.215     4.5475 113.632142     3.1820     61.659  0.000e+00
     61.084     8.3617    33.7571    26.2437 2.9304e-01     0.1261      0.018    1483.31     48.211     4.5470 113.632143     3.1817     61.673  0.000e+00
     61.108     8.3630    33.7581    26.2443 2.9304e-01     0.1261      0.018    1483.32     48.272     4.5526 113.632143     3.1856     61.697  0.000e+00
     61.120     8.3639    33.7577    26.2438 2.8083e-01     0.1261      0.018    1483.32     48.217     4.5474 113.632144     3.1820     61.709  0.000e+00
     61.155     8.3638    33.7557    26.2423 2.8083e-01     0.1261      0.015    1483.32     48.220     4.5477 113.632144     3.1822     61.745  0.000e+00
     61.155     8.3627    33.7546    26.2416 2.8083e-01     0.1261      0.015    1483.31     48.232     4.5490 113.632145     3.1831     61.745  0.000e+00
     61.175     8.3622    33.7561    26.2429 2.8083e-01     0.1261      0.015    1483.31     48.231     4.5489 113.632145     3.1831     61.765  0.000e+00
     61.204     8.3628    33.7573    26.2437 2.6862e-01     0.1261      0.018    1483.32     48.240     4.5496 113.632146     3.1836     61.794  0.000e+00
     61.216     8.3638    33.7564    26.2428 2.5641e-01     0.1261      0.018    1483.32     48.251     4.5506 113.632146     3.1842     61.806  0.000e+00
     61.240     8.3638    33.7552    26.2419 2.5641e-01     0.1261      0.015    1483.32     48.257     4.5511 113.632147     3.1846     61.830  0.000e+00
     61.251     8.3633    33.7544    26.2413 2.5641e-01     0.1261      0.018    1483.32     48.264     4.5519 113.632147     3.1851     61.842  0.000e+00
     61.276     8.3623    33.7553    26.2422 2.6862e-01     0.1261      0.018    1483.31     48.273     4.5528 113.632147     3.1858     61.866  0.000e+00
     61.289     8.3625    33.7567    26.2432 2.6862e-01     0.1249      0.015    1483.32     48.276     4.5531 113.632148     3.1860     61.879  0.000e+00
     61.300     8.3633    33.7575    26.2437 2.6862e-01     0.1261      0.018    1483.32     48.281     4.5534 113.632148     3.1862     61.891  0.000e+00
     61.320     8.3639    33.7575    26.2436 2.5641e-01     0.1261      0.018    1483.32     48.287     4.5540 113.632149     3.1866     61.911  0.000e+00
     61.336     8.3640    33.7570    26.2433 2.5641e-01     0.1261      0.018    1483.32     48.295     4.5547 113.632149     3.1871     61.927  0.000e+00
     61.360     8.3636    33.7566    26.2430 2.5641e-01     0.1261      0.015    1483.32     48.305     4.5556 113.632150     3.1878     61.952  0.000e+00
     61.373     8.3631    33.7575    26.2438 2.5641e-01     0.1261      0.015    1483.32     48.254     4.5509 113.632150     3.1844     61.965  0.000e+00
     61.373     8.3636    33.7577    26.2438 2.5641e-01     0.1261      0.018    1483.32     48.259     4.5513 113.632151     3.1847     61.965  0.000e+00
     61.409     8.3640    33.7583    26.2443 5.4945e-01     0.1261      0.018    1483.33     48.266     4.5520 113.632151     3.1852     62.001  0.000e+00
     61.409     8.3646    33.7584    26.2443 4.7863e+00     0.1261      0.015    1483.33     48.275     4.5527 113.632152     3.1857     62.001  0.000e+00
     61.434     8.3651    33.7576    26.2436 6.7643e+00     0.1261      0.011    1483.33     48.340     4.5588 113.632152     3.1900     62.026  0.000e+00
     61.456     8.3645    33.7573    26.2434 5.3114e+00     0.1261      0.015    1483.33     48.298     4.5549 113.632153     3.1873     62.049  0.000e+00
     61.465     8.3639    33.7564    26.2428 3.4310e+00     0.1261      0.015    1483.32     48.304     4.5556 113.632153     3.1877     62.057  0.000e+00
     61.481     8.3630    33.7563    26.2428 2.1856e+00     0.1249      0.015    1483.32     48.312     4.5564 113.632154     3.1883     62.073  0.000e+00
     61.505     8.3623    33.7559    26.2427 1.5385e+00     0.1261      0.015    1483.32     48.321     4.5574 113.632154     3.1890     62.098  0.000e+00
     61.517     8.3624    33.7566    26.2432 1.1844e+00     0.1261      0.015    1483.32     48.325     4.5577 113.632155     3.1892     62.109  0.000e+00
     61.530     8.3620    33.7577    26.2441 9.7680e-01     0.1261      0.015    1483.32     48.268     4.5523 113.632155     3.1854     62.123  0.000e+00
     61.541     8.3623    33.7569    26.2434 8.3028e-01     0.1261      0.015    1483.32     48.328     4.5580 113.632156     3.1894     62.134  0.000e+00
     61.565     8.3622    33.7570    26.2435 7.0818e-01     0.1261      0.015    1483.32     48.274     4.5529 113.632156     3.1858     62.159  0.000e+00
     61.577     8.3622    33.7573    26.2438 5.9829e-01     0.1249      0.018    1483.32     48.275     4.5530 113.632157     3.1859     62.170  0.000e+00
     61.601     8.3623    33.7585    26.2447 5.1282e-01     0.1261      0.015    1483.32     48.340     4.5591 113.632157     3.1902     62.195  0.000e+00
     61.614     8.3633    33.7588    26.2447 4.8840e-01     0.1261      0.018    1483.33     48.290     4.5542 113.632158     3.1868     62.208  0.000e+00
     61.626     8.3641    33.7585    26.2444 4.7619e-01     0.1261      0.018    1483.33     48.295     4.5547 113.632158     3.1871     62.219  0.000e+00
     61.645     8.3646    33.7576    26.2437 4.3956e-01     0.1261      0.015    1483.33     48.303     4.5553 113.632159     3.1876     62.239  0.000e+00
     61.674     8.3641    33.7565    26.2429 3.9072e-01     0.1249      0.018    1483.33     48.312     4.5563 113.632159     3.1882     62.269  0.000e+00
     61.686     8.3633    33.7555    26.2422 3.5409e-01     0.1261      0.018    1483.32     48.314     4.5566 113.632160     3.1885     62.280  0.000e+00
     61.699     8.3623    33.7564    26.2430 3.1746e-01     0.1261      0.018    1483.32     48.318     4.5571 113.632160     3.1888     62.293  0.000e+00
     61.710     8.3625    33.7579    26.2442 2.8083e-01     0.1261      0.015    1483.32     48.323     4.5575 113.632160     3.1891     62.305  0.000e+00
     61.746     8.3633    33.7584    26.2444 2.6862e-01     0.1261      0.018    1483.33     48.322     4.5573 113.632161     3.1889     62.341  0.000e+00
     61.759     8.3638    33.7589    26.2448 2.4420e-01     0.1261      0.018    1483.33     48.330     4.5579 113.632161     3.1894     62.354  0.000e+00
     61.782     8.3648    33.7593    26.2449 2.4420e-01     0.1261      0.018    1483.34     48.338     4.5586 113.632162     3.1898     62.377  0.000e+00
     61.782     8.3652    33.7594    26.2450 2.4420e-01     0.1261      0.015    1483.34     48.278     4.5529 113.632162     3.1859     62.377  0.000e+00
     61.806     8.3657    33.7595    26.2449 2.4420e-01     0.1249      0.018    1483.34     48.336     4.5583 113.632163     3.1897     62.402  0.000e+00
     61.830     8.3659    33.7597    26.2451 2.1978e-01     0.1261      0.018    1483.34     48.279     4.5529 113.632163     3.1859     62.426  0.000e+00
     61.855     8.3664    33.7594    26.2448 2.1978e-01     0.1261      0.018    1483.34     48.277     4.5527 113.632164     3.1857     62.451  0.000e+00
     61.879     8.3665    33.7595    26.2448 2.0757e-01     0.1261      0.018    1483.34     48.277     4.5527 113.632164     3.1857     62.476  0.000e+00
     61.879     8.3667    33.7593    26.2447 2.0757e-01     0.1261      0.018    1483.34     48.270     4.5520 113.632165     3.1852     62.476  0.000e+00
     61.910     8.3665    33.7593    26.2447 2.3199e-01     0.1261      0.018    1483.34     48.272     4.5522 113.632165     3.1853     62.507  0.000e+00
     61.939     8.3667    33.7595    26.2448 2.3199e-01     0.1261      0.018    1483.35     48.267     4.5517 113.632166     3.1850     62.536  0.000e+00
     61.951     8.3665    33.7598    26.2451 2.3199e-01     0.1261      0.018    1483.35     48.263     4.5514 113.632166     3.1848     62.548  0.000e+00
     61.987     8.3667    33.7594    26.2447 2.1978e-01     0.1261      0.018    1483.35     48.268     4.5518 113.632167     3.1851     62.584  0.000e+00
     62.000     8.3669    33.7597    26.2450 2.5641e-01     0.1261      0.015    1483.35     48.205     4.5458 113.632167     3.1809     62.597  0.000e+00
     62.011     8.3669    33.7596    26.2449 3.4188e-01     0.1261      0.018    1483.35     48.197     4.5451 113.632168     3.1804     62.609  0.000e+00
     62.047     8.3669    33.7594    26.2447 3.2967e-01     0.1261      0.018    1483.35     48.191     4.5445 113.632168     3.1800     62.645  0.000e+00
     62.071     8.3667    33.7599    26.2451 2.9304e-01     0.1261      0.018    1483.35     48.185     4.5440 113.632169     3.1796     62.670  0.000e+00
     62.084     8.3669    33.7601    26.2452 2.6862e-01     0.1273      0.018    1483.35     48.181     4.5436 113.632169     3.1793     62.683  0.000e+00
     62.107     8.3670    33.7599    26.2451 2.4420e-01     0.1261      0.018    1483.35     48.179     4.5433 113.632170     3.1791     62.706  0.000e+00
     62.144     8.3672    33.7598    26.2450 2.3199e-01     0.1261      0.015    1483.35     48.177     4.5432 113.632170     3.1790     62.743  0.000e+00
     62.144     8.3672    33.7601    26.2452 2.1978e-01     0.1261      0.018    1483.35     48.176     4.5431 113.632171     3.1790     62.743  0.000e+00
     62.192     8.3674    33.7605    26.2455 2.0757e-01     0.1249      0.018    1483.35     48.177     4.5431 113.632171     3.1790     62.791  0.000e+00
     62.205     8.3674    33.7605    26.2455 2.1978e-01     0.1261      0.018    1483.35     48.117     4.5375 113.632172     3.1751     62.804  0.000e+00
     62.227     8.3677    33.7606    26.2455 2.1978e-01     0.1261      0.018    1483.36     48.114     4.5371 113.632172     3.1748     62.827  0.000e+00
     62.240     8.3677    33.7612    26.2460 2.1978e-01     0.1261      0.018    1483.36     48.111     4.5369 113.632173     3.1746     62.840  0.000e+00
     62.276     8.3680    33.7613    26.2460 2.1978e-01     0.1261      0.018    1483.36     48.111     4.5368 113.632173     3.1746     62.877  0.000e+00
     62.312     8.3685    33.7615    26.2461 2.0757e-01     0.1261      0.018    1483.36     48.111     4.5368 113.632174     3.1746     62.913  0.000e+00
     62.325     8.3691    33.7618    26.2462 2.1978e-01     0.1261      0.018    1483.36     48.106     4.5362 113.632174     3.1742     62.926  0.000e+00
     62.349     8.3695    33.7621    26.2465 2.1978e-01     0.1261      0.018    1483.37     48.102     4.5358 113.632174     3.1739     62.950  0.000e+00
     62.372     8.3701    33.7628    26.2469 2.0757e-01     0.1261      0.018    1483.37     48.038     4.5296 113.632175     3.1696     62.973  0.000e+00
     62.397     8.3705    33.7632    26.2471 2.1978e-01     0.1261      0.018    1483.37     48.091     4.5346 113.632175     3.1730     62.998  0.000e+00
     62.421     8.3707    33.7631    26.2471 2.3199e-01     0.1261      0.018    1483.37     48.036     4.5294 113.632176     3.1694     63.023  0.000e+00
     62.432     8.3714    33.7637    26.2474 2.5641e-01     0.1261      0.018    1483.38     48.031     4.5288 113.632176     3.1690     63.034  0.000e+00
     62.470     8.3717    33.7635    26.2472 1.0745e+00     0.1261      0.015    1483.38     48.027     4.5284 113.632177     3.1687     63.072  0.000e+00
     62.493     8.3718    33.7636    26.2472 2.9670e+00     0.1261      0.015    1483.38     47.963     4.5224 113.632177     3.1645     63.095  0.000e+00
     62.506     8.3722    33.7634    26.2470 5.0061e+00     0.1261      0.015    1483.38     48.016     4.5274 113.632178     3.1680     63.108  0.000e+00
     62.541     8.3720    33.7622    26.2461 4.8718e+00     0.1249      0.015    1483.38     48.017     4.5275 113.632178     3.1681     63.144  0.000e+00
     62.553     8.3710    33.7616    26.2458 3.6142e+00     0.1249      0.015    1483.37     47.950     4.5213 113.632179     3.1638     63.156  0.000e+00
     62.590     8.3707    33.7624    26.2465 2.4542e+00     0.1261      0.015    1483.38     47.947     4.5210 113.632179     3.1635     63.194  0.000e+00
     62.602     8.3712    33.7634    26.2472 1.6728e+00     0.1261      0.015    1483.38     47.938     4.5201 113.632180     3.1629     63.205  0.000e+00
     62.637     8.3717    33.7641    26.2477 1.1966e+00     0.1261      0.015    1483.38     47.930     4.5193 113.632180     3.1623     63.241  0.000e+00
     62.637     8.3722    33.7640    26.2475 8.7912e-01     0.1261      0.018    1483.38     47.931     4.5194 113.632181     3.1624     63.241  0.000e+00
     62.686     8.3718    33.7640    26.2476 6.5934e-01     0.1261      0.015    1483.38     47.866     4.5132 113.632181     3.1581     63.290  0.000e+00
     62.711     8.3721    33.7633    26.2469 7.4481e-01     0.1261      0.018    1483.38     47.918     4.5181 113.632182     3.1615     63.315  0.000e+00
     62.711     8.3710    33.7628    26.2467 3.5775e+00     0.1261      0.015    1483.38     47.916     4.5181 113.632182     3.1615     63.315  0.000e+00
     62.746     8.3704    33.7623    26.2465 4.0415e+00     0.1261      0.011    1483.38     47.855     4.5124 113.632183     3.1575     63.351  0.000e+00
     62.771     8.3701    33.7631    26.2472 2.8449e+00     0.1261      0.015    1483.38     47.850     4.5120 113.632183     3.1572     63.376  0.000e+00
     62.795     8.3704    33.7637    26.2475 1.7338e+00     0.1261      0.015    1483.38     47.847     4.5116 113.632184     3.1570     63.401  0.000e+00
     62.806     8.3709    33.7636    26.2474 1.1233e+00     0.1261      0.015    1483.38     47.846     4.5114 113.632184     3.1568     63.412  0.000e+00
     62.831     8.3710    33.7636    26.2474 7.8144e-01     0.1249      0.015    1483.38     47.846     4.5115 113.632185     3.1569     63.437  0.000e+00
     62.855     8.3712    33.7640    26.2477 5.9829e-01     0.1261      0.015    1483.38     47.787     4.5058 113.632185     3.1529     63.461  0.000e+00
