Dm1_230419_down.cnv
* Sea-Bird SBE 9 Data File:
* FileName = C:\CTD Brukere\NIVA\IO2019\20190423\Dm1_230419.hex
* Software Version Seasave V 7.23.2
* Temperature SN = 5352
* Conductivity SN = 3840
* Number of Bytes Per Scan = 28
* Number of Voltage Words = 4
* Number of Scans Averaged by the Deck Unit = 1
* NMEA baud rate = 4800
** Ship: R/V Trygve Braarud
** Cruise:
** Station:
** Operator:
# nquan = 14
# nvalues = 5199                                  
# units = specified
# name 0 = depSM: Depth [salt water, m], lat = 59.60
# name 1 = t090C: Temperature [ITS-90, deg C]
# name 2 = sal00: Salinity, Practical [PSU]
# name 3 = sigma-t00: Density [sigma-t, kg/m^3 ]
# name 4 = flSP: Fluorescence, Seapoint
# name 5 = wetStar: Fluorescence, WET Labs WETstar [mg/m^3]
# name 6 = seaTurbMtr: Turbidity, Seapoint [FTU]
# name 7 = svCM: Sound Velocity [Chen-Millero, m/s]
# name 8 = sbeox0PS: Oxygen, SBE 43 [% saturation]
# name 9 = sbeox0Mg/L: Oxygen, SBE 43 [mg/l]
# name 10 = timeJ: Julian Days
# name 11 = sbeox0ML/L: Oxygen, SBE 43 [ml/l]
# name 12 = prDM: Pressure, Digiquartz [db]
# name 13 = flag:  0.000e+00
# span 0 =      0.743,     81.628                 
# span 1 =     5.5200,     9.9010                 
# span 2 =    25.4169,    33.7952                 
# span 3 =    19.4962,    26.2722                 
# span 4 = 2.0757e-01, 2.7985e+01                 
# span 5 =     0.1249,     0.1273                 
# span 6 =      0.007,      0.018                 
# span 7 =    1467.46,    1483.74                 
# span 8 =     30.607,    126.422                 
# span 9 =     2.8854,    12.9731                 
# span 10 = 113.630394, 113.632900                
# span 11 =     2.0191,     9.0778                
# span 12 =      0.750,     82.419                
# span 13 = 0.0000e+00, 0.0000e+00                
# interval = seconds: 0.0416667
# start_time = Apr 23 2019 15:07:46 [System UpLoad Time]
# bad_flag = -9.990e-29
*END*
[from data line 5162]
     81.581     8.3707    33.7946    26.2717 6.2271e-01     0.1261      0.015    1483.73     30.770     2.9008 113.632883     2.0298     82.371  0.000e+00
     81.592     8.3704    33.7949    26.2720 6.1050e-01     0.1261      0.018    1483.73     30.770     2.9008 113.632883     2.0298     82.383  0.000e+00
     81.578     8.3707    33.7946    26.2718 5.8608e-01     0.1261      0.018    1483.73     30.779     2.9017 113.632884     2.0304     82.368  0.000e+00
     81.581     8.3705    33.7945    26.2717 5.4945e-01     0.1261      0.018    1483.73     30.782     2.9019 113.632884     2.0306     82.371  0.000e+00
     81.592     8.3705    33.7947    26.2718 5.0061e-01     0.1261      0.018    1483.73     30.786     2.9023 113.632885     2.0308     82.383  0.000e+00
     81.581     8.3707    33.7946    26.2718 4.7619e-01     0.1261      0.015    1483.73     30.728     2.8968 113.632885     2.0270     82.371  0.000e+00
     81.581     8.3707    33.7946    26.2717 4.5177e-01     0.1261      0.015    1483.73     30.727     2.8967 113.632886     2.0269     82.371  0.000e+00
     81.592     8.3705    33.7948    26.2719 4.7619e-01     0.1261      0.018    1483.73     30.727     2.8967 113.632886     2.0269     82.383  0.000e+00
     81.592     8.3709    33.7939    26.2712 5.1282e-01     0.1261      0.018    1483.73     30.727     2.8968 113.632887     2.0270     82.383  0.000e+00
     81.592     8.3709    33.7943    26.2715 6.2271e-01     0.1261      0.018    1483.73     30.730     2.8969 113.632887     2.0271     82.383  0.000e+00
     81.581     8.3709    33.7942    26.2714 7.6923e-01     0.1261      0.015    1483.73     30.733     2.8973 113.632888     2.0273     82.371  0.000e+00
     81.592     8.3709    33.7943    26.2715 9.4017e-01     0.1261      0.018    1483.73     30.730     2.8970 113.632888     2.0271     82.383  0.000e+00
     81.592     8.3707    33.7946    26.2717 1.1233e+00     0.1261      0.015    1483.73     30.735     2.8975 113.632889     2.0275     82.383  0.000e+00
     81.589     8.3710    33.7946    26.2717 1.2576e+00     0.1261      0.015    1483.73     30.734     2.8974 113.632889     2.0274     82.379  0.000e+00
     81.604     8.3705    33.7952    26.2722 1.2821e+00     0.1261      0.015    1483.73     30.734     2.8974 113.632890     2.0274     82.394  0.000e+00
     81.592     8.3709    33.7942    26.2714 1.1477e+00     0.1249      0.015    1483.73     30.735     2.8975 113.632890     2.0275     82.383  0.000e+00
     81.604     8.3707    33.7948    26.2719 1.0134e+00     0.1261      0.018    1483.73     30.737     2.8977 113.632891     2.0276     82.394  0.000e+00
     81.604     8.3709    33.7946    26.2717 9.2796e-01     0.1261      0.018    1483.73     30.678     2.8921 113.632891     2.0237     82.394  0.000e+00
     81.592     8.3709    33.7944    26.2716 8.6691e-01     0.1261      0.015    1483.73     30.736     2.8976 113.632892     2.0276     82.383  0.000e+00
     81.604     8.3709    33.7942    26.2714 8.4249e-01     0.1261      0.018    1483.73     30.679     2.8922 113.632892     2.0238     82.394  0.000e+00
     81.604     8.3709    33.7946    26.2717 8.6691e-01     0.1261      0.015    1483.73     30.678     2.8921 113.632893     2.0237     82.394  0.000e+00
     81.604     8.3709    33.7950    26.2720 9.1575e-01     0.1261      0.015    1483.73     30.678     2.8921 113.632893     2.0237     82.394  0.000e+00
     81.604     8.3709    33.7946    26.2717 9.0354e-01     0.1261      0.015    1483.73     30.679     2.8922 113.632894     2.0238     82.394  0.000e+00
     81.617     8.3709    33.7942    26.2714 8.9133e-01     0.1261      0.015    1483.73     30.682     2.8925 113.632894     2.0240     82.407  0.000e+00
     81.602     8.3709    33.7944    26.2715 8.5470e-01     0.1261      0.015    1483.73     30.678     2.8921 113.632894     2.0237     82.393  0.000e+00
     81.604     8.3709    33.7944    26.2716 8.0586e-01     0.1261      0.015    1483.73     30.675     2.8918 113.632895     2.0235     82.394  0.000e+00
     81.604     8.3709    33.7944    26.2716 7.8144e-01     0.1249      0.015    1483.73     30.673     2.8916 113.632895     2.0234     82.394  0.000e+00
     81.617     8.3707    33.7944    26.2716 7.6923e-01     0.1261      0.015    1483.73     30.672     2.8915 113.632896     2.0233     82.407  0.000e+00
     81.604     8.3707    33.7943    26.2715 7.6923e-01     0.1261      0.018    1483.73     30.671     2.8915 113.632896     2.0233     82.394  0.000e+00
     81.604     8.3705    33.7944    26.2716 7.5702e-01     0.1261      0.018    1483.73     30.610     2.8857 113.632897     2.0192     82.394  0.000e+00
     81.604     8.3705    33.7944    26.2716 7.6923e-01     0.1261      0.015    1483.73     30.666     2.8910 113.632897     2.0230     82.394  0.000e+00
     81.604     8.3705    33.7946    26.2718 7.8144e-01     0.1261      0.015    1483.73     30.607     2.8854 113.632898     2.0191     82.394  0.000e+00
     81.604     8.3705    33.7948    26.2719 8.4249e-01     0.1261      0.018    1483.73     30.666     2.8910 113.632898     2.0229     82.394  0.000e+00
     81.592     8.3705    33.7942    26.2715 9.2796e-01     0.1249      0.015    1483.73     30.609     2.8856 113.632899     2.0192     82.383  0.000e+00
     81.617     8.3704    33.7950    26.2721 9.5238e-01     0.1261      0.015    1483.73     30.670     2.8913 113.632899     2.0232     82.407  0.000e+00
     81.553     8.3707    33.7943    26.2715 9.4017e-01     0.1273      0.015    1483.73     30.614     2.8861 113.632900     2.0195     82.343  0.000e+00
     81.628     8.3705    33.7946    26.2717 8.5470e-01     0.1261      0.015    1483.73     30.670     2.8913 113.632900     2.0232     82.419  0.000e+00
