Dm1_230419_down.cnv
* Sea-Bird SBE 9 Data File:
* FileName = C:\CTD Brukere\NIVA\IO2019\20190423\Dm1_230419.hex
* Software Version Seasave V 7.23.2
* Temperature SN = 5352
* Conductivity SN = 3840
* Number of Bytes Per Scan = 28
* Number of Voltage Words = 4
* Number of Scans Averaged by the Deck Unit = 1
* NMEA baud rate = 4800
** Ship: R/V Trygve Braarud
** Cruise:
** Station:
** Operator:
# nquan = 14
# nvalues = 5199                                  
# units = specified
# name 0 = depSM: Depth [salt water, m], lat = 59.60
# name 1 = t090C: Temperature [ITS-90, deg C]
# name 2 = sal00: Salinity, Practical [PSU]
# name 3 = sigma-t00: Density [sigma-t, kg/m^3 ]
# name 4 = flSP: Fluorescence, Seapoint
# name 5 = wetStar: Fluorescence, WET Labs WETstar [mg/m^3]
# name 6 = seaTurbMtr: Turbidity, Seapoint [FTU]
# name 7 = svCM: Sound Velocity [Chen-Millero, m/s]
# name 8 = sbeox0PS: Oxygen, SBE 43 [% saturation]
# name 9 = sbeox0Mg/L: Oxygen, SBE 43 [mg/l]
# name 10 = timeJ: Julian Days
# name 11 = sbeox0ML/L: Oxygen, SBE 43 [ml/l]
# name 12 = prDM: Pressure, Digiquartz [db]
# name 13 = flag:  0.000e+00
# span 0 =      0.743,     81.628                 
# span 1 =     5.5200,     9.9010                 
# span 2 =    25.4169,    33.7952                 
# span 3 =    19.4962,    26.2722                 
# span 4 = 2.0757e-01, 2.7985e+01                 
# span 5 =     0.1249,     0.1273                 
# span 6 =      0.007,      0.018                 
# span 7 =    1467.46,    1483.74                 
# span 8 =     30.607,    126.422                 
# span 9 =     2.8854,    12.9731                 
# span 10 = 113.630394, 113.632900                
# span 11 =     2.0191,     9.0778                
# span 12 =      0.750,     82.419                
# span 13 = 0.0000e+00, 0.0000e+00                
# interval = seconds: 0.0416667
# start_time = Apr 23 2019 15:07:46 [System UpLoad Time]
# bad_flag = -9.990e-29
*END*
[from data line 3304]
     54.284     8.1962    33.6504    26.1848 1.8071e+00     0.1261      0.015    1482.44     51.703     4.8979 113.631987     3.4273     54.806  0.000e+00
     54.295     8.1956    33.6512    26.1856 1.2454e+00     0.1249      0.018    1482.44     51.761     4.9034 113.631987     3.4311     54.817  0.000e+00
     54.320     8.1971    33.6522    26.1862 9.0354e-01     0.1261      0.015    1482.45     51.759     4.9030 113.631988     3.4308     54.842  0.000e+00
     54.344     8.1991    33.6535    26.1869 6.8376e-01     0.1261      0.018    1482.46     51.757     4.9026 113.631988     3.4305     54.867  0.000e+00
     54.357     8.2014    33.6530    26.1861 5.2503e-01     0.1261      0.018    1482.47     51.694     4.8964 113.631989     3.4262     54.880  0.000e+00
     54.393     8.2025    33.6517    26.1849 4.1514e-01     0.1261      0.015    1482.47     51.688     4.8957 113.631989     3.4257     54.916  0.000e+00
     54.402     8.2011    33.6488    26.1829 3.7851e-01     0.1261      0.018    1482.46     51.682     4.8954 113.631990     3.4255     54.926  0.000e+00
     54.428     8.1975    33.6422    26.1782 3.5409e-01     0.1261      0.015    1482.44     51.678     4.8956 113.631990     3.4257     54.952  0.000e+00
     54.453     8.1921    33.6340    26.1726 3.9072e-01     0.1261      0.018    1482.41     51.675     4.8962 113.631991     3.4261     54.977  0.000e+00
     54.464     8.1844    33.6307    26.1712 3.7851e-01     0.1261      0.018    1482.38     51.666     4.8963 113.631991     3.4261     54.988  0.000e+00
     54.489     8.1790    33.6338    26.1744 3.4188e-01     0.1261      0.015    1482.36     51.603     4.8909 113.631992     3.4223     55.013  0.000e+00
     54.498     8.1778    33.6304    26.1719 2.9304e-01     0.1261      0.018    1482.35     51.658     4.8963 113.631992     3.4261     55.023  0.000e+00
     54.537     8.1745    33.6349    26.1759 2.6862e-01     0.1249      0.018    1482.35     51.660     4.8967 113.631993     3.4264     55.062  0.000e+00
     54.549     8.1803    33.6446    26.1827 2.5641e-01     0.1261      0.018    1482.38     51.663     4.8960 113.631993     3.4259     55.074  0.000e+00
     54.598     8.1857    33.6486    26.1850 2.5641e-01     0.1261      0.018    1482.41     51.605     4.8898 113.631994     3.4216     55.123  0.000e+00
     54.585     8.1874    33.6432    26.1805 2.6862e-01     0.1261      0.018    1482.41     51.603     4.8896 113.631994     3.4215     55.110  0.000e+00
     54.619     8.1834    33.6313    26.1718 2.5641e-01     0.1261      0.015    1482.38     51.603     4.8904 113.631995     3.4220     55.144  0.000e+00
     54.633     8.1737    33.6201    26.1644 2.6862e-01     0.1261      0.015    1482.33     51.605     4.8920 113.631995     3.4231     55.159  0.000e+00
     54.658     8.1656    33.6231    26.1680 2.5641e-01     0.1261      0.018    1482.30     51.608     4.8931 113.631996     3.4239     55.184  0.000e+00
     54.680     8.1693    33.6362    26.1777 2.4420e-01     0.1261      0.018    1482.33     51.612     4.8927 113.631996     3.4236     55.207  0.000e+00
     54.705     8.1797    33.6500    26.1870 2.4420e-01     0.1261      0.018    1482.39     51.610     4.8909 113.631997     3.4224     55.231  0.000e+00
     54.728     8.1883    33.6527    26.1879 2.4420e-01     0.1261      0.018    1482.42     51.609     4.8898 113.631997     3.4216     55.254  0.000e+00
     54.742     8.1921    33.6433    26.1799 2.4420e-01     0.1261      0.018    1482.43     51.548     4.8839 113.631997     3.4175     55.269  0.000e+00
     54.765     8.1880    33.6321    26.1717 2.3199e-01     0.1261      0.018    1482.40     51.543     4.8842 113.631998     3.4177     55.292  0.000e+00
     54.778     8.1823    33.6327    26.1730 2.3199e-01     0.1261      0.018    1482.38     51.602     4.8904 113.631998     3.4220     55.305  0.000e+00
     54.812     8.1811    33.6422    26.1807 2.4420e-01     0.1261      0.015    1482.38     51.607     4.8907 113.631999     3.4222     55.339  0.000e+00
     54.838     8.1868    33.6500    26.1860 2.4420e-01     0.1261      0.018    1482.42     51.551     4.8845 113.631999     3.4179     55.366  0.000e+00
     54.838     8.1930    33.6551    26.1891 2.4420e-01     0.1261      0.018    1482.45     51.551     4.8837 113.632000     3.4173     55.366  0.000e+00
     54.885     8.1987    33.6586    26.1909 2.4420e-01     0.1261      0.018    1482.47     51.553     4.8831 113.632000     3.4169     55.413  0.000e+00
     54.884     8.2038    33.6600    26.1913 2.4420e-01     0.1261      0.018    1482.49     51.556     4.8828 113.632001     3.4167     55.412  0.000e+00
     54.910     8.2078    33.6601    26.1907 2.4420e-01     0.1261      0.018    1482.51     51.553     4.8821 113.632001     3.4162     55.438  0.000e+00
     54.945     8.2104    33.6598    26.1901 2.5641e-01     0.1261      0.018    1482.52     51.490     4.8759 113.632002     3.4119     55.474  0.000e+00
     54.958     8.2125    33.6586    26.1889 2.6862e-01     0.1261      0.018    1482.53     51.483     4.8750 113.632002     3.4113     55.487  0.000e+00
     54.980     8.2130    33.6555    26.1864 2.8083e-01     0.1261      0.015    1482.52     51.478     4.8745 113.632003     3.4109     55.509  0.000e+00
     55.006     8.2122    33.6550    26.1861 2.9304e-01     0.1261      0.018    1482.52     51.474     4.8743 113.632003     3.4107     55.535  0.000e+00
     55.030     8.2120    33.6552    26.1862 3.2967e-01     0.1249      0.018    1482.52     51.471     4.8740 113.632004     3.4106     55.559  0.000e+00
     55.043     8.2101    33.6504    26.1828 3.1746e-01     0.1261      0.018    1482.51     51.470     4.8743 113.632004     3.4107     55.573  0.000e+00
     55.064     8.2028    33.6418    26.1771 3.0525e-01     0.1249      0.018    1482.47     51.471     4.8754 113.632005     3.4115     55.594  0.000e+00
     55.090     8.1974    33.6476    26.1825 3.0525e-01     0.1261      0.018    1482.46     51.411     4.8702 113.632005     3.4079     55.620  0.000e+00
     55.103     8.2004    33.6552    26.1880 3.0525e-01     0.1261      0.018    1482.48     51.408     4.8693 113.632006     3.4072     55.633  0.000e+00
     55.139     8.2030    33.6552    26.1876 2.8083e-01     0.1249      0.018    1482.49     51.399     4.8681 113.632006     3.4064     55.669  0.000e+00
     55.149     8.1996    33.6493    26.1835 2.6862e-01     0.1261      0.018    1482.47     51.398     4.8687 113.632007     3.4068     55.679  0.000e+00
     55.188     8.1941    33.6454    26.1812 2.8083e-01     0.1261      0.018    1482.44     51.393     4.8689 113.632007     3.4070     55.719  0.000e+00
     55.199     8.1911    33.6433    26.1801 2.8083e-01     0.1261      0.015    1482.43     51.396     4.8696 113.632008     3.4075     55.730  0.000e+00
     55.223     8.1877    33.6417    26.1793 2.6862e-01     0.1261      0.015    1482.42     51.332     4.8639 113.632008     3.4035     55.755  0.000e+00
     55.245     8.1871    33.6470    26.1835 2.5641e-01     0.1261      0.018    1482.42     51.324     4.8631 113.632009     3.4029     55.776  0.000e+00
     55.259     8.1919    33.6568    26.1905 2.5641e-01     0.1261      0.018    1482.45     51.318     4.8617 113.632009     3.4019     55.791  0.000e+00
     55.284     8.1987    33.6635    26.1948 2.4420e-01     0.1261      0.018    1482.48     51.313     4.8603 113.632010     3.4009     55.816  0.000e+00
     55.305     8.2047    33.6658    26.1957 2.5641e-01     0.1261      0.018    1482.51     51.310     4.8593 113.632010     3.4002     55.837  0.000e+00
     55.331     8.2089    33.6651    26.1945 2.8083e-01     0.1261      0.018    1482.53     51.302     4.8580 113.632011     3.3994     55.863  0.000e+00
     55.355     8.2120    33.6635    26.1928 2.8083e-01     0.1261      0.015    1482.54     51.241     4.8520 113.632011     3.3951     55.888  0.000e+00
     55.355     8.2123    33.6600    26.1900 2.6862e-01     0.1249      0.018    1482.53     51.236     4.8516 113.632011     3.3949     55.888  0.000e+00
     55.401     8.2092    33.6552    26.1867 2.5641e-01     0.1261      0.018    1482.52     51.234     4.8519 113.632012     3.3951     55.934  0.000e+00
     55.404     8.2028    33.6515    26.1847 2.4420e-01     0.1249      0.018    1482.49     51.227     4.8520 113.632012     3.3952     55.937  0.000e+00
     55.440     8.2014    33.6508    26.1844 2.5641e-01     0.1261      0.018    1482.48     51.221     4.8517 113.632013     3.3949     55.973  0.000e+00
     55.449     8.2016    33.6528    26.1860 2.5641e-01     0.1261      0.018    1482.49     51.217     4.8512 113.632013     3.3946     55.983  0.000e+00
     55.464     8.2006    33.6486    26.1828 2.5641e-01     0.1261      0.015    1482.48     51.215     4.8512 113.632014     3.3946     55.998  0.000e+00
     55.488     8.1912    33.6390    26.1766 2.5641e-01     0.1261      0.018    1482.43     51.153     4.8467 113.632014     3.3914     56.022  0.000e+00
     55.511     8.1781    33.6331    26.1740 2.5641e-01     0.1261      0.018    1482.37     51.210     4.8537 113.632015     3.3963     56.045  0.000e+00
     55.534     8.1718    33.6370    26.1780 2.6862e-01     0.1261      0.018    1482.35     51.206     4.8539 113.632015     3.3964     56.068  0.000e+00
     55.549     8.1747    33.6411    26.1808 2.6862e-01     0.1249      0.018    1482.37     51.149     4.8480 113.632016     3.3924     56.083  0.000e+00
     55.573     8.1768    33.6412    26.1806 2.6862e-01     0.1261      0.015    1482.38     51.149     4.8478 113.632016     3.3922     56.108  0.000e+00
     55.581     8.1766    33.6365    26.1768 2.5641e-01     0.1261      0.018    1482.37     51.150     4.8481 113.632017     3.3924     56.116  0.000e+00
     55.609     8.1689    33.6323    26.1747 2.5641e-01     0.1261      0.018    1482.34     51.147     4.8488 113.632017     3.3929     56.144  0.000e+00
     55.633     8.1635    33.6332    26.1763 2.5641e-01     0.1261      0.018    1482.32     51.146     4.8492 113.632018     3.3932     56.168  0.000e+00
     55.654     8.1548    33.6361    26.1798 2.5641e-01     0.1261      0.018    1482.29     51.146     4.8501 113.632018     3.3938     56.190  0.000e+00
     55.669     8.1524    33.6329    26.1777 2.5641e-01     0.1261      0.015    1482.28     51.148     4.8507 113.632019     3.3942     56.205  0.000e+00
     55.693     8.1572    33.6432    26.1851 2.6862e-01     0.1261      0.018    1482.31     51.090     4.8443 113.632019     3.3898     56.229  0.000e+00
     55.701     8.1726    33.6643    26.1993 2.8083e-01     0.1261      0.018    1482.39     51.088     4.8418 113.632020     3.3880     56.237  0.000e+00
     55.716     8.1900    33.6783    26.2076 2.8083e-01     0.1261      0.015    1482.48     51.088     4.8395 113.632020     3.3864     56.252  0.000e+00
     55.753     8.2056    33.6822    26.2084 2.8083e-01     0.1261      0.018    1482.54     51.091     4.8379 113.632021     3.3853     56.290  0.000e+00
     55.762     8.2162    33.6820    26.2067 2.8083e-01     0.1261      0.018    1482.58     51.088     4.8364 113.632021     3.3843     56.298  0.000e+00
     55.776     8.2226    33.6820    26.2057 2.8083e-01     0.1261      0.018    1482.61     51.087     4.8357 113.632022     3.3837     56.313  0.000e+00
     55.801     8.2273    33.6811    26.2043 2.9304e-01     0.1261      0.015    1482.62     51.095     4.8360 113.632022     3.3839     56.338  0.000e+00
     55.810     8.2308    33.6793    26.2024 2.8083e-01     0.1261      0.018    1482.63     51.106     4.8366 113.632023     3.3844     56.347  0.000e+00
     55.836     8.2342    33.6770    26.2000 6.5934e-01     0.1261      0.015    1482.64     51.049     4.8310 113.632023     3.3804     56.374  0.000e+00
     55.861     8.2352    33.6762    26.1993 9.1575e-01     0.1261      0.015    1482.65     51.049     4.8309 113.632024     3.3804     56.398  0.000e+00
     55.870     8.2355    33.6744    26.1979 7.5702e-01     0.1261      0.015    1482.65     51.051     4.8311 113.632024     3.3805     56.408  0.000e+00
     55.885     8.2350    33.6724    26.1963 5.9829e-01     0.1249      0.015    1482.64     51.056     4.8317 113.632024     3.3809     56.423  0.000e+00
     55.909     8.2329    33.6668    26.1923 4.8840e-01     0.1261      0.018    1482.63     51.062     4.8327 113.632025     3.3816     56.448  0.000e+00
     55.931     8.2260    33.6604    26.1882 4.6398e-01     0.1261      0.015    1482.59     51.063     4.8337 113.632025     3.3824     56.469  0.000e+00
     55.958     8.2184    33.6585    26.1879 4.7619e-01     0.1249      0.018    1482.56     51.066     4.8349 113.632026     3.3832     56.497  0.000e+00
     55.958     8.2156    33.6665    26.1946 4.3956e-01     0.1261      0.018    1482.56     51.071     4.8354 113.632026     3.3835     56.497  0.000e+00
     55.979     8.2187    33.6711    26.1977 4.6398e-01     0.1261      0.018    1482.58     51.016     4.8297 113.632027     3.3795     56.518  0.000e+00
     56.005     8.2203    33.6723    26.1984 4.6398e-01     0.1249      0.018    1482.59     51.017     4.8296 113.632027     3.3795     56.544  0.000e+00
     56.018     8.2233    33.6742    26.1995 4.2735e-01     0.1261      0.015    1482.60     51.020     4.8295 113.632028     3.3794     56.558  0.000e+00
     56.040     8.2265    33.6806    26.2040 3.7851e-01     0.1261      0.015    1482.62     51.026     4.8295 113.632028     3.3794     56.579  0.000e+00
     56.066     8.2339    33.6912    26.2112 3.6630e-01     0.1261      0.018    1482.66     51.026     4.8283 113.632029     3.3786     56.605  0.000e+00
     56.066     8.2453    33.6983    26.2151 3.5409e-01     0.1261      0.018    1482.72     51.027     4.8270 113.632029     3.3777     56.605  0.000e+00
     56.111     8.2549    33.7006    26.2155 3.2967e-01     0.1261      0.018    1482.76     51.031     4.8262 113.632030     3.3771     56.651  0.000e+00
     56.114     8.2621    33.7019    26.2154 2.9304e-01     0.1249      0.018    1482.78     51.036     4.8259 113.632030     3.3769     56.654  0.000e+00
     56.126     8.2675    33.7019    26.2146 2.6862e-01     0.1261      0.018    1482.81     50.981     4.8202 113.632031     3.3729     56.666  0.000e+00
     56.171     8.2691    33.6984    26.2116 2.5641e-01     0.1261      0.018    1482.81     50.983     4.8203 113.632031     3.3730     56.712  0.000e+00
     56.186     8.2674    33.6963    26.2102 2.4420e-01     0.1249      0.018    1482.80     50.980     4.8203 113.632032     3.3729     56.727  0.000e+00
     56.183     8.2660    33.6983    26.2119 2.5641e-01     0.1261      0.018    1482.80     50.979     4.8202 113.632032     3.3729     56.723  0.000e+00
     56.222     8.2681    33.7033    26.2156 2.6862e-01     0.1261      0.018    1482.81     50.979     4.8199 113.632033     3.3727     56.763  0.000e+00
     56.246     8.2715    33.7083    26.2190 2.6862e-01     0.1261      0.015    1482.83     50.981     4.8196 113.632033     3.3724     56.787  0.000e+00
     56.256     8.2762    33.7099    26.2195 2.4420e-01     0.1273      0.015    1482.85     50.985     4.8194 113.632034     3.3723     56.797  0.000e+00
     56.282     8.2799    33.7104    26.2194 2.3199e-01     0.1261      0.018    1482.87     50.929     4.8137 113.632034     3.3683     56.823  0.000e+00
     56.295     8.2835    33.7106    26.2190 2.1978e-01     0.1261      0.015    1482.88     50.922     4.8126 113.632035     3.3676     56.837  0.000e+00
     56.327     8.2862    33.7110    26.2189 2.1978e-01     0.1261      0.018    1482.89     50.917     4.8118 113.632035     3.3670     56.869  0.000e+00
     56.344     8.2881    33.7114    26.2189 2.1978e-01     0.1261      0.018    1482.90     50.914     4.8113 113.632036     3.3667     56.886  0.000e+00
