Ep1_200519_down.cnv
* Sea-Bird SBE 9 Data File:
* FileName = C:\CTD Brukere\NIVA\IO2019\20190520\Ep1_200519.hex
* Software Version Seasave V 7.23.2
* Temperature SN = 5352
* Conductivity SN = 3840
* Number of Bytes Per Scan = 28
* Number of Voltage Words = 4
* Number of Scans Averaged by the Deck Unit = 1
* NMEA baud rate = 4800
** Ship: R/V Trygve Braarud
** Cruise:
** Station:
** Operator:
# nquan = 14
# nvalues = 7051                                  
# units = specified
# name 0 = depSM: Depth [salt water, m], lat = 59.60
# name 1 = t090C: Temperature [ITS-90, deg C]
# name 2 = sal00: Salinity, Practical [PSU]
# name 3 = sigma-t00: Density [sigma-t, kg/m^3 ]
# name 4 = flSP: Fluorescence, Seapoint
# name 5 = wetStar: Fluorescence, WET Labs WETstar [mg/m^3]
# name 6 = seaTurbMtr: Turbidity, Seapoint [FTU]
# name 7 = svCM: Sound Velocity [Chen-Millero, m/s]
# name 8 = sbeox0PS: Oxygen, SBE 43 [% saturation]
# name 9 = sbeox0Mg/L: Oxygen, SBE 43 [mg/l]
# name 10 = timeJ: Julian Days
# name 11 = sbeox0ML/L: Oxygen, SBE 43 [ml/l]
# name 12 = prDM: Pressure, Digiquartz [db]
# name 13 = flag:  0.000e+00
# span 0 =     -0.029,    149.857                 
# span 1 =     5.6756,    13.5223                 
# span 2 =    25.5282,    33.6049                 
# span 3 =    18.9732,    26.1104                 
# span 4 = 1.5873e-01, 4.3712e+00                 
# span 5 =     0.1237,     0.1261                 
# span 6 =      0.007,      0.018                 
# span 7 =    1468.12,    1490.99                 
# span 8 =     39.010,     99.328                 
# span 9 =     3.6753,     9.8375                 
# span 10 = 140.434988, 140.438388                
# span 11 =     2.5717,     6.8837                
# span 12 =     -0.029,    151.334                
# span 13 = 0.0000e+00, 0.0000e+00                
# interval = seconds: 0.0416667
# start_time = May 20 2019 10:26:23 [System UpLoad Time]
# bad_flag = -9.990e-29
*END*
[from data line 4439]
     97.832     8.4929    33.5819    26.0864 1.5873e-01     0.1249      0.015    1484.19     47.750     4.4954 140.437129     3.1456     98.784  0.000e+00
     97.854     8.4930    33.5823    26.0866 1.5873e-01     0.1249      0.018    1484.20     47.751     4.4955 140.437130     3.1457     98.805  0.000e+00
     97.868     8.4929    33.5823    26.0867 1.5873e-01     0.1249      0.018    1484.20     47.753     4.4957 140.437130     3.1458     98.820  0.000e+00
     97.902     8.4930    33.5820    26.0865 1.5873e-01     0.1261      0.015    1484.20     47.755     4.4959 140.437131     3.1459     98.855  0.000e+00
     97.917     8.4927    33.5826    26.0870 1.5873e-01     0.1249      0.018    1484.20     47.757     4.4961 140.437131     3.1461     98.870  0.000e+00
     97.950     8.4930    33.5824    26.0867 1.5873e-01     0.1249      0.018    1484.20     47.760     4.4963 140.437132     3.1463     98.903  0.000e+00
     97.966     8.4930    33.5826    26.0869 1.5873e-01     0.1249      0.018    1484.20     47.762     4.4966 140.437132     3.1464     98.919  0.000e+00
     97.987     8.4929    33.5826    26.0869 1.7094e-01     0.1249      0.018    1484.20     47.765     4.4969 140.437133     3.1467     98.941  0.000e+00
     98.013     8.4929    33.5822    26.0866 1.5873e-01     0.1261      0.018    1484.20     47.769     4.4972 140.437133     3.1469     98.967  0.000e+00
     98.012     8.4930    33.5820    26.0864 1.5873e-01     0.1249      0.018    1484.20     47.772     4.4975 140.437133     3.1471     98.965  0.000e+00
     98.087     8.4930    33.5819    26.0864 1.5873e-01     0.1261      0.018    1484.20     47.777     4.4980 140.437134     3.1474     99.041  0.000e+00
     98.075     8.4930    33.5820    26.0864 1.5873e-01     0.1249      0.015    1484.20     47.781     4.4983 140.437134     3.1477     99.029  0.000e+00
     98.108     8.4929    33.5823    26.0867 1.5873e-01     0.1249      0.018    1484.20     47.786     4.4988 140.437135     3.1480     99.062  0.000e+00
     98.136     8.4928    33.5825    26.0869 1.5873e-01     0.1261      0.018    1484.20     47.791     4.4993 140.437135     3.1483     99.090  0.000e+00
     98.144     8.4927    33.5826    26.0870 1.7094e-01     0.1249      0.018    1484.20     47.796     4.4997 140.437136     3.1487     99.099  0.000e+00
     98.183     8.4925    33.5830    26.0873 1.7094e-01     0.1249      0.015    1484.20     47.801     4.5003 140.437136     3.1490     99.138  0.000e+00
     98.204     8.4929    33.5828    26.0870 1.5873e-01     0.1249      0.018    1484.20     47.807     4.5008 140.437137     3.1494     99.160  0.000e+00
     98.221     8.4927    33.5829    26.0872 1.5873e-01     0.1249      0.018    1484.20     47.806     4.5007 140.437137     3.1493     99.176  0.000e+00
     98.256     8.4929    33.5827    26.0870 1.5873e-01     0.1249      0.018    1484.20     47.812     4.5013 140.437138     3.1497     99.212  0.000e+00
     98.278     8.4930    33.5823    26.0867 1.5873e-01     0.1261      0.015    1484.20     47.811     4.5012 140.437138     3.1496     99.234  0.000e+00
     98.292     8.4930    33.5824    26.0868 1.5873e-01     0.1261      0.015    1484.20     47.817     4.5017 140.437139     3.1501     99.249  0.000e+00
     98.327     8.4927    33.5826    26.0870 1.7094e-01     0.1261      0.018    1484.20     47.824     4.5024 140.437139     3.1505     99.283  0.000e+00
     98.341     8.4927    33.5831    26.0873 1.7094e-01     0.1261      0.018    1484.20     47.824     4.5024 140.437140     3.1505     99.298  0.000e+00
     98.374     8.4925    33.5828    26.0871 1.5873e-01     0.1249      0.018    1484.20     47.823     4.5023 140.437140     3.1505     99.331  0.000e+00
     98.402     8.4922    33.5831    26.0874 1.5873e-01     0.1261      0.018    1484.20     47.823     4.5023 140.437141     3.1505     99.359  0.000e+00
     98.426     8.4925    33.5830    26.0873 1.5873e-01     0.1261      0.018    1484.20     47.822     4.5023 140.437141     3.1504     99.384  0.000e+00
     98.436     8.4925    33.5832    26.0874 1.5873e-01     0.1249      0.018    1484.20     47.829     4.5029 140.437142     3.1509     99.394  0.000e+00
     98.475     8.4924    33.5829    26.0872 1.5873e-01     0.1249      0.018    1484.20     47.829     4.5029 140.437142     3.1509     99.433  0.000e+00
     98.496     8.4924    33.5830    26.0873 1.5873e-01     0.1249      0.015    1484.20     47.829     4.5029 140.437143     3.1509     99.455  0.000e+00
     98.511     8.4922    33.5832    26.0875 1.5873e-01     0.1249      0.015    1484.20     47.829     4.5029 140.437143     3.1509     99.469  0.000e+00
     98.535     8.4925    33.5827    26.0870 1.5873e-01     0.1249      0.015    1484.21     47.829     4.5029 140.437144     3.1508     99.494  0.000e+00
     98.568     8.4925    33.5828    26.0871 1.5873e-01     0.1261      0.015    1484.21     47.836     4.5036 140.437144     3.1513     99.527  0.000e+00
     98.596     8.4924    33.5830    26.0873 1.5873e-01     0.1249      0.018    1484.21     47.836     4.5036 140.437145     3.1513     99.555  0.000e+00
     98.617     8.4925    33.5829    26.0872 1.5873e-01     0.1249      0.018    1484.21     47.836     4.5036 140.437145     3.1513     99.577  0.000e+00
     98.632     8.4922    33.5832    26.0875 1.5873e-01     0.1249      0.015    1484.21     47.774     4.4978 140.437146     3.1473     99.591  0.000e+00
     98.668     8.4924    33.5827    26.0871 1.5873e-01     0.1249      0.018    1484.21     47.830     4.5030 140.437146     3.1509     99.628  0.000e+00
     98.690     8.4922    33.5830    26.0873 1.5873e-01     0.1261      0.015    1484.21     47.768     4.4972 140.437147     3.1469     99.651  0.000e+00
     98.717     8.4919    33.5832    26.0875 1.5873e-01     0.1249      0.015    1484.21     47.762     4.4966 140.437147     3.1465     99.677  0.000e+00
     98.726     8.4917    33.5835    26.0878 1.5873e-01     0.1249      0.018    1484.21     47.756     4.4960 140.437147     3.1461     99.687  0.000e+00
     98.777     8.4919    33.5832    26.0875 1.5873e-01     0.1249      0.018    1484.21     47.812     4.5013 140.437148     3.1498     99.738  0.000e+00
     98.790     8.4917    33.5832    26.0876 1.5873e-01     0.1249      0.018    1484.21     47.813     4.5015 140.437148     3.1499     99.751  0.000e+00
     98.811     8.4914    33.5838    26.0881 1.5873e-01     0.1249      0.015    1484.21     47.815     4.5016 140.437149     3.1500     99.773  0.000e+00
     98.837     8.4917    33.5833    26.0876 1.5873e-01     0.1249      0.018    1484.21     47.816     4.5017 140.437149     3.1500     99.799  0.000e+00
     98.850     8.4916    33.5835    26.0879 1.5873e-01     0.1249      0.018    1484.21     47.817     4.5019 140.437150     3.1501     99.812  0.000e+00
     98.885     8.4915    33.5837    26.0880 1.5873e-01     0.1249      0.015    1484.21     47.819     4.5020 140.437150     3.1502     99.847  0.000e+00
     98.922     8.4919    33.5831    26.0875 1.5873e-01     0.1261      0.018    1484.21     47.820     4.5021 140.437151     3.1503     99.885  0.000e+00
     98.945     8.4919    33.5830    26.0874 1.5873e-01     0.1249      0.018    1484.21     47.821     4.5022 140.437151     3.1504     99.908  0.000e+00
     98.971     8.4917    33.5833    26.0877 1.5873e-01     0.1249      0.018    1484.21     47.823     4.5024 140.437152     3.1505     99.934  0.000e+00
     98.983     8.4917    33.5832    26.0876 1.5873e-01     0.1261      0.018    1484.21     47.762     4.4967 140.437152     3.1465     99.946  0.000e+00
     99.017     8.4917    33.5833    26.0877 1.7094e-01     0.1249      0.015    1484.21     47.819     4.5020 140.437153     3.1502     99.980  0.000e+00
     99.045     8.4917    33.5836    26.0879 1.7094e-01     0.1261      0.018    1484.21     47.758     4.4963 140.437153     3.1462    100.008  0.000e+00
     99.045     8.4916    33.5834    26.0877 1.5873e-01     0.1249      0.018    1484.21     47.815     4.5016 140.437154     3.1500    100.008  0.000e+00
     99.090     8.4917    33.5833    26.0876 1.5873e-01     0.1261      0.018    1484.21     47.817     4.5018 140.437154     3.1501    100.054  0.000e+00
     99.105     8.4914    33.5835    26.0878 1.5873e-01     0.1249      0.015    1484.21     47.819     4.5020 140.437155     3.1503    100.069  0.000e+00
     99.152     8.4917    33.5833    26.0876 1.5873e-01     0.1249      0.018    1484.21     47.821     4.5022 140.437155     3.1504    100.117  0.000e+00
     99.162     8.4914    33.5835    26.0878 1.5873e-01     0.1261      0.015    1484.21     47.823     4.5024 140.437156     3.1505    100.127  0.000e+00
     99.177     8.4917    33.5833    26.0876 1.5873e-01     0.1249      0.018    1484.21     47.825     4.5025 140.437156     3.1506    100.142  0.000e+00
     99.214     8.4916    33.5832    26.0876 1.5873e-01     0.1249      0.018    1484.21     47.827     4.5028 140.437157     3.1508    100.180  0.000e+00
     99.235     8.4916    33.5839    26.0881 1.5873e-01     0.1249      0.018    1484.22     47.829     4.5029 140.437157     3.1509    100.201  0.000e+00
     99.262     8.4916    33.5836    26.0879 1.7094e-01     0.1261      0.015    1484.22     47.831     4.5031 140.437158     3.1510    100.227  0.000e+00
     99.286     8.4914    33.5839    26.0881 1.7094e-01     0.1249      0.018    1484.22     47.833     4.5033 140.437158     3.1511    100.252  0.000e+00
     99.309     8.4914    33.5837    26.0880 1.7094e-01     0.1261      0.018    1484.22     47.834     4.5035 140.437159     3.1513    100.275  0.000e+00
     99.346     8.4914    33.5838    26.0881 1.5873e-01     0.1249      0.018    1484.22     47.836     4.5037 140.437159     3.1514    100.313  0.000e+00
     99.359     8.4916    33.5836    26.0879 1.5873e-01     0.1249      0.018    1484.22     47.838     4.5038 140.437160     3.1515    100.326  0.000e+00
     99.381     8.4914    33.5836    26.0880 1.5873e-01     0.1249      0.015    1484.22     47.840     4.5040 140.437160     3.1517    100.348  0.000e+00
     99.420     8.4916    33.5836    26.0879 1.5873e-01     0.1249      0.015    1484.22     47.842     4.5042 140.437160     3.1518    100.387  0.000e+00
     99.431     8.4916    33.5835    26.0878 1.5873e-01     0.1249      0.018    1484.22     47.782     4.4986 140.437161     3.1478    100.399  0.000e+00
     99.465     8.4916    33.5836    26.0879 1.5873e-01     0.1249      0.018    1484.22     47.839     4.5039 140.437161     3.1516    100.433  0.000e+00
     99.492     8.4914    33.5842    26.0884 1.5873e-01     0.1249      0.018    1484.22     47.842     4.5041 140.437162     3.1517    100.460  0.000e+00
     99.505     8.4916    33.5835    26.0878 1.5873e-01     0.1249      0.018    1484.22     47.844     4.5044 140.437162     3.1519    100.473  0.000e+00
     99.541     8.4913    33.5839    26.0882 1.5873e-01     0.1261      0.015    1484.22     47.846     4.5046 140.437163     3.1521    100.509  0.000e+00
     99.563     8.4913    33.5840    26.0883 1.5873e-01     0.1249      0.015    1484.22     47.786     4.4990 140.437163     3.1481    100.532  0.000e+00
     99.576     8.4911    33.5843    26.0886 1.5873e-01     0.1249      0.015    1484.22     47.844     4.5044 140.437164     3.1519    100.546  0.000e+00
     99.601     8.4913    33.5840    26.0883 1.5873e-01     0.1249      0.018    1484.22     47.846     4.5046 140.437164     3.1521    100.570  0.000e+00
     99.635     8.4914    33.5838    26.0881 1.5873e-01     0.1249      0.018    1484.22     47.849     4.5048 140.437165     3.1522    100.605  0.000e+00
     99.661     8.4913    33.5844    26.0886 1.5873e-01     0.1249      0.018    1484.22     47.851     4.5051 140.437165     3.1524    100.631  0.000e+00
     99.699     8.4913    33.5841    26.0883 1.5873e-01     0.1249      0.018    1484.22     47.854     4.5053 140.437166     3.1526    100.669  0.000e+00
     99.709     8.4914    33.5838    26.0881 1.5873e-01     0.1261      0.018    1484.22     47.794     4.4997 140.437166     3.1486    100.679  0.000e+00
     99.735     8.4916    33.5838    26.0881 1.5873e-01     0.1249      0.018    1484.22     47.790     4.4993 140.437167     3.1483    100.705  0.000e+00
     99.771     8.4916    33.5839    26.0881 1.5873e-01     0.1249      0.015    1484.22     47.848     4.5047 140.437167     3.1522    100.742  0.000e+00
     99.784     8.4914    33.5841    26.0883 1.5873e-01     0.1249      0.015    1484.22     47.789     4.4992 140.437168     3.1483    100.755  0.000e+00
     99.818     8.4913    33.5842    26.0884 1.5873e-01     0.1249      0.018    1484.22     47.785     4.4989 140.437168     3.1481    100.789  0.000e+00
     99.831     8.4914    33.5841    26.0883 1.5873e-01     0.1249      0.018    1484.22     47.782     4.4985 140.437169     3.1478    100.803  0.000e+00
     99.869     8.4913    33.5842    26.0884 1.5873e-01     0.1249      0.018    1484.22     47.771     4.4976 140.437169     3.1471    100.840  0.000e+00
     99.880     8.4916    33.5838    26.0881 1.7094e-01     0.1261      0.015    1484.23     47.768     4.4972 140.437170     3.1469    100.852  0.000e+00
     99.914     8.4914    33.5843    26.0885 1.5873e-01     0.1249      0.018    1484.23     47.758     4.4963 140.437170     3.1462    100.887  0.000e+00
     99.929     8.4916    33.5842    26.0883 1.5873e-01     0.1249      0.018    1484.23     47.748     4.4953 140.437171     3.1455    100.901  0.000e+00
     99.976     8.4917    33.5837    26.0880 1.5873e-01     0.1249      0.018    1484.23     47.737     4.4943 140.437171     3.1449    100.949  0.000e+00
     99.975     8.4917    33.5837    26.0879 1.5873e-01     0.1249      0.018    1484.23     47.734     4.4940 140.437172     3.1447    100.948  0.000e+00
    100.001     8.4916    33.5840    26.0882 1.5873e-01     0.1249      0.018    1484.23     47.732     4.4938 140.437172     3.1445    100.974  0.000e+00
    100.038     8.4919    33.5838    26.0880 1.5873e-01     0.1261      0.015    1484.23     47.730     4.4936 140.437173     3.1443    101.012  0.000e+00
    100.061     8.4917    33.5838    26.0880 1.5873e-01     0.1249      0.018    1484.23     47.728     4.4934 140.437173     3.1442    101.035  0.000e+00
    100.059     8.4917    33.5841    26.0883 1.5873e-01     0.1261      0.015    1484.23     47.726     4.4932 140.437174     3.1441    101.033  0.000e+00
    100.110     8.4917    33.5840    26.0882 1.5873e-01     0.1249      0.018    1484.23     47.663     4.4873 140.437174     3.1399    101.084  0.000e+00
    100.123     8.4916    33.5843    26.0884 1.5873e-01     0.1249      0.018    1484.23     47.717     4.4924 140.437174     3.1435    101.098  0.000e+00
    100.159     8.4919    33.5838    26.0880 1.5873e-01     0.1249      0.018    1484.23     47.716     4.4923 140.437175     3.1435    101.134  0.000e+00
    100.170     8.4914    33.5847    26.0888 1.5873e-01     0.1249      0.018    1484.23     47.716     4.4923 140.437175     3.1435    101.145  0.000e+00
    100.206     8.4916    33.5847    26.0888 1.5873e-01     0.1249      0.018    1484.23     47.709     4.4916 140.437176     3.1430    101.182  0.000e+00
    100.219     8.4917    33.5845    26.0886 1.5873e-01     0.1261      0.018    1484.23     47.709     4.4916 140.437176     3.1430    101.195  0.000e+00
    100.255     8.4916    33.5847    26.0887 1.5873e-01     0.1249      0.015    1484.23     47.640     4.4851 140.437177     3.1384    101.231  0.000e+00
    100.268     8.4916    33.5846    26.0887 1.5873e-01     0.1249      0.015    1484.23     47.695     4.4904 140.437177     3.1421    101.244  0.000e+00
    100.303     8.4916    33.5846    26.0887 1.7094e-01     0.1249      0.018    1484.23     47.635     4.4846 140.437178     3.1381    101.279  0.000e+00
