Ep1_200519_down.cnv
* Sea-Bird SBE 9 Data File:
* FileName = C:\CTD Brukere\NIVA\IO2019\20190520\Ep1_200519.hex
* Software Version Seasave V 7.23.2
* Temperature SN = 5352
* Conductivity SN = 3840
* Number of Bytes Per Scan = 28
* Number of Voltage Words = 4
* Number of Scans Averaged by the Deck Unit = 1
* NMEA baud rate = 4800
** Ship: R/V Trygve Braarud
** Cruise:
** Station:
** Operator:
# nquan = 14
# nvalues = 7051                                  
# units = specified
# name 0 = depSM: Depth [salt water, m], lat = 59.60
# name 1 = t090C: Temperature [ITS-90, deg C]
# name 2 = sal00: Salinity, Practical [PSU]
# name 3 = sigma-t00: Density [sigma-t, kg/m^3 ]
# name 4 = flSP: Fluorescence, Seapoint
# name 5 = wetStar: Fluorescence, WET Labs WETstar [mg/m^3]
# name 6 = seaTurbMtr: Turbidity, Seapoint [FTU]
# name 7 = svCM: Sound Velocity [Chen-Millero, m/s]
# name 8 = sbeox0PS: Oxygen, SBE 43 [% saturation]
# name 9 = sbeox0Mg/L: Oxygen, SBE 43 [mg/l]
# name 10 = timeJ: Julian Days
# name 11 = sbeox0ML/L: Oxygen, SBE 43 [ml/l]
# name 12 = prDM: Pressure, Digiquartz [db]
# name 13 = flag:  0.000e+00
# span 0 =     -0.029,    149.857                 
# span 1 =     5.6756,    13.5223                 
# span 2 =    25.5282,    33.6049                 
# span 3 =    18.9732,    26.1104                 
# span 4 = 1.5873e-01, 4.3712e+00                 
# span 5 =     0.1237,     0.1261                 
# span 6 =      0.007,      0.018                 
# span 7 =    1468.12,    1490.99                 
# span 8 =     39.010,     99.328                 
# span 9 =     3.6753,     9.8375                 
# span 10 = 140.434988, 140.438388                
# span 11 =     2.5717,     6.8837                
# span 12 =     -0.029,    151.334                
# span 13 = 0.0000e+00, 0.0000e+00                
# interval = seconds: 0.0416667
# start_time = May 20 2019 10:26:23 [System UpLoad Time]
# bad_flag = -9.990e-29
*END*
[from data line 3097]
     64.617     8.5410    33.5284    26.0371 1.7094e-01     0.1249      0.015    1483.76     49.260     4.6342 140.436482     3.2427     65.240  0.000e+00
     64.649     8.5407    33.5290    26.0376 1.7094e-01     0.1261      0.015    1483.76     49.258     4.6341 140.436482     3.2427     65.273  0.000e+00
     64.661     8.5409    33.5291    26.0376 1.5873e-01     0.1249      0.015    1483.76     49.256     4.6339 140.436483     3.2425     65.284  0.000e+00
     64.685     8.5409    33.5289    26.0375 1.5873e-01     0.1249      0.018    1483.76     49.254     4.6337 140.436483     3.2424     65.309  0.000e+00
     64.721     8.5412    33.5286    26.0372 1.5873e-01     0.1249      0.015    1483.76     49.252     4.6334 140.436484     3.2422     65.345  0.000e+00
     64.737     8.5410    33.5284    26.0371 1.5873e-01     0.1249      0.015    1483.76     49.249     4.6332 140.436484     3.2420     65.362  0.000e+00
     64.770     8.5413    33.5285    26.0371 1.7094e-01     0.1261      0.015    1483.76     49.246     4.6328 140.436485     3.2418     65.395  0.000e+00
     64.770     8.5417    33.5292    26.0376 1.7094e-01     0.1261      0.018    1483.76     49.242     4.6325 140.436485     3.2415     65.395  0.000e+00
     64.819     8.5422    33.5295    26.0378 1.5873e-01     0.1261      0.018    1483.77     49.239     4.6321 140.436486     3.2412     65.444  0.000e+00
     64.822     8.5421    33.5302    26.0383 1.7094e-01     0.1249      0.015    1483.77     49.234     4.6317 140.436486     3.2410     65.447  0.000e+00
     64.854     8.5425    33.5299    26.0381 1.7094e-01     0.1261      0.015    1483.77     49.238     4.6319 140.436487     3.2412     65.480  0.000e+00
     64.890     8.5428    33.5301    26.0382 1.7094e-01     0.1249      0.015    1483.77     49.233     4.6315 140.436487     3.2408     65.516  0.000e+00
     64.903     8.5431    33.5292    26.0374 1.7094e-01     0.1249      0.015    1483.77     49.229     4.6310 140.436488     3.2405     65.529  0.000e+00
     64.926     8.5433    33.5281    26.0365 1.7094e-01     0.1261      0.018    1483.77     49.170     4.6255 140.436488     3.2367     65.552  0.000e+00
     64.942     8.5431    33.5280    26.0365 1.7094e-01     0.1249      0.018    1483.77     49.227     4.6309 140.436489     3.2404     65.569  0.000e+00
     64.986     8.5435    33.5296    26.0377 1.7094e-01     0.1249      0.015    1483.77     49.222     4.6304 140.436489     3.2401     65.613  0.000e+00
     64.999     8.5441    33.5309    26.0386 1.7094e-01     0.1249      0.018    1483.78     49.218     4.6298 140.436490     3.2397     65.626  0.000e+00
     65.035     8.5442    33.5311    26.0387 1.7094e-01     0.1261      0.018    1483.78     49.220     4.6300 140.436490     3.2398     65.662  0.000e+00
     65.050     8.5446    33.5311    26.0387 1.7094e-01     0.1249      0.018    1483.78     49.215     4.6295 140.436491     3.2395     65.677  0.000e+00
     65.084     8.5446    33.5319    26.0393 1.7094e-01     0.1249      0.015    1483.78     49.209     4.6290 140.436491     3.2391     65.712  0.000e+00
     65.108     8.5452    33.5318    26.0391 1.7094e-01     0.1249      0.015    1483.79     49.149     4.6233 140.436492     3.2351     65.736  0.000e+00
     65.131     8.5451    33.5323    26.0396 1.7094e-01     0.1249      0.015    1483.79     49.144     4.6228 140.436492     3.2347     65.759  0.000e+00
     65.146     8.5453    33.5326    26.0397 1.7094e-01     0.1261      0.018    1483.79     49.201     4.6281 140.436493     3.2385     65.774  0.000e+00
     65.191     8.5454    33.5327    26.0398 1.5873e-01     0.1249      0.018    1483.79     49.196     4.6276 140.436493     3.2381     65.820  0.000e+00
     65.204     8.5454    33.5328    26.0399 1.7094e-01     0.1261      0.018    1483.79     49.198     4.6278 140.436494     3.2382     65.833  0.000e+00
     65.230     8.5455    33.5336    26.0405 1.7094e-01     0.1249      0.018    1483.79     49.138     4.6221 140.436494     3.2343     65.859  0.000e+00
     65.264     8.5455    33.5334    26.0403 1.5873e-01     0.1249      0.018    1483.79     49.195     4.6275 140.436495     3.2380     65.894  0.000e+00
     65.264     8.5457    33.5333    26.0402 1.7094e-01     0.1249      0.018    1483.79     49.197     4.6276 140.436495     3.2382     65.894  0.000e+00
     65.313     8.5460    33.5333    26.0402 1.7094e-01     0.1249      0.018    1483.79     49.199     4.6278 140.436495     3.2383     65.943  0.000e+00
     65.339     8.5460    33.5334    26.0403 1.7094e-01     0.1261      0.018    1483.79     49.201     4.6280 140.436496     3.2384     65.970  0.000e+00
     65.349     8.5461    33.5335    26.0403 1.7094e-01     0.1249      0.015    1483.79     49.203     4.6282 140.436496     3.2386     65.979  0.000e+00
     65.396     8.5460    33.5340    26.0407 1.7094e-01     0.1261      0.018    1483.80     49.206     4.6284 140.436497     3.2387     66.027  0.000e+00
     65.399     8.5463    33.5338    26.0405 1.7094e-01     0.1249      0.018    1483.80     49.208     4.6286 140.436497     3.2388     66.030  0.000e+00
     65.445     8.5463    33.5335    26.0403 1.7094e-01     0.1249      0.015    1483.80     49.210     4.6288 140.436498     3.2390     66.076  0.000e+00
     65.469     8.5461    33.5323    26.0394 1.7094e-01     0.1249      0.018    1483.80     49.151     4.6233 140.436498     3.2351     66.101  0.000e+00
     65.494     8.5459    33.5319    26.0391 1.7094e-01     0.1249      0.018    1483.79     49.208     4.6287 140.436499     3.2389     66.126  0.000e+00
     65.508     8.5460    33.5321    26.0392 1.7094e-01     0.1249      0.018    1483.80     49.210     4.6289 140.436499     3.2391     66.140  0.000e+00
     65.541     8.5460    33.5341    26.0408 1.7094e-01     0.1249      0.018    1483.80     49.213     4.6291 140.436500     3.2392     66.173  0.000e+00
     65.578     8.5461    33.5346    26.0412 1.7094e-01     0.1261      0.018    1483.80     49.216     4.6293 140.436500     3.2393     66.211  0.000e+00
     65.591     8.5463    33.5349    26.0413 1.7094e-01     0.1261      0.018    1483.80     49.218     4.6295 140.436501     3.2395     66.224  0.000e+00
     65.614     8.5462    33.5349    26.0414 1.5873e-01     0.1249      0.018    1483.80     49.220     4.6298 140.436501     3.2396     66.247  0.000e+00
     65.650     8.5465    33.5346    26.0411 1.7094e-01     0.1249      0.018    1483.80     49.223     4.6300 140.436502     3.2398     66.283  0.000e+00
     65.665     8.5461    33.5357    26.0420 1.7094e-01     0.1249      0.018    1483.80     49.226     4.6302 140.436502     3.2400     66.298  0.000e+00
     65.699     8.5462    33.5355    26.0419 1.7094e-01     0.1249      0.018    1483.80     49.221     4.6298 140.436503     3.2397     66.333  0.000e+00
     65.723     8.5462    33.5359    26.0422 1.7094e-01     0.1249      0.015    1483.80     49.223     4.6300 140.436503     3.2398     66.357  0.000e+00
     65.723     8.5462    33.5359    26.0422 1.7094e-01     0.1249      0.015    1483.80     49.225     4.6302 140.436504     3.2399     66.357  0.000e+00
     65.785     8.5462    33.5362    26.0424 1.7094e-01     0.1249      0.018    1483.81     49.220     4.6297 140.436504     3.2396     66.420  0.000e+00
     65.795     8.5463    33.5355    26.0419 1.7094e-01     0.1249      0.018    1483.81     49.215     4.6292 140.436505     3.2392     66.430  0.000e+00
     65.819     8.5460    33.5352    26.0417 1.7094e-01     0.1249      0.018    1483.80     49.216     4.6294 140.436505     3.2394     66.454  0.000e+00
     65.845     8.5460    33.5346    26.0412 1.7094e-01     0.1249      0.018    1483.80     49.218     4.6296 140.436506     3.2395     66.481  0.000e+00
     65.868     8.5460    33.5337    26.0405 1.5873e-01     0.1249      0.018    1483.80     49.219     4.6297 140.436506     3.2396     66.504  0.000e+00
     65.891     8.5455    33.5347    26.0414 1.7094e-01     0.1249      0.015    1483.80     49.221     4.6299 140.436507     3.2397     66.527  0.000e+00
     65.930     8.5454    33.5351    26.0417 1.7094e-01     0.1261      0.015    1483.80     49.223     4.6301 140.436507     3.2399     66.566  0.000e+00
     65.951     8.5455    33.5354    26.0419 1.7094e-01     0.1249      0.015    1483.81     49.224     4.6302 140.436508     3.2399     66.587  0.000e+00
     65.977     8.5452    33.5364    26.0427 1.5873e-01     0.1249      0.015    1483.81     49.226     4.6304 140.436508     3.2401     66.614  0.000e+00
     65.988     8.5453    33.5365    26.0428 1.7094e-01     0.1249      0.018    1483.81     49.228     4.6305 140.436508     3.2401     66.625  0.000e+00
     66.024     8.5451    33.5367    26.0430 1.7094e-01     0.1249      0.015    1483.81     49.229     4.6307 140.436509     3.2403     66.661  0.000e+00
     66.037     8.5452    33.5370    26.0432 1.5873e-01     0.1261      0.015    1483.81     49.231     4.6308 140.436509     3.2404     66.674  0.000e+00
     66.060     8.5449    33.5372    26.0434 1.7094e-01     0.1249      0.015    1483.81     49.233     4.6310 140.436510     3.2405     66.697  0.000e+00
     66.096     8.5447    33.5372    26.0434 1.7094e-01     0.1249      0.015    1483.81     49.234     4.6312 140.436510     3.2406     66.734  0.000e+00
     66.122     8.5446    33.5374    26.0436 1.7094e-01     0.1249      0.015    1483.81     49.236     4.6313 140.436511     3.2407     66.760  0.000e+00
     66.133     8.5451    33.5370    26.0432 1.7094e-01     0.1261      0.015    1483.81     49.237     4.6314 140.436511     3.2408     66.771  0.000e+00
     66.169     8.5448    33.5373    26.0435 1.7094e-01     0.1249      0.018    1483.81     49.232     4.6309 140.436512     3.2404     66.808  0.000e+00
     66.206     8.5446    33.5372    26.0434 1.7094e-01     0.1261      0.015    1483.81     49.233     4.6311 140.436512     3.2406     66.845  0.000e+00
     66.205     8.5449    33.5365    26.0429 1.7094e-01     0.1249      0.015    1483.81     49.296     4.6370 140.436513     3.2447     66.844  0.000e+00
     66.229     8.5446    33.5369    26.0432 1.7094e-01     0.1249      0.015    1483.81     49.242     4.6320 140.436513     3.2412     66.868  0.000e+00
     66.267     8.5446    33.5370    26.0433 1.7094e-01     0.1249      0.015    1483.81     49.244     4.6321 140.436514     3.2412     66.906  0.000e+00
     66.278     8.5446    33.5373    26.0436 1.7094e-01     0.1249      0.015    1483.81     49.306     4.6379 140.436514     3.2454     66.918  0.000e+00
     66.302     8.5448    33.5372    26.0434 1.5873e-01     0.1249      0.018    1483.81     49.314     4.6387 140.436515     3.2459     66.942  0.000e+00
     66.325     8.5446    33.5378    26.0439 1.7094e-01     0.1261      0.015    1483.81     49.314     4.6387 140.436515     3.2459     66.965  0.000e+00
     66.361     8.5446    33.5380    26.0440 1.5873e-01     0.1249      0.018    1483.81     49.314     4.6386 140.436516     3.2458     67.001  0.000e+00
     66.387     8.5448    33.5378    26.0439 1.7094e-01     0.1261      0.015    1483.81     49.259     4.6334 140.436516     3.2422     67.028  0.000e+00
     66.398     8.5447    33.5376    26.0437 1.7094e-01     0.1249      0.015    1483.81     49.319     4.6392 140.436517     3.2462     67.039  0.000e+00
     66.424     8.5444    33.5368    26.0432 1.7094e-01     0.1249      0.015    1483.81     49.325     4.6398 140.436517     3.2466     67.065  0.000e+00
     66.434     8.5444    33.5372    26.0435 1.7094e-01     0.1249      0.015    1483.81     49.324     4.6396 140.436518     3.2465     67.075  0.000e+00
     66.470     8.5446    33.5380    26.0441 1.7094e-01     0.1249      0.018    1483.81     49.329     4.6401 140.436518     3.2468     67.111  0.000e+00
     66.496     8.5444    33.5384    26.0444 1.7094e-01     0.1249      0.018    1483.81     49.334     4.6405 140.436519     3.2472     67.138  0.000e+00
     66.530     8.5446    33.5384    26.0444 1.7094e-01     0.1261      0.018    1483.81     49.339     4.6409 140.436519     3.2475     67.172  0.000e+00
     66.519     8.5446    33.5388    26.0447 1.7094e-01     0.1261      0.018    1483.82     49.404     4.6471 140.436520     3.2518     67.161  0.000e+00
     66.568     8.5446    33.5389    26.0448 1.7094e-01     0.1249      0.018    1483.82     49.354     4.6423 140.436520     3.2484     67.210  0.000e+00
     66.590     8.5442    33.5395    26.0453 1.7094e-01     0.1249      0.018    1483.82     49.357     4.6427 140.436521     3.2487     67.233  0.000e+00
     66.616     8.5444    33.5391    26.0450 1.7094e-01     0.1249      0.015    1483.82     49.360     4.6430 140.436521     3.2489     67.259  0.000e+00
     66.615     8.5444    33.5395    26.0453 1.7094e-01     0.1261      0.015    1483.82     49.363     4.6432 140.436522     3.2490     67.258  0.000e+00
     66.652     8.5443    33.5396    26.0454 1.7094e-01     0.1249      0.018    1483.82     49.358     4.6428 140.436522     3.2487     67.296  0.000e+00
     66.664     8.5446    33.5392    26.0451 1.7094e-01     0.1261      0.018    1483.82     49.421     4.6487 140.436522     3.2529     67.307  0.000e+00
     66.699     8.5443    33.5395    26.0453 1.7094e-01     0.1249      0.018    1483.82     49.430     4.6495 140.436523     3.2535     67.343  0.000e+00
     66.712     8.5443    33.5390    26.0449 1.7094e-01     0.1249      0.018    1483.82     49.376     4.6445 140.436523     3.2499     67.356  0.000e+00
     66.748     8.5441    33.5385    26.0445 1.7094e-01     0.1249      0.018    1483.82     49.438     4.6504 140.436524     3.2541     67.392  0.000e+00
     66.761     8.5443    33.5383    26.0444 1.7094e-01     0.1249      0.018    1483.82     49.445     4.6510 140.436524     3.2545     67.406  0.000e+00
     66.784     8.5441    33.5386    26.0446 1.7094e-01     0.1249      0.015    1483.82     49.452     4.6516 140.436525     3.2549     67.429  0.000e+00
     66.808     8.5441    33.5393    26.0452 1.7094e-01     0.1249      0.018    1483.82     49.457     4.6521 140.436525     3.2553     67.453  0.000e+00
     66.822     8.5441    33.5398    26.0456 1.7094e-01     0.1261      0.018    1483.82     49.462     4.6526 140.436526     3.2556     67.466  0.000e+00
     66.844     8.5443    33.5395    26.0453 1.5873e-01     0.1249      0.018    1483.82     49.467     4.6530 140.436526     3.2559     67.489  0.000e+00
     66.882     8.5441    33.5396    26.0454 1.5873e-01     0.1249      0.018    1483.82     49.471     4.6534 140.436527     3.2562     67.527  0.000e+00
     66.893     8.5439    33.5400    26.0458 1.7094e-01     0.1249      0.018    1483.82     49.474     4.6537 140.436527     3.2564     67.539  0.000e+00
     66.918     8.5439    33.5401    26.0458 1.7094e-01     0.1249      0.018    1483.82     49.477     4.6540 140.436528     3.2566     67.563  0.000e+00
     66.953     8.5443    33.5402    26.0458 1.7094e-01     0.1249      0.018    1483.82     49.479     4.6542 140.436528     3.2567     67.599  0.000e+00
     66.953     8.5439    33.5409    26.0464 1.7094e-01     0.1249      0.018    1483.82     49.481     4.6543 140.436529     3.2568     67.599  0.000e+00
     66.976     8.5439    33.5410    26.0465 1.7094e-01     0.1261      0.018    1483.82     49.482     4.6544 140.436529     3.2569     67.622  0.000e+00
     67.014     8.5439    33.5405    26.0462 1.7094e-01     0.1249      0.015    1483.82     49.483     4.6545 140.436530     3.2569     67.660  0.000e+00
     67.027     8.5436    33.5409    26.0465 1.7094e-01     0.1261      0.018    1483.82     49.544     4.6603 140.436530     3.2610     67.673  0.000e+00
     67.049     8.5439    33.5409    26.0464 1.5873e-01     0.1249      0.018    1483.82     49.488     4.6550 140.436531     3.2573     67.696  0.000e+00
     67.074     8.5441    33.5405    26.0461 1.7094e-01     0.1249      0.015    1483.82     49.548     4.6607 140.436531     3.2613     67.721  0.000e+00
