Ep1_200519_down.cnv
* Sea-Bird SBE 9 Data File:
* FileName = C:\CTD Brukere\NIVA\IO2019\20190520\Ep1_200519.hex
* Software Version Seasave V 7.23.2
* Temperature SN = 5352
* Conductivity SN = 3840
* Number of Bytes Per Scan = 28
* Number of Voltage Words = 4
* Number of Scans Averaged by the Deck Unit = 1
* NMEA baud rate = 4800
** Ship: R/V Trygve Braarud
** Cruise:
** Station:
** Operator:
# nquan = 14
# nvalues = 7051                                  
# units = specified
# name 0 = depSM: Depth [salt water, m], lat = 59.60
# name 1 = t090C: Temperature [ITS-90, deg C]
# name 2 = sal00: Salinity, Practical [PSU]
# name 3 = sigma-t00: Density [sigma-t, kg/m^3 ]
# name 4 = flSP: Fluorescence, Seapoint
# name 5 = wetStar: Fluorescence, WET Labs WETstar [mg/m^3]
# name 6 = seaTurbMtr: Turbidity, Seapoint [FTU]
# name 7 = svCM: Sound Velocity [Chen-Millero, m/s]
# name 8 = sbeox0PS: Oxygen, SBE 43 [% saturation]
# name 9 = sbeox0Mg/L: Oxygen, SBE 43 [mg/l]
# name 10 = timeJ: Julian Days
# name 11 = sbeox0ML/L: Oxygen, SBE 43 [ml/l]
# name 12 = prDM: Pressure, Digiquartz [db]
# name 13 = flag:  0.000e+00
# span 0 =     -0.029,    149.857                 
# span 1 =     5.6756,    13.5223                 
# span 2 =    25.5282,    33.6049                 
# span 3 =    18.9732,    26.1104                 
# span 4 = 1.5873e-01, 4.3712e+00                 
# span 5 =     0.1237,     0.1261                 
# span 6 =      0.007,      0.018                 
# span 7 =    1468.12,    1490.99                 
# span 8 =     39.010,     99.328                 
# span 9 =     3.6753,     9.8375                 
# span 10 = 140.434988, 140.438388                
# span 11 =     2.5717,     6.8837                
# span 12 =     -0.029,    151.334                
# span 13 = 0.0000e+00, 0.0000e+00                
# interval = seconds: 0.0416667
# start_time = May 20 2019 10:26:23 [System UpLoad Time]
# bad_flag = -9.990e-29
*END*
[from data line 2168]
     42.352     7.7631    33.1956    25.8912 1.7094e-01     0.1249      0.018    1480.04     44.780     4.2965 140.436034     3.0064     42.759  0.000e+00
     42.365     7.7631    33.1955    25.8911 1.7094e-01     0.1249      0.018    1480.04     44.785     4.2969 140.436034     3.0067     42.772  0.000e+00
     42.388     7.7630    33.1947    25.8905 1.7094e-01     0.1249      0.018    1480.04     44.783     4.2968 140.436035     3.0066     42.795  0.000e+00
     42.401     7.7617    33.1920    25.8886 1.7094e-01     0.1249      0.018    1480.03     44.719     4.2908 140.436035     3.0025     42.808  0.000e+00
     42.426     7.7592    33.1901    25.8874 1.7094e-01     0.1261      0.018    1480.02     44.710     4.2903 140.436036     3.0021     42.832  0.000e+00
     42.461     7.7570    33.1908    25.8883 1.7094e-01     0.1249      0.018    1480.01     44.764     4.2957 140.436036     3.0059     42.869  0.000e+00
     42.461     7.7565    33.1870    25.8854 1.7094e-01     0.1249      0.018    1480.01     44.702     4.2898 140.436037     3.0018     42.869  0.000e+00
     42.497     7.7552    33.1882    25.8865 1.7094e-01     0.1249      0.015    1480.00     44.695     4.2893 140.436037     3.0014     42.905  0.000e+00
     42.508     7.7594    33.1946    25.8910 1.7094e-01     0.1261      0.015    1480.03     44.688     4.2880 140.436038     3.0005     42.916  0.000e+00
     42.533     7.7652    33.1994    25.8939 1.7094e-01     0.1261      0.018    1480.05     44.674     4.2860 140.436038     2.9991     42.941  0.000e+00
     42.557     7.7684    33.2004    25.8942 1.7094e-01     0.1249      0.015    1480.07     44.669     4.2851 140.436039     2.9985     42.965  0.000e+00
     42.568     7.7703    33.1982    25.8922 1.7094e-01     0.1261      0.015    1480.07     44.663     4.2845 140.436039     2.9980     42.977  0.000e+00
     42.593     7.7706    33.1978    25.8919 1.7094e-01     0.1249      0.015    1480.07     44.659     4.2840 140.436040     2.9977     43.001  0.000e+00
     42.629     7.7706    33.1987    25.8925 1.7094e-01     0.1261      0.015    1480.08     44.655     4.2837 140.436040     2.9974     43.037  0.000e+00
     42.629     7.7711    33.1986    25.8924 1.8315e-01     0.1249      0.018    1480.08     44.652     4.2833 140.436041     2.9972     43.037  0.000e+00
     42.666     7.7722    33.2000    25.8933 1.8315e-01     0.1249      0.018    1480.08     44.649     4.2829 140.436041     2.9969     43.075  0.000e+00
     42.689     7.7736    33.2015    25.8943 1.8315e-01     0.1249      0.015    1480.09     44.647     4.2825 140.436042     2.9967     43.098  0.000e+00
     42.702     7.7755    33.2000    25.8929 1.7094e-01     0.1249      0.018    1480.10     44.646     4.2822 140.436042     2.9964     43.111  0.000e+00
     42.726     7.7760    33.1989    25.8920 1.7094e-01     0.1249      0.018    1480.10     44.645     4.2821 140.436043     2.9964     43.136  0.000e+00
     42.762     7.7786    33.2043    25.8958 1.7094e-01     0.1249      0.018    1480.12     44.645     4.2817 140.436043     2.9961     43.172  0.000e+00
     42.762     7.7840    33.2094    25.8990 1.7094e-01     0.1261      0.018    1480.14     44.645     4.2811 140.436044     2.9956     43.172  0.000e+00
     42.809     7.7884    33.2110    25.8997 1.7094e-01     0.1261      0.018    1480.16     44.584     4.2748 140.436044     2.9912     43.219  0.000e+00
     42.809     7.7916    33.2111    25.8993 1.7094e-01     0.1261      0.018    1480.17     44.578     4.2739 140.436045     2.9906     43.219  0.000e+00
     42.846     7.7949    33.2110    25.8987 1.7094e-01     0.1261      0.015    1480.19     44.574     4.2732 140.436045     2.9901     43.257  0.000e+00
     42.869     7.7973    33.2126    25.8997 1.7094e-01     0.1261      0.015    1480.20     44.570     4.2725 140.436046     2.9897     43.280  0.000e+00
     42.893     7.8005    33.2117    25.8985 1.7094e-01     0.1249      0.015    1480.21     44.629     4.2779 140.436046     2.9934     43.305  0.000e+00
     42.906     7.8026    33.2119    25.8983 1.7094e-01     0.1249      0.015    1480.22     44.573     4.2723 140.436046     2.9895     43.318  0.000e+00
     42.953     7.8048    33.2117    25.8978 1.7094e-01     0.1249      0.018    1480.23     44.572     4.2720 140.436047     2.9893     43.365  0.000e+00
     42.953     7.8061    33.2118    25.8977 1.7094e-01     0.1249      0.015    1480.23     44.571     4.2718 140.436047     2.9892     43.365  0.000e+00
     42.989     7.8069    33.2120    25.8978 1.7094e-01     0.1249      0.018    1480.24     44.572     4.2718 140.436048     2.9892     43.401  0.000e+00
     43.002     7.8082    33.2122    25.8977 1.7094e-01     0.1249      0.018    1480.24     44.512     4.2659 140.436048     2.9850     43.415  0.000e+00
     43.038     7.8090    33.2120    25.8975 1.7094e-01     0.1261      0.018    1480.25     44.569     4.2713 140.436049     2.9888     43.451  0.000e+00
     43.049     7.8093    33.2102    25.8961 1.7094e-01     0.1249      0.018    1480.24     44.573     4.2717 140.436049     2.9891     43.462  0.000e+00
     43.073     7.8077    33.2062    25.8931 1.7094e-01     0.1249      0.015    1480.23     44.570     4.2717 140.436050     2.9891     43.487  0.000e+00
     43.080     7.8055    33.2072    25.8942 1.7094e-01     0.1249      0.018    1480.23     44.506     4.2657 140.436050     2.9849     43.493  0.000e+00
     43.122     7.8063    33.2089    25.8954 1.7094e-01     0.1249      0.015    1480.23     44.505     4.2655 140.436051     2.9848     43.536  0.000e+00
     43.158     7.8053    33.2054    25.8928 1.7094e-01     0.1249      0.015    1480.23     44.498     4.2650 140.436051     2.9844     43.572  0.000e+00
     43.169     7.8020    33.2095    25.8965 1.7094e-01     0.1249      0.015    1480.22     44.499     4.2653 140.436052     2.9846     43.583  0.000e+00
     43.194     7.8069    33.2156    25.9006 1.7094e-01     0.1261      0.015    1480.24     44.493     4.2642 140.436052     2.9838     43.608  0.000e+00
     43.229     7.8141    33.2196    25.9027 1.7094e-01     0.1261      0.018    1480.28     44.496     4.2636 140.436053     2.9834     43.644  0.000e+00
     43.229     7.8215    33.2219    25.9035 1.7094e-01     0.1249      0.015    1480.31     44.493     4.2625 140.436053     2.9827     43.644  0.000e+00
     43.265     7.8274    33.2227    25.9032 1.7094e-01     0.1261      0.015    1480.33     44.490     4.2617 140.436054     2.9821     43.680  0.000e+00
     43.289     7.8324    33.2225    25.9024 1.7094e-01     0.1249      0.015    1480.35     44.489     4.2610 140.436054     2.9816     43.705  0.000e+00
     43.325     7.8362    33.2220    25.9014 1.7094e-01     0.1249      0.015    1480.37     44.426     4.2547 140.436055     2.9772     43.741  0.000e+00
     43.338     7.8382    33.2206    25.9001 1.7094e-01     0.1249      0.015    1480.37     44.420     4.2539 140.436055     2.9767     43.754  0.000e+00
     43.374     7.8385    33.2216    25.9008 1.7094e-01     0.1249      0.018    1480.38     44.414     4.2534 140.436056     2.9763     43.790  0.000e+00
     43.385     7.8410    33.2243    25.9025 1.7094e-01     0.1249      0.018    1480.39     44.410     4.2527 140.436056     2.9758     43.801  0.000e+00
     43.423     7.8449    33.2272    25.9042 1.7094e-01     0.1249      0.018    1480.41     44.407     4.2519 140.436057     2.9752     43.839  0.000e+00
     43.452     7.8492    33.2289    25.9050 1.7094e-01     0.1261      0.018    1480.43     44.405     4.2513 140.436057     2.9748     43.869  0.000e+00
     43.458     7.8540    33.2285    25.9039 1.7094e-01     0.1261      0.018    1480.44     44.405     4.2508 140.436058     2.9744     43.875  0.000e+00
     43.494     7.8579    33.2280    25.9030 1.7094e-01     0.1261      0.018    1480.46     44.405     4.2505 140.436058     2.9742     43.911  0.000e+00
     43.530     7.8608    33.2287    25.9031 1.7094e-01     0.1249      0.015    1480.47     44.407     4.2504 140.436059     2.9741     43.947  0.000e+00
     43.554     7.8635    33.2290    25.9029 1.7094e-01     0.1249      0.015    1480.48     44.341     4.2437 140.436059     2.9695     43.972  0.000e+00
     43.566     7.8654    33.2279    25.9019 1.7094e-01     0.1249      0.018    1480.49     44.330     4.2426 140.436060     2.9687     43.984  0.000e+00
     43.603     7.8662    33.2262    25.9004 1.7094e-01     0.1249      0.015    1480.49     44.329     4.2424 140.436060     2.9686     44.021  0.000e+00
     43.614     7.8652    33.2218    25.8971 1.7094e-01     0.1261      0.018    1480.48     44.321     4.2419 140.436060     2.9682     44.033  0.000e+00
     43.650     7.8601    33.2208    25.8970 1.7094e-01     0.1249      0.015    1480.46     44.315     4.2418 140.436061     2.9681     44.069  0.000e+00
     43.674     7.8595    33.2270    25.9020 1.7094e-01     0.1261      0.018    1480.47     44.309     4.2412 140.436061     2.9677     44.093  0.000e+00
     43.692     7.8643    33.2312    25.9046 1.7094e-01     0.1249      0.015    1480.49     44.305     4.2402 140.436062     2.9670     44.111  0.000e+00
     43.710     7.8689    33.2297    25.9027 1.7094e-01     0.1261      0.018    1480.51     44.302     4.2395 140.436062     2.9665     44.129  0.000e+00
     43.746     7.8686    33.2223    25.8969 1.7094e-01     0.1249      0.018    1480.50     44.300     4.2396 140.436063     2.9666     44.166  0.000e+00
     43.783     7.8624    33.2174    25.8940 1.7094e-01     0.1261      0.018    1480.47     44.300     4.2403 140.436063     2.9671     44.203  0.000e+00
     43.795     7.8585    33.2182    25.8952 1.7094e-01     0.1249      0.018    1480.45     44.301     4.2407 140.436064     2.9674     44.215  0.000e+00
     43.830     7.8614    33.2252    25.9003 1.7094e-01     0.1249      0.018    1480.47     44.303     4.2404 140.436064     2.9672     44.251  0.000e+00
     43.855     7.8723    33.2334    25.9052 1.7094e-01     0.1249      0.015    1480.53     44.244     4.2335 140.436065     2.9624     44.275  0.000e+00
     43.866     7.8821    33.2378    25.9072 1.8315e-01     0.1249      0.015    1480.57     44.241     4.2322 140.436065     2.9614     44.287  0.000e+00
     43.884     7.8887    33.2383    25.9066 1.7094e-01     0.1249      0.018    1480.60     44.240     4.2314 140.436066     2.9609     44.305  0.000e+00
     43.926     7.8922    33.2374    25.9054 1.7094e-01     0.1249      0.015    1480.61     44.240     4.2311 140.436066     2.9607     44.348  0.000e+00
     43.963     7.8924    33.2356    25.9040 1.7094e-01     0.1249      0.018    1480.61     44.242     4.2313 140.436067     2.9608     44.385  0.000e+00
     43.975     7.8909    33.2338    25.9027 1.7094e-01     0.1249      0.018    1480.60     44.246     4.2319 140.436067     2.9612     44.397  0.000e+00
     43.999     7.8911    33.2361    25.9046 1.7094e-01     0.1249      0.018    1480.60     44.243     4.2315 140.436068     2.9610     44.421  0.000e+00
     44.024     7.8930    33.2372    25.9051 1.7094e-01     0.1261      0.018    1480.61     44.242     4.2312 140.436068     2.9607     44.446  0.000e+00
     44.059     7.8955    33.2413    25.9080 1.7094e-01     0.1249      0.018    1480.63     44.241     4.2308 140.436069     2.9605     44.482  0.000e+00
     44.077     7.9044    33.2473    25.9114 1.7094e-01     0.1249      0.018    1480.67     44.242     4.2299 140.436069     2.9598     44.500  0.000e+00
     44.106     7.9127    33.2505    25.9127 1.7094e-01     0.1249      0.018    1480.71     44.252     4.2299 140.436070     2.9598     44.530  0.000e+00
     44.131     7.9204    33.2511    25.9120 1.7094e-01     0.1261      0.018    1480.74     44.255     4.2295 140.436070     2.9595     44.554  0.000e+00
     44.155     7.9267    33.2499    25.9102 1.7094e-01     0.1249      0.018    1480.76     44.198     4.2235 140.436071     2.9553     44.579  0.000e+00
     44.179     7.9303    33.2475    25.9078 1.7094e-01     0.1249      0.018    1480.77     44.197     4.2231 140.436071     2.9551     44.603  0.000e+00
     44.204     7.9302    33.2473    25.9077 1.7094e-01     0.1261      0.018    1480.77     44.260     4.2291 140.436072     2.9593     44.628  0.000e+00
     44.233     7.9323    33.2494    25.9090 1.7094e-01     0.1249      0.015    1480.78     44.261     4.2290 140.436072     2.9592     44.657  0.000e+00
     44.251     7.9359    33.2512    25.9099 1.7094e-01     0.1261      0.015    1480.80     44.210     4.2236 140.436073     2.9555     44.676  0.000e+00
     44.287     7.9395    33.2515    25.9096 1.7094e-01     0.1261      0.015    1480.81     44.214     4.2237 140.436073     2.9555     44.712  0.000e+00
     44.311     7.9424    33.2521    25.9096 1.7094e-01     0.1261      0.015    1480.82     44.220     4.2239 140.436073     2.9557     44.736  0.000e+00
     44.335     7.9441    33.2515    25.9090 1.7094e-01     0.1261      0.015    1480.83     44.219     4.2238 140.436074     2.9556     44.761  0.000e+00
     44.360     7.9441    33.2496    25.9075 1.7094e-01     0.1249      0.018    1480.83     44.220     4.2239 140.436074     2.9557     44.785  0.000e+00
     44.389     7.9413    33.2468    25.9057 1.7094e-01     0.1249      0.015    1480.81     44.223     4.2245 140.436075     2.9561     44.815  0.000e+00
     44.407     7.9386    33.2506    25.9090 1.7094e-01     0.1249      0.015    1480.81     44.226     4.2250 140.436075     2.9564     44.833  0.000e+00
     44.420     7.9423    33.2550    25.9119 1.7094e-01     0.1261      0.015    1480.83     44.231     4.2250 140.436076     2.9564     44.846  0.000e+00
     44.456     7.9466    33.2561    25.9122 1.7094e-01     0.1249      0.018    1480.85     44.237     4.2251 140.436076     2.9564     44.882  0.000e+00
     44.480     7.9494    33.2555    25.9113 1.7094e-01     0.1249      0.018    1480.86     44.244     4.2255 140.436077     2.9567     44.907  0.000e+00
     44.509     7.9508    33.2530    25.9091 1.7094e-01     0.1261      0.018    1480.86     44.252     4.2262 140.436077     2.9572     44.936  0.000e+00
     44.540     7.9505    33.2500    25.9068 1.7094e-01     0.1261      0.018    1480.86     44.261     4.2272 140.436078     2.9580     44.967  0.000e+00
     44.551     7.9499    33.2469    25.9045 1.7094e-01     0.1249      0.018    1480.85     44.264     4.2277 140.436078     2.9583     44.979  0.000e+00
     44.600     7.9453    33.2463    25.9047 1.7094e-01     0.1249      0.018    1480.83     44.269     4.2285 140.436079     2.9589     45.028  0.000e+00
     44.587     7.9392    33.2443    25.9040 1.7094e-01     0.1249      0.018    1480.81     44.212     4.2238 140.436079     2.9555     45.015  0.000e+00
     44.629     7.9282    33.2476    25.9082 1.7094e-01     0.1249      0.015    1480.77     44.273     4.2306 140.436080     2.9603     45.058  0.000e+00
     44.660     7.9229    33.2493    25.9103 1.7094e-01     0.1249      0.015    1480.75     44.281     4.2317 140.436080     2.9611     45.089  0.000e+00
     44.672     7.9219    33.2463    25.9081 1.7094e-01     0.1261      0.015    1480.74     44.289     4.2326 140.436081     2.9618     45.100  0.000e+00
     44.707     7.9188    33.2503    25.9117 1.7094e-01     0.1261      0.018    1480.74     44.298     4.2337 140.436081     2.9625     45.136  0.000e+00
     44.720     7.9216    33.2628    25.9211 1.7094e-01     0.1249      0.015    1480.76     44.307     4.2340 140.436082     2.9627     45.149  0.000e+00
     44.761     7.9367    33.2702    25.9247 1.7094e-01     0.1249      0.015    1480.83     44.317     4.2333 140.436082     2.9622     45.190  0.000e+00
     44.767     7.9518    33.2685    25.9212 1.8315e-01     0.1249      0.018    1480.89     44.259     4.2264 140.436083     2.9574     45.197  0.000e+00
