Ep1_230419_down.cnv
* Sea-Bird SBE 9 Data File:
* FileName = C:\CTD Brukere\NIVA\IO2019\20190423\Ep1_230419.hex
* Software Version Seasave V 7.23.2
* Temperature SN = 5352
* Conductivity SN = 3840
* Number of Bytes Per Scan = 28
* Number of Voltage Words = 4
* Number of Scans Averaged by the Deck Unit = 1
* NMEA baud rate = 4800
** Ship: R/V Trygve Braarud
** Cruise:
** Station:
** Operator:
# nquan = 14
# nvalues = 8619                                  
# units = specified
# name 0 = depSM: Depth [salt water, m], lat = 59.60
# name 1 = t090C: Temperature [ITS-90, deg C]
# name 2 = sal00: Salinity, Practical [PSU]
# name 3 = sigma-t00: Density [sigma-t, kg/m^3 ]
# name 4 = flSP: Fluorescence, Seapoint
# name 5 = wetStar: Fluorescence, WET Labs WETstar [mg/m^3]
# name 6 = seaTurbMtr: Turbidity, Seapoint [FTU]
# name 7 = svCM: Sound Velocity [Chen-Millero, m/s]
# name 8 = sbeox0PS: Oxygen, SBE 43 [% saturation]
# name 9 = sbeox0Mg/L: Oxygen, SBE 43 [mg/l]
# name 10 = timeJ: Julian Days
# name 11 = sbeox0ML/L: Oxygen, SBE 43 [ml/l]
# name 12 = prDM: Pressure, Digiquartz [db]
# name 13 = flag:  0.000e+00
# span 0 =     -0.221,    149.486                 
# span 1 =     4.7967,    10.1650                 
# span 2 =     2.7402,    33.6094                 
# span 3 =     1.9558,    26.1144                 
# span 4 = 1.3431e-01, 1.6716e+01                 
# span 5 =     0.1224,     0.1261                 
# span 6 =      0.004,      0.018                 
# span 7 =    1445.82,    1484.97                 
# span 8 =     40.050,    116.077                 
# span 9 =     3.7735,    12.1022                 
# span 10 = 113.470336, 113.474492                
# span 11 =     2.6405,     8.4684                
# span 12 =     -0.223,    150.959                
# span 13 = 0.0000e+00, 0.0000e+00                
# interval = seconds: 0.0416667
# start_time = Apr 23 2019 11:17:17 [System UpLoad Time]
# bad_flag = -9.990e-29
*END*
[from data line 8362]
    148.461     8.4539    33.6071    26.1120 1.4652e-01     0.1249      0.015    1484.92     44.249     4.1688 113.474368     2.9171    149.923  0.000e+00
    148.457     8.4541    33.6071    26.1120 1.4652e-01     0.1249      0.018    1484.92     44.249     4.1687 113.474369     2.9170    149.920  0.000e+00
    148.461     8.4539    33.6072    26.1121 1.4652e-01     0.1249      0.015    1484.92     44.247     4.1686 113.474369     2.9169    149.923  0.000e+00
    148.447     8.4541    33.6073    26.1122 1.4652e-01     0.1249      0.015    1484.92     44.244     4.1683 113.474370     2.9167    149.910  0.000e+00
    148.457     8.4539    33.6073    26.1122 1.4652e-01     0.1261      0.018    1484.92     44.303     4.1739 113.474370     2.9206    149.920  0.000e+00
    148.461     8.4539    33.6072    26.1121 1.5873e-01     0.1249      0.018    1484.92     44.242     4.1681 113.474371     2.9166    149.923  0.000e+00
    148.457     8.4538    33.6070    26.1120 1.4652e-01     0.1261      0.015    1484.92     44.235     4.1675 113.474371     2.9162    149.920  0.000e+00
    148.461     8.4538    33.6072    26.1122 1.4652e-01     0.1249      0.015    1484.92     44.228     4.1668 113.474372     2.9157    149.923  0.000e+00
    148.457     8.4539    33.6072    26.1122 1.4652e-01     0.1249      0.018    1484.92     44.226     4.1666 113.474372     2.9156    149.920  0.000e+00
    148.447     8.4534    33.6077    26.1126 1.4652e-01     0.1249      0.018    1484.92     44.216     4.1657 113.474373     2.9149    149.910  0.000e+00
    148.461     8.4531    33.6076    26.1126 1.4652e-01     0.1261      0.018    1484.92     44.205     4.1647 113.474373     2.9142    149.923  0.000e+00
    148.457     8.4533    33.6074    26.1124 1.4652e-01     0.1261      0.015    1484.92     44.200     4.1642 113.474374     2.9139    149.920  0.000e+00
    148.461     8.4529    33.6078    26.1127 1.4652e-01     0.1249      0.015    1484.92     44.187     4.1630 113.474374     2.9130    149.923  0.000e+00
    148.457     8.4531    33.6078    26.1128 1.4652e-01     0.1249      0.018    1484.92     44.179     4.1623 113.474375     2.9125    149.920  0.000e+00
    148.461     8.4531    33.6080    26.1129 1.4652e-01     0.1249      0.018    1484.92     44.172     4.1615 113.474375     2.9120    149.923  0.000e+00
    148.444     8.4536    33.6072    26.1122 1.4652e-01     0.1249      0.018    1484.92     44.163     4.1607 113.474375     2.9114    149.907  0.000e+00
    148.461     8.4536    33.6077    26.1126 1.4652e-01     0.1249      0.018    1484.92     44.153     4.1598 113.474376     2.9108    149.923  0.000e+00
    148.461     8.4534    33.6077    26.1126 1.4652e-01     0.1261      0.018    1484.92     44.135     4.1580 113.474376     2.9096    149.923  0.000e+00
    148.457     8.4536    33.6075    26.1125 1.4652e-01     0.1249      0.018    1484.92     44.123     4.1569 113.474377     2.9088    149.920  0.000e+00
    148.461     8.4533    33.6076    26.1125 1.5873e-01     0.1249      0.018    1484.92     44.110     4.1557 113.474377     2.9079    149.923  0.000e+00
    148.457     8.4533    33.6077    26.1126 1.4652e-01     0.1249      0.018    1484.92     44.104     4.1552 113.474378     2.9075    149.920  0.000e+00
    148.447     8.4534    33.6074    26.1123 1.4652e-01     0.1249      0.018    1484.92     44.090     4.1538 113.474378     2.9066    149.910  0.000e+00
    148.457     8.4536    33.6074    26.1124 1.4652e-01     0.1261      0.018    1484.92     44.074     4.1524 113.474379     2.9056    149.920  0.000e+00
    148.461     8.4536    33.6075    26.1125 1.5873e-01     0.1249      0.018    1484.92     44.066     4.1516 113.474379     2.9050    149.923  0.000e+00
    148.447     8.4538    33.6074    26.1123 1.4652e-01     0.1249      0.015    1484.92     44.057     4.1507 113.474380     2.9044    149.910  0.000e+00
    148.457     8.4536    33.6072    26.1122 1.4652e-01     0.1249      0.015    1484.92     43.984     4.1439 113.474380     2.8996    149.920  0.000e+00
    148.461     8.4534    33.6078    26.1127 1.4652e-01     0.1249      0.018    1484.92     43.967     4.1423 113.474381     2.8985    149.923  0.000e+00
    148.457     8.4535    33.6073    26.1123 1.4652e-01     0.1249      0.018    1484.92     43.949     4.1406 113.474381     2.8973    149.920  0.000e+00
    148.447     8.4534    33.6076    26.1125 1.5873e-01     0.1249      0.015    1484.92     43.939     4.1396 113.474382     2.8967    149.910  0.000e+00
    148.457     8.4536    33.6073    26.1123 1.4652e-01     0.1261      0.018    1484.92     43.859     4.1320 113.474382     2.8913    149.920  0.000e+00
    148.461     8.4536    33.6071    26.1122 1.4652e-01     0.1249      0.018    1484.92     43.841     4.1304 113.474383     2.8902    149.923  0.000e+00
    148.447     8.4536    33.6072    26.1122 1.4652e-01     0.1261      0.018    1484.92     43.823     4.1287 113.474383     2.8890    149.910  0.000e+00
    148.444     8.4536    33.6074    26.1124 1.4652e-01     0.1249      0.018    1484.92     43.806     4.1271 113.474384     2.8879    149.907  0.000e+00
    148.461     8.4536    33.6072    26.1122 1.4652e-01     0.1249      0.018    1484.92     43.790     4.1255 113.474384     2.8868    149.923  0.000e+00
    148.457     8.4534    33.6076    26.1125 1.4652e-01     0.1249      0.018    1484.92     43.773     4.1240 113.474385     2.8857    149.920  0.000e+00
    148.447     8.4536    33.6070    26.1120 1.5873e-01     0.1261      0.018    1484.92     43.694     4.1166 113.474385     2.8805    149.910  0.000e+00
    148.457     8.4536    33.6070    26.1121 1.4652e-01     0.1249      0.018    1484.92     43.672     4.1144 113.474386     2.8790    149.920  0.000e+00
    148.436     8.4536    33.6074    26.1124 1.4652e-01     0.1249      0.018    1484.92     43.649     4.1123 113.474386     2.8776    149.898  0.000e+00
    148.461     8.4536    33.6075    26.1125 1.4652e-01     0.1249      0.018    1484.92     43.635     4.1110 113.474387     2.8766    149.923  0.000e+00
    148.457     8.4536    33.6075    26.1125 1.4652e-01     0.1249      0.015    1484.92     43.615     4.1091 113.474387     2.8753    149.920  0.000e+00
    148.447     8.4536    33.6075    26.1125 1.4652e-01     0.1261      0.018    1484.92     43.540     4.1020 113.474388     2.8703    149.910  0.000e+00
    148.444     8.4539    33.6072    26.1122 1.4652e-01     0.1249      0.018    1484.92     43.513     4.0995 113.474388     2.8686    149.907  0.000e+00
    148.447     8.4539    33.6072    26.1122 1.4652e-01     0.1261      0.018    1484.92     43.496     4.0978 113.474389     2.8674    149.910  0.000e+00
    148.457     8.4542    33.6066    26.1117 1.4652e-01     0.1249      0.018    1484.92     43.479     4.0963 113.474389     2.8663    149.920  0.000e+00
    148.447     8.4539    33.6068    26.1118 1.5873e-01     0.1249      0.018    1484.92     43.402     4.0890 113.474389     2.8612    149.910  0.000e+00
    148.447     8.4542    33.6065    26.1116 1.5873e-01     0.1249      0.015    1484.92     43.381     4.0870 113.474390     2.8598    149.910  0.000e+00
    148.444     8.4542    33.6068    26.1118 1.5873e-01     0.1249      0.018    1484.92     43.361     4.0851 113.474390     2.8585    149.907  0.000e+00
    148.447     8.4539    33.6069    26.1119 1.5873e-01     0.1261      0.018    1484.92     43.343     4.0834 113.474391     2.8574    149.910  0.000e+00
    148.444     8.4541    33.6069    26.1119 1.4652e-01     0.1249      0.018    1484.92     43.264     4.0760 113.474391     2.8521    149.907  0.000e+00
    148.447     8.4541    33.6071    26.1120 1.4652e-01     0.1249      0.018    1484.92     43.242     4.0739 113.474392     2.8507    149.910  0.000e+00
    148.444     8.4539    33.6069    26.1119 1.5873e-01     0.1249      0.015    1484.92     43.160     4.0662 113.474392     2.8453    149.907  0.000e+00
    148.447     8.4539    33.6068    26.1118 1.4652e-01     0.1261      0.018    1484.92     43.134     4.0638 113.474393     2.8436    149.910  0.000e+00
    148.447     8.4539    33.6071    26.1121 1.4652e-01     0.1249      0.018    1484.92     43.111     4.0616 113.474393     2.8421    149.910  0.000e+00
    148.444     8.4539    33.6072    26.1122 1.4652e-01     0.1249      0.018    1484.92     43.098     4.0603 113.474394     2.8412    149.907  0.000e+00
    148.447     8.4536    33.6073    26.1123 1.4652e-01     0.1249      0.018    1484.92     43.079     4.0586 113.474394     2.8400    149.910  0.000e+00
    148.444     8.4529    33.6075    26.1125 1.5873e-01     0.1249      0.018    1484.92     43.063     4.0571 113.474395     2.8389    149.907  0.000e+00
    148.436     8.4528    33.6078    26.1128 1.4652e-01     0.1249      0.018    1484.92     42.986     4.0499 113.474395     2.8339    149.898  0.000e+00
    148.457     8.4531    33.6076    26.1126 1.4652e-01     0.1249      0.018    1484.92     42.967     4.0480 113.474396     2.8326    149.920  0.000e+00
    148.436     8.4536    33.6072    26.1122 1.4652e-01     0.1249      0.018    1484.92     42.887     4.0405 113.474396     2.8273    149.898  0.000e+00
    148.447     8.4534    33.6073    26.1123 1.4652e-01     0.1261      0.018    1484.92     42.866     4.0385 113.474397     2.8259    149.910  0.000e+00
    148.433     8.4535    33.6075    26.1124 1.4652e-01     0.1249      0.018    1484.92     42.847     4.0368 113.474397     2.8247    149.895  0.000e+00
    148.447     8.4534    33.6077    26.1126 1.5873e-01     0.1249      0.015    1484.92     42.832     4.0353 113.474398     2.8237    149.910  0.000e+00
    148.444     8.4539    33.6069    26.1119 1.5873e-01     0.1249      0.018    1484.92     42.818     4.0340 113.474398     2.8228    149.907  0.000e+00
    148.436     8.4539    33.6068    26.1119 1.5873e-01     0.1261      0.018    1484.92     42.746     4.0272 113.474399     2.8180    149.898  0.000e+00
    148.444     8.4546    33.6062    26.1113 1.5873e-01     0.1249      0.015    1484.92     42.731     4.0257 113.474399     2.8170    149.907  0.000e+00
    148.436     8.4549    33.6059    26.1110 1.5873e-01     0.1261      0.018    1484.92     42.657     4.0187 113.474400     2.8121    149.898  0.000e+00
    148.447     8.4544    33.6067    26.1117 1.5873e-01     0.1249      0.015    1484.92     42.641     4.0173 113.474400     2.8111    149.910  0.000e+00
    148.433     8.4541    33.6068    26.1118 1.5873e-01     0.1261      0.018    1484.92     42.629     4.0162 113.474401     2.8103    149.895  0.000e+00
    148.447     8.4539    33.6071    26.1121 1.5873e-01     0.1249      0.018    1484.92     42.620     4.0153 113.474401     2.8097    149.910  0.000e+00
    148.433     8.4538    33.6074    26.1123 1.5873e-01     0.1249      0.018    1484.92     42.615     4.0148 113.474402     2.8093    149.895  0.000e+00
    148.447     8.4534    33.6074    26.1123 1.4652e-01     0.1261      0.018    1484.92     42.550     4.0088 113.474402     2.8051    149.910  0.000e+00
    148.433     8.4538    33.6070    26.1120 1.4652e-01     0.1249      0.018    1484.92     42.544     4.0082 113.474402     2.8047    149.895  0.000e+00
    148.447     8.4534    33.6070    26.1121 1.4652e-01     0.1249      0.018    1484.92     42.542     4.0080 113.474403     2.8046    149.910  0.000e+00
    148.436     8.4534    33.6075    26.1125 1.4652e-01     0.1249      0.018    1484.92     42.544     4.0082 113.474403     2.8047    149.898  0.000e+00
    148.444     8.4539    33.6070    26.1120 1.4652e-01     0.1249      0.015    1484.92     42.541     4.0079 113.474404     2.8045    149.907  0.000e+00
    148.423     8.4539    33.6071    26.1121 1.4652e-01     0.1261      0.018    1484.92     42.480     4.0021 113.474404     2.8004    149.885  0.000e+00
    148.444     8.4545    33.6067    26.1117 1.4652e-01     0.1249      0.018    1484.92     42.477     4.0018 113.474405     2.8002    149.907  0.000e+00
    148.436     8.4546    33.6068    26.1117 1.4652e-01     0.1249      0.018    1484.92     42.478     4.0019 113.474405     2.8003    149.898  0.000e+00
    148.444     8.4549    33.6064    26.1114 1.4652e-01     0.1249      0.018    1484.92     42.475     4.0016 113.474406     2.8001    149.907  0.000e+00
    148.447     8.4550    33.6064    26.1113 1.4652e-01     0.1249      0.015    1484.92     42.413     3.9957 113.474406     2.7960    149.910  0.000e+00
    148.436     8.4546    33.6067    26.1116 1.4652e-01     0.1261      0.018    1484.92     42.347     3.9895 113.474407     2.7916    149.898  0.000e+00
    148.457     8.4546    33.6066    26.1116 1.4652e-01     0.1249      0.018    1484.92     42.403     3.9948 113.474407     2.7953    149.920  0.000e+00
    148.436     8.4542    33.6069    26.1119 1.5873e-01     0.1249      0.018    1484.92     42.344     3.9893 113.474408     2.7915    149.898  0.000e+00
    148.444     8.4542    33.6071    26.1120 1.5873e-01     0.1261      0.018    1484.92     42.345     3.9894 113.474408     2.7915    149.907  0.000e+00
    148.436     8.4541    33.6071    26.1121 1.4652e-01     0.1249      0.015    1484.92     42.342     3.9892 113.474409     2.7914    149.898  0.000e+00
    148.444     8.4539    33.6069    26.1119 1.5873e-01     0.1249      0.015    1484.92     42.281     3.9834 113.474409     2.7873    149.907  0.000e+00
    148.447     8.4538    33.6072    26.1122 1.5873e-01     0.1261      0.018    1484.92     42.278     3.9832 113.474410     2.7872    149.910  0.000e+00
    148.436     8.4536    33.6072    26.1122 1.4652e-01     0.1249      0.018    1484.92     42.280     3.9833 113.474410     2.7873    149.898  0.000e+00
    148.457     8.4541    33.6069    26.1119 1.4652e-01     0.1249      0.018    1484.92     42.286     3.9838 113.474411     2.7876    149.920  0.000e+00
    148.447     8.4544    33.6068    26.1118 1.4652e-01     0.1249      0.018    1484.92     42.225     3.9781 113.474411     2.7836    149.910  0.000e+00
    148.444     8.4542    33.6069    26.1119 1.4652e-01     0.1249      0.018    1484.92     42.223     3.9779 113.474412     2.7835    149.907  0.000e+00
    148.447     8.4542    33.6071    26.1120 1.4652e-01     0.1249      0.018    1484.92     42.226     3.9781 113.474412     2.7837    149.910  0.000e+00
    148.457     8.4542    33.6067    26.1117 1.4652e-01     0.1249      0.018    1484.92     42.232     3.9788 113.474413     2.7841    149.920  0.000e+00
    148.447     8.4542    33.6071    26.1120 1.5873e-01     0.1249      0.018    1484.92     42.172     3.9731 113.474413     2.7802    149.910  0.000e+00
    148.447     8.4542    33.6070    26.1119 1.4652e-01     0.1249      0.018    1484.92     42.172     3.9731 113.474414     2.7801    149.910  0.000e+00
    148.444     8.4541    33.6071    26.1120 1.4652e-01     0.1261      0.018    1484.92     42.175     3.9734 113.474414     2.7803    149.907  0.000e+00
    148.447     8.4542    33.6069    26.1119 1.5873e-01     0.1249      0.018    1484.92     42.120     3.9682 113.474415     2.7767    149.910  0.000e+00
    148.457     8.4541    33.6071    26.1120 1.4652e-01     0.1249      0.018    1484.92     42.117     3.9679 113.474415     2.7765    149.920  0.000e+00
    148.447     8.4541    33.6071    26.1120 1.4652e-01     0.1249      0.018    1484.92     42.055     3.9620 113.474416     2.7724    149.910  0.000e+00
    148.457     8.4541    33.6071    26.1120 1.5873e-01     0.1249      0.018    1484.92     42.045     3.9611 113.474416     2.7717    149.920  0.000e+00
    148.447     8.4539    33.6069    26.1119 1.4652e-01     0.1249      0.018    1484.92     42.038     3.9605 113.474416     2.7713    149.910  0.000e+00
    148.461     8.4539    33.6073    26.1123 1.4652e-01     0.1249      0.018    1484.92     42.036     3.9603 113.474417     2.7712    149.923  0.000e+00
