Ep1_230419_down.cnv
* Sea-Bird SBE 9 Data File:
* FileName = C:\CTD Brukere\NIVA\IO2019\20190423\Ep1_230419.hex
* Software Version Seasave V 7.23.2
* Temperature SN = 5352
* Conductivity SN = 3840
* Number of Bytes Per Scan = 28
* Number of Voltage Words = 4
* Number of Scans Averaged by the Deck Unit = 1
* NMEA baud rate = 4800
** Ship: R/V Trygve Braarud
** Cruise:
** Station:
** Operator:
# nquan = 14
# nvalues = 8619                                  
# units = specified
# name 0 = depSM: Depth [salt water, m], lat = 59.60
# name 1 = t090C: Temperature [ITS-90, deg C]
# name 2 = sal00: Salinity, Practical [PSU]
# name 3 = sigma-t00: Density [sigma-t, kg/m^3 ]
# name 4 = flSP: Fluorescence, Seapoint
# name 5 = wetStar: Fluorescence, WET Labs WETstar [mg/m^3]
# name 6 = seaTurbMtr: Turbidity, Seapoint [FTU]
# name 7 = svCM: Sound Velocity [Chen-Millero, m/s]
# name 8 = sbeox0PS: Oxygen, SBE 43 [% saturation]
# name 9 = sbeox0Mg/L: Oxygen, SBE 43 [mg/l]
# name 10 = timeJ: Julian Days
# name 11 = sbeox0ML/L: Oxygen, SBE 43 [ml/l]
# name 12 = prDM: Pressure, Digiquartz [db]
# name 13 = flag:  0.000e+00
# span 0 =     -0.221,    149.486                 
# span 1 =     4.7967,    10.1650                 
# span 2 =     2.7402,    33.6094                 
# span 3 =     1.9558,    26.1144                 
# span 4 = 1.3431e-01, 1.6716e+01                 
# span 5 =     0.1224,     0.1261                 
# span 6 =      0.004,      0.018                 
# span 7 =    1445.82,    1484.97                 
# span 8 =     40.050,    116.077                 
# span 9 =     3.7735,    12.1022                 
# span 10 = 113.470336, 113.474492                
# span 11 =     2.6405,     8.4684                
# span 12 =     -0.223,    150.959                
# span 13 = 0.0000e+00, 0.0000e+00                
# interval = seconds: 0.0416667
# start_time = Apr 23 2019 11:17:17 [System UpLoad Time]
# bad_flag = -9.990e-29
*END*
[from data line 826]
      8.397     6.8399    27.7727    21.7509 1.2100e+01     0.1249      0.011    1469.14    112.846    11.4600 113.470734     8.0190      8.477  0.000e+00
      8.426     6.8283    27.7790    21.7572 1.2027e+01     0.1249      0.011    1469.10    112.804    11.4584 113.470734     8.0179      8.506  0.000e+00
      8.421     6.8150    27.7874    21.7654 1.1795e+01     0.1249      0.011    1469.05    112.766    11.4574 113.470735     8.0172      8.501  0.000e+00
      8.462     6.8063    27.7894    21.7681 1.1441e+01     0.1249      0.011    1469.02    112.723    11.4552 113.470735     8.0157      8.542  0.000e+00
      8.481     6.8024    27.7913    21.7700 1.1197e+01     0.1249      0.011    1469.01    112.620    11.4457 113.470736     8.0090      8.562  0.000e+00
      8.497     6.7945    27.7945    21.7734 1.1160e+01     0.1249      0.011    1468.98    112.631    11.4487 113.470736     8.0111      8.578  0.000e+00
      8.528     6.8050    27.7852    21.7649 1.0940e+01     0.1249      0.011    1469.01    112.589    11.4423 113.470737     8.0066      8.609  0.000e+00
      8.541     6.8337    27.7594    21.7412 1.0598e+01     0.1249      0.011    1469.10    112.547    11.4323 113.470737     7.9996      8.622  0.000e+00
      8.557     6.8369    27.7580    21.7397 1.0488e+01     0.1249      0.011    1469.11    112.515    11.4283 113.470738     7.9969      8.639  0.000e+00
      8.588     6.8323    27.7626    21.7439 1.0330e+01     0.1249      0.011    1469.10    112.482    11.4258 113.470738     7.9951      8.670  0.000e+00
      8.617     6.8183    27.7743    21.7547 9.8046e+00     0.1249      0.011    1469.06    112.517    11.4322 113.470739     7.9996      8.699  0.000e+00
      8.637     6.8137    27.7756    21.7563 9.3773e+00     0.1249      0.011    1469.04    112.493    11.4309 113.470739     7.9987      8.719  0.000e+00
      8.648     6.7962    27.7887    21.7687 8.8767e+00     0.1249      0.011    1468.99    112.477    11.4329 113.470740     8.0001      8.730  0.000e+00
      8.677     6.7269    27.8414    21.8184 8.2295e+00     0.1249      0.011    1468.78    112.467    11.4465 113.470740     8.0096      8.760  0.000e+00
      8.684     6.6734    27.8722    21.8490 7.8022e+00     0.1249      0.011    1468.60    112.452    11.4570 113.470741     8.0169      8.766  0.000e+00
      8.713     6.6572    27.8681    21.8476 7.6190e+00     0.1249      0.011    1468.53    112.427    11.4592 113.470741     8.0184      8.796  0.000e+00
      8.744     6.6378    27.8695    21.8510 7.3382e+00     0.1249      0.011    1468.46    112.409    11.4624 113.470742     8.0207      8.827  0.000e+00
      8.755     6.6202    27.8756    21.8579 6.8864e+00     0.1249      0.011    1468.40    112.396    11.4653 113.470742     8.0228      8.838  0.000e+00
      8.784     6.6133    27.8680    21.8527 6.6056e+00     0.1237      0.011    1468.36    112.379    11.4660 113.470743     8.0233      8.868  0.000e+00
      8.792     6.6227    27.8561    21.8422 6.5079e+00     0.1249      0.011    1468.38    112.365    11.4630 113.470743     8.0211      8.876  0.000e+00
      8.808     6.6424    27.8430    21.8297 6.4713e+00     0.1261      0.015    1468.44    112.286    11.4506 113.470744     8.0125      8.892  0.000e+00
      8.852     6.6630    27.8338    21.8200 6.5690e+00     0.1249      0.011    1468.52    112.322    11.4495 113.470744     8.0117      8.936  0.000e+00
      8.863     6.6740    27.8259    21.8125 6.6422e+00     0.1249      0.011    1468.55    112.250    11.4398 113.470745     8.0049      8.948  0.000e+00
      8.893     6.6961    27.8095    21.7970 6.5201e+00     0.1249      0.015    1468.62    112.291    11.4392 113.470745     8.0045      8.977  0.000e+00
      8.899     6.7150    27.7999    21.7872 6.3492e+00     0.1249      0.011    1468.68    112.285    11.4343 113.470746     8.0010      8.984  0.000e+00
      8.910     6.7293    27.7959    21.7823 6.5079e+00     0.1249      0.011    1468.73    112.278    11.4301 113.470746     7.9981      8.995  0.000e+00
      8.953     6.7415    27.7928    21.7785 6.7399e+00     0.1237      0.011    1468.78    112.272    11.4264 113.470747     7.9955      9.038  0.000e+00
      8.959     6.7454    27.7933    21.7784 6.8498e+00     0.1249      0.011    1468.79    112.265    11.4247 113.470747     7.9943      9.044  0.000e+00
      8.995     6.7424    27.7978    21.7822 7.0574e+00     0.1249      0.011    1468.79    112.259    11.4245 113.470747     7.9942      9.080  0.000e+00
      9.011     6.7426    27.7946    21.7797 7.3626e+00     0.1249      0.011    1468.79    112.190    11.4177 113.470748     7.9894      9.096  0.000e+00
      9.030     6.7413    27.7949    21.7801 7.7411e+00     0.1249      0.011    1468.78    112.174    11.4164 113.470748     7.9885      9.116  0.000e+00
      9.059     6.7290    27.8028    21.7878 8.3394e+00     0.1249      0.011    1468.74    112.168    11.4184 113.470749     7.9899      9.146  0.000e+00
      9.079     6.7444    27.7886    21.7748 8.7546e+00     0.1249      0.011    1468.79    112.095    11.4079 113.470749     7.9826      9.165  0.000e+00
      9.090     6.7367    27.7885    21.7756 8.8523e+00     0.1261      0.011    1468.76    112.079    11.4084 113.470750     7.9830      9.177  0.000e+00
      9.131     6.6930    27.8181    21.8041 8.8034e+00     0.1249      0.011    1468.62    112.070    11.4170 113.470750     7.9889      9.217  0.000e+00
      9.139     6.6520    27.8425    21.8281 8.6325e+00     0.1249      0.011    1468.49    111.998    11.4188 113.470751     7.9902      9.226  0.000e+00
      9.150     6.6127    27.8639    21.8496 8.4249e+00     0.1249      0.011    1468.36    111.981    11.4259 113.470751     7.9952      9.237  0.000e+00
      9.179     6.5828    27.8751    21.8619 8.4005e+00     0.1249      0.011    1468.25    111.962    11.4312 113.470752     7.9989      9.267  0.000e+00
      9.210     6.5634    27.8793    21.8675 8.4615e+00     0.1249      0.011    1468.18    111.942    11.4340 113.470752     8.0009      9.298  0.000e+00
      9.210     6.5516    27.8840    21.8726 8.5592e+00     0.1249      0.011    1468.14    111.913    11.4338 113.470753     8.0007      9.298  0.000e+00
      9.250     6.5464    27.8827    21.8721 8.4371e+00     0.1249      0.011    1468.12    111.891    11.4331 113.470753     8.0002      9.338  0.000e+00
      9.270     6.5398    27.8868    21.8761 8.3394e+00     0.1249      0.011    1468.10    111.932    11.4387 113.470754     8.0041      9.358  0.000e+00
      9.293     6.4896    27.9188    21.9071 8.3394e+00     0.1237      0.011    1467.94    111.925    11.4491 113.470754     8.0114      9.381  0.000e+00
      9.299     6.4403    27.9517    21.9387 8.1197e+00     0.1249      0.011    1467.78    111.926    11.4599 113.470755     8.0190      9.387  0.000e+00
      9.330     6.4309    27.9498    21.9384 7.8755e+00     0.1249      0.011    1467.74    111.982    11.4685 113.470755     8.0250      9.419  0.000e+00
      9.353     6.4505    27.9300    21.9205 7.6801e+00     0.1249      0.015    1467.80    111.980    11.4644 113.470756     8.0221      9.441  0.000e+00
      9.370     6.4361    27.9388    21.9291 7.5214e+00     0.1249      0.015    1467.75    111.983    11.4680 113.470756     8.0246      9.459  0.000e+00
      9.390     6.3501    28.0056    21.9916 7.4725e+00     0.1249      0.011    1467.49    111.999    11.4877 113.470757     8.0384      9.479  0.000e+00
      9.401     6.2663    28.0632    22.0465 7.4969e+00     0.1249      0.011    1467.23    112.076    11.5140 113.470757     8.0568      9.490  0.000e+00
      9.430     6.2010    28.0986    22.0818 7.4115e+00     0.1249      0.011    1467.01    112.095    11.5310 113.470758     8.0687      9.520  0.000e+00
      9.448     6.1621    28.1133    22.0978 7.4115e+00     0.1249      0.011    1466.87    112.172    11.5485 113.470758     8.0809      9.538  0.000e+00
      9.485     6.1544    28.1052    22.0922 7.4603e+00     0.1261      0.011    1466.83    112.251    11.5593 113.470759     8.0885      9.576  0.000e+00
      9.490     6.1517    28.1061    22.0933 7.3382e+00     0.1249      0.011    1466.82    112.336    11.5687 113.470759     8.0951      9.580  0.000e+00
      9.497     6.1561    28.1005    22.0884 7.1673e+00     0.1249      0.011    1466.83    112.355    11.5699 113.470760     8.0959      9.587  0.000e+00
      9.544     6.1652    28.0961    22.0839 7.0574e+00     0.1249      0.011    1466.86    112.381    11.5704 113.470760     8.0963      9.634  0.000e+00
      9.537     6.1998    28.0702    22.0595 6.8864e+00     0.1249      0.011    1466.97    112.462    11.5713 113.470761     8.0969      9.628  0.000e+00
      9.581     6.2554    28.0302    22.0218 6.6911e+00     0.1249      0.015    1467.14    112.484    11.5614 113.470761     8.0900      9.672  0.000e+00
      9.581     6.2992    28.0019    21.9945 6.7277e+00     0.1249      0.011    1467.28    112.568    11.5602 113.470761     8.0892      9.672  0.000e+00
      9.604     6.3107    28.0017    21.9930 6.5324e+00     0.1249      0.011    1467.33    112.664    11.5670 113.470762     8.0939      9.695  0.000e+00
      9.621     6.3249    27.9973    21.9879 6.1905e+00     0.1249      0.011    1467.38    112.710    11.5682 113.470762     8.0947      9.713  0.000e+00
      9.652     6.3551    27.9758    21.9675 5.9463e+00     0.1249      0.011    1467.48    112.752    11.5659 113.470763     8.0931      9.744  0.000e+00
      9.663     6.3823    27.9587    21.9510 5.8608e+00     0.1249      0.011    1467.56    112.854    11.5703 113.470763     8.0962      9.755  0.000e+00
      9.681     6.4011    27.9490    21.9411 5.7875e+00     0.1249      0.011    1467.63    112.901    11.5707 113.470764     8.0965      9.773  0.000e+00
      9.699     6.4075    27.9513    21.9422 5.6654e+00     0.1249      0.015    1467.66    113.011    11.5800 113.470764     8.1030      9.791  0.000e+00
      9.735     6.4059    27.9557    21.9459 5.6654e+00     0.1249      0.011    1467.66    113.065    11.5856 113.470765     8.1070      9.827  0.000e+00
      9.728     6.3753    27.9798    21.9684 5.7021e+00     0.1249      0.011    1467.56    113.121    11.5979 113.470765     8.1156      9.821  0.000e+00
      9.772     6.2753    28.0554    22.0393 5.7509e+00     0.1249      0.011    1467.26    113.252    11.6330 113.470766     8.1401      9.865  0.000e+00
      9.783     6.1895    28.1130    22.0944 5.6288e+00     0.1261      0.015    1466.99    113.386    11.6659 113.470766     8.1631      9.876  0.000e+00
      9.795     6.1510    28.1351    22.1162 5.5800e+00     0.1249      0.011    1466.86    113.452    11.6816 113.470767     8.1741      9.888  0.000e+00
      9.825     6.1470    28.1288    22.1117 5.7509e+00     0.1249      0.011    1466.83    113.562    11.6946 113.470767     8.1832      9.919  0.000e+00
      9.830     6.1719    28.1069    22.0916 5.8486e+00     0.1249      0.011    1466.91    113.616    11.6949 113.470768     8.1834      9.924  0.000e+00
      9.868     6.1828    28.0979    22.0833 5.8852e+00     0.1249      0.011    1466.94    113.723    11.7036 113.470768     8.1895      9.961  0.000e+00
      9.879     6.1825    28.1012    22.0859 5.8364e+00     0.1249      0.011    1466.94    113.844    11.7159 113.470769     8.1981      9.973  0.000e+00
      9.897     6.1794    28.1043    22.0887 5.7753e+00     0.1249      0.011    1466.94    113.970    11.7294 113.470769     8.2075      9.991  0.000e+00
      9.914     6.1670    28.1120    22.0962 5.7143e+00     0.1249      0.011    1466.90    114.038    11.7393 113.470770     8.2145     10.009  0.000e+00
      9.950     6.1522    28.1216    22.1054 5.7143e+00     0.1249      0.011    1466.85    114.165    11.7558 113.470770     8.2260     10.045  0.000e+00
      9.957     6.1473    28.1219    22.1062 5.6288e+00     0.1249      0.011    1466.83    114.293    11.7702 113.470771     8.2361     10.051  0.000e+00
      9.974     6.1258    28.1412    22.1238 5.5678e+00     0.1249      0.015    1466.77    114.365    11.7821 113.470771     8.2445     10.069  0.000e+00
      9.999     6.0829    28.1721    22.1530 5.5067e+00     0.1249      0.011    1466.63    114.429    11.7983 113.470772     8.2558     10.094  0.000e+00
     10.034     6.0396    28.1992    22.1792 5.4335e+00     0.1249      0.011    1466.49    114.489    11.8144 113.470772     8.2670     10.130  0.000e+00
     10.028     5.9946    28.2235    22.2034 5.3724e+00     0.1249      0.011    1466.34    114.605    11.8371 113.470773     8.2829     10.123  0.000e+00
     10.059     5.9607    28.2358    22.2168 5.2259e+00     0.1249      0.011    1466.22    114.650    11.8504 113.470773     8.2922     10.154  0.000e+00
     10.081     5.9230    28.2557    22.2367 5.1038e+00     0.1249      0.011    1466.09    114.753    11.8700 113.470774     8.3059     10.177  0.000e+00
     10.106     5.8961    28.2673    22.2488 5.0305e+00     0.1249      0.011    1466.00    114.854    11.8872 113.470774     8.3179     10.202  0.000e+00
     10.123     5.8876    28.2716    22.2531 4.9206e+00     0.1249      0.015    1465.97    114.881    11.8920 113.470774     8.3213     10.220  0.000e+00
     10.141     5.8971    28.2626    22.2450 4.7985e+00     0.1249      0.011    1466.00    115.020    11.9045 113.470775     8.3300     10.238  0.000e+00
     10.165     5.9195    28.2462    22.2295 4.5788e+00     0.1249      0.011    1466.07    115.040    11.9014 113.470775     8.3279     10.262  0.000e+00
     10.190     5.9335    28.2383    22.2218 4.2979e+00     0.1249      0.015    1466.12    115.116    11.9060 113.470776     8.3311     10.287  0.000e+00
     10.195     5.9699    28.2111    22.1963 4.0171e+00     0.1249      0.011    1466.23    114.998    11.8857 113.470776     8.3169     10.292  0.000e+00
     10.237     6.0370    28.1640    22.1518 3.8217e+00     0.1249      0.011    1466.44    115.099    11.8809 113.470777     8.3135     10.334  0.000e+00
     10.237     6.1032    28.1190    22.1088 3.6508e+00     0.1249      0.011    1466.65    115.215    11.8778 113.470777     8.3114     10.334  0.000e+00
     10.274     6.1436    28.0992    22.0887 3.7118e+00     0.1249      0.015    1466.79    115.283    11.8750 113.470778     8.3094     10.372  0.000e+00
     10.279     6.1670    28.0893    22.0783 3.6630e+00     0.1249      0.011    1466.87    115.292    11.8701 113.470778     8.3060     10.377  0.000e+00
     10.321     6.1803    28.0808    22.0701 3.4066e+00     0.1249      0.011    1466.92    115.304    11.8683 113.470779     8.3047     10.419  0.000e+00
     10.332     6.1906    28.0715    22.0616 3.1136e+00     0.1249      0.011    1466.95    115.369    11.8729 113.470779     8.3080     10.431  0.000e+00
     10.357     6.1596    28.0938    22.0827 2.8694e+00     0.1249      0.015    1466.85    115.445    11.8877 113.470780     8.3183     10.455  0.000e+00
     10.381     6.0974    28.1419    22.1275 2.7350e+00     0.1249      0.015    1466.66    115.529    11.9099 113.470780     8.3339     10.480  0.000e+00
     10.387     6.0298    28.1913    22.1741 2.6129e+00     0.1249      0.011    1466.45    115.557    11.9281 113.470781     8.3466     10.486  0.000e+00
     10.428     5.9731    28.2336    22.2138 2.5031e+00     0.1249      0.015    1466.27    115.575    11.9426 113.470781     8.3567     10.527  0.000e+00
     10.441     5.9296    28.2664    22.2444 2.4298e+00     0.1249      0.015    1466.14    115.650    11.9601 113.470782     8.3689     10.540  0.000e+00
     10.465     5.8841    28.3035    22.2787 2.4298e+00     0.1249      0.015    1466.00    115.670    11.9721 113.470782     8.3774     10.565  0.000e+00
     10.483     5.8611    28.3231    22.2966 2.4420e+00     0.1249      0.015    1465.93    115.746    11.9850 113.470783     8.3864     10.583  0.000e+00
     10.512     5.8367    28.3417    22.3140 2.4420e+00     0.1249      0.011    1465.86    115.759    11.9918 113.470783     8.3911     10.612  0.000e+00
