Ep1_230419_down.cnv
* Sea-Bird SBE 9 Data File:
* FileName = C:\CTD Brukere\NIVA\IO2019\20190423\Ep1_230419.hex
* Software Version Seasave V 7.23.2
* Temperature SN = 5352
* Conductivity SN = 3840
* Number of Bytes Per Scan = 28
* Number of Voltage Words = 4
* Number of Scans Averaged by the Deck Unit = 1
* NMEA baud rate = 4800
** Ship: R/V Trygve Braarud
** Cruise:
** Station:
** Operator:
# nquan = 14
# nvalues = 8619                                  
# units = specified
# name 0 = depSM: Depth [salt water, m], lat = 59.60
# name 1 = t090C: Temperature [ITS-90, deg C]
# name 2 = sal00: Salinity, Practical [PSU]
# name 3 = sigma-t00: Density [sigma-t, kg/m^3 ]
# name 4 = flSP: Fluorescence, Seapoint
# name 5 = wetStar: Fluorescence, WET Labs WETstar [mg/m^3]
# name 6 = seaTurbMtr: Turbidity, Seapoint [FTU]
# name 7 = svCM: Sound Velocity [Chen-Millero, m/s]
# name 8 = sbeox0PS: Oxygen, SBE 43 [% saturation]
# name 9 = sbeox0Mg/L: Oxygen, SBE 43 [mg/l]
# name 10 = timeJ: Julian Days
# name 11 = sbeox0ML/L: Oxygen, SBE 43 [ml/l]
# name 12 = prDM: Pressure, Digiquartz [db]
# name 13 = flag:  0.000e+00
# span 0 =     -0.221,    149.486                 
# span 1 =     4.7967,    10.1650                 
# span 2 =     2.7402,    33.6094                 
# span 3 =     1.9558,    26.1144                 
# span 4 = 1.3431e-01, 1.6716e+01                 
# span 5 =     0.1224,     0.1261                 
# span 6 =      0.004,      0.018                 
# span 7 =    1445.82,    1484.97                 
# span 8 =     40.050,    116.077                 
# span 9 =     3.7735,    12.1022                 
# span 10 = 113.470336, 113.474492                
# span 11 =     2.6405,     8.4684                
# span 12 =     -0.223,    150.959                
# span 13 = 0.0000e+00, 0.0000e+00                
# interval = seconds: 0.0416667
# start_time = Apr 23 2019 11:17:17 [System UpLoad Time]
# bad_flag = -9.990e-29
*END*
[from data line 4336]
     79.113     8.5057    33.5753    26.0793 1.4652e-01     0.1249      0.018    1483.92     51.407     4.8385 113.472427     3.3857     79.879  0.000e+00
     79.129     8.5057    33.5754    26.0793 1.4652e-01     0.1249      0.018    1483.92     51.409     4.8387 113.472427     3.3858     79.895  0.000e+00
     79.153     8.5061    33.5750    26.0790 1.4652e-01     0.1249      0.018    1483.93     51.404     4.8382 113.472428     3.3855     79.920  0.000e+00
     79.173     8.5061    33.5748    26.0788 1.4652e-01     0.1261      0.015    1483.93     51.400     4.8379 113.472428     3.3853     79.939  0.000e+00
     79.214     8.5059    33.5751    26.0790 1.4652e-01     0.1249      0.015    1483.93     51.397     4.8376 113.472429     3.3850     79.981  0.000e+00
     79.202     8.5059    33.5752    26.0791 1.4652e-01     0.1249      0.018    1483.93     51.394     4.8373 113.472429     3.3848     79.969  0.000e+00
     79.245     8.5056    33.5752    26.0791 1.4652e-01     0.1249      0.018    1483.93     51.392     4.8371 113.472430     3.3847     80.012  0.000e+00
     79.274     8.5059    33.5748    26.0789 1.4652e-01     0.1261      0.015    1483.93     51.390     4.8369 113.472430     3.3846     80.041  0.000e+00
     79.287     8.5057    33.5750    26.0790 1.4652e-01     0.1249      0.015    1483.93     51.327     4.8310 113.472431     3.3805     80.055  0.000e+00
     79.306     8.5057    33.5750    26.0790 1.4652e-01     0.1249      0.018    1483.93     51.382     4.8362 113.472431     3.3841     80.074  0.000e+00
     79.323     8.5054    33.5757    26.0796 1.4652e-01     0.1249      0.018    1483.93     51.382     4.8362 113.472432     3.3841     80.091  0.000e+00
     79.359     8.5054    33.5754    26.0794 1.4652e-01     0.1249      0.018    1483.93     51.383     4.8363 113.472432     3.3842     80.127  0.000e+00
     79.367     8.5053    33.5756    26.0796 1.4652e-01     0.1249      0.018    1483.93     51.385     4.8365 113.472432     3.3843     80.135  0.000e+00
     79.394     8.5053    33.5754    26.0794 1.4652e-01     0.1249      0.018    1483.93     51.387     4.8367 113.472433     3.3844     80.163  0.000e+00
     79.419     8.5049    33.5759    26.0798 1.4652e-01     0.1249      0.018    1483.93     51.390     4.8370 113.472433     3.3846     80.188  0.000e+00
     79.438     8.5047    33.5760    26.0799 1.4652e-01     0.1249      0.015    1483.93     51.331     4.8315 113.472434     3.3808     80.208  0.000e+00
     79.468     8.5043    33.5760    26.0800 1.4652e-01     0.1249      0.018    1483.93     51.390     4.8371 113.472434     3.3847     80.237  0.000e+00
     79.479     8.5038    33.5767    26.0806 1.4652e-01     0.1261      0.018    1483.92     51.395     4.8376 113.472435     3.3851     80.249  0.000e+00
     79.499     8.5040    33.5765    26.0805 1.4652e-01     0.1249      0.018    1483.93     51.401     4.8381 113.472435     3.3854     80.268  0.000e+00
     79.528     8.5040    33.5765    26.0805 1.4652e-01     0.1261      0.018    1483.93     51.345     4.8329 113.472436     3.3818     80.298  0.000e+00
     79.539     8.5041    33.5764    26.0803 1.4652e-01     0.1249      0.018    1483.93     51.345     4.8328 113.472436     3.3817     80.310  0.000e+00
     79.564     8.5040    33.5765    26.0804 1.4652e-01     0.1261      0.018    1483.93     51.346     4.8329 113.472437     3.3818     80.334  0.000e+00
     79.596     8.5037    33.5770    26.0809 1.4652e-01     0.1261      0.018    1483.93     51.347     4.8331 113.472437     3.3819     80.367  0.000e+00
     79.600     8.5040    33.5766    26.0805 1.4652e-01     0.1249      0.018    1483.93     51.342     4.8326 113.472438     3.3816     80.370  0.000e+00
     79.637     8.5037    33.5765    26.0805 1.4652e-01     0.1249      0.018    1483.93     51.338     4.8322 113.472438     3.3813     80.408  0.000e+00
     79.644     8.5036    33.5763    26.0804 1.4652e-01     0.1249      0.018    1483.93     51.342     4.8326 113.472439     3.3816     80.415  0.000e+00
     79.660     8.5037    33.5766    26.0806 1.4652e-01     0.1249      0.015    1483.93     51.346     4.8330 113.472439     3.3819     80.431  0.000e+00
     79.697     8.5035    33.5769    26.0808 1.4652e-01     0.1249      0.018    1483.93     51.344     4.8328 113.472440     3.3817     80.469  0.000e+00
     79.709     8.5034    33.5770    26.0810 1.4652e-01     0.1249      0.018    1483.93     51.343     4.8327 113.472440     3.3817     80.481  0.000e+00
     79.728     8.5037    33.5770    26.0809 1.4652e-01     0.1249      0.018    1483.93     51.342     4.8326 113.472441     3.3816     80.500  0.000e+00
     79.758     8.5037    33.5765    26.0805 1.4652e-01     0.1261      0.018    1483.93     51.280     4.8268 113.472441     3.3775     80.530  0.000e+00
     79.769     8.5035    33.5765    26.0806 1.4652e-01     0.1249      0.018    1483.93     51.343     4.8327 113.472442     3.3817     80.542  0.000e+00
     79.794     8.5037    33.5764    26.0804 1.4652e-01     0.1249      0.018    1483.93     51.345     4.8329 113.472442     3.3818     80.566  0.000e+00
     79.813     8.5035    33.5767    26.0807 1.4652e-01     0.1249      0.018    1483.93     51.354     4.8338 113.472443     3.3824     80.586  0.000e+00
     79.829     8.5033    33.5771    26.0810 1.4652e-01     0.1249      0.018    1483.93     51.296     4.8283 113.472443     3.3785     80.602  0.000e+00
     79.854     8.5037    33.5770    26.0809 1.4652e-01     0.1261      0.018    1483.93     51.293     4.8279 113.472444     3.3783     80.627  0.000e+00
     79.873     8.5037    33.5767    26.0807 1.4652e-01     0.1249      0.018    1483.93     51.290     4.8277 113.472444     3.3782     80.647  0.000e+00
     79.890     8.5037    33.5769    26.0808 1.4652e-01     0.1261      0.018    1483.93     51.289     4.8276 113.472445     3.3781     80.663  0.000e+00
     79.914     8.5038    33.5768    26.0808 1.4652e-01     0.1249      0.018    1483.93     51.288     4.8276 113.472445     3.3780     80.688  0.000e+00
     79.927     8.5038    33.5768    26.0807 1.4652e-01     0.1249      0.018    1483.93     51.289     4.8276 113.472446     3.3781     80.701  0.000e+00
     79.958     8.5038    33.5766    26.0805 1.4652e-01     0.1249      0.015    1483.93     51.290     4.8277 113.472446     3.3782     80.732  0.000e+00
     79.974     8.5040    33.5761    26.0801 1.4652e-01     0.1249      0.018    1483.93     51.292     4.8279 113.472446     3.3783     80.749  0.000e+00
     79.987     8.5040    33.5764    26.0804 1.4652e-01     0.1249      0.018    1483.93     51.288     4.8275 113.472447     3.3780     80.762  0.000e+00
     80.010     8.5040    33.5766    26.0805 1.4652e-01     0.1249      0.018    1483.93     51.284     4.8272 113.472447     3.3778     80.785  0.000e+00
     80.043     8.5040    33.5767    26.0806 1.4652e-01     0.1249      0.018    1483.93     51.289     4.8276 113.472448     3.3780     80.818  0.000e+00
     80.048     8.5041    33.5765    26.0804 1.4652e-01     0.1249      0.018    1483.93     51.286     4.8273 113.472448     3.3779     80.823  0.000e+00
     80.072     8.5040    33.5766    26.0805 1.4652e-01     0.1249      0.018    1483.93     51.285     4.8272 113.472449     3.3778     80.848  0.000e+00
     80.095     8.5043    33.5765    26.0804 1.4652e-01     0.1249      0.018    1483.94     51.284     4.8271 113.472449     3.3777     80.871  0.000e+00
     80.116     8.5043    33.5764    26.0803 1.4652e-01     0.1261      0.018    1483.94     51.283     4.8270 113.472450     3.3777     80.892  0.000e+00
     80.132     8.5043    33.5763    26.0802 1.4652e-01     0.1249      0.018    1483.94     51.283     4.8270 113.472450     3.3777     80.908  0.000e+00
     80.144     8.5043    33.5765    26.0804 1.4652e-01     0.1261      0.018    1483.94     51.284     4.8271 113.472451     3.3777     80.920  0.000e+00
     80.168     8.5041    33.5767    26.0806 1.4652e-01     0.1261      0.018    1483.94     51.224     4.8214 113.472451     3.3737     80.945  0.000e+00
     80.193     8.5041    33.5762    26.0802 1.4652e-01     0.1249      0.015    1483.94     51.219     4.8210 113.472452     3.3734     80.969  0.000e+00
     80.212     8.5040    33.5764    26.0804 1.4652e-01     0.1249      0.018    1483.94     51.215     4.8206 113.472452     3.3732     80.989  0.000e+00
     80.229     8.5040    33.5767    26.0806 1.4652e-01     0.1249      0.018    1483.94     51.211     4.8203 113.472453     3.3730     81.005  0.000e+00
     80.253     8.5041    33.5764    26.0804 1.4652e-01     0.1249      0.018    1483.94     51.209     4.8201 113.472453     3.3728     81.030  0.000e+00
     80.277     8.5040    33.5762    26.0802 1.4652e-01     0.1249      0.018    1483.94     51.208     4.8200 113.472454     3.3727     81.055  0.000e+00
     80.286     8.5040    33.5764    26.0803 1.4652e-01     0.1249      0.015    1483.94     51.200     4.8192 113.472454     3.3722     81.063  0.000e+00
     80.313     8.5040    33.5765    26.0804 1.4652e-01     0.1249      0.018    1483.94     51.200     4.8192 113.472455     3.3722     81.091  0.000e+00
     80.313     8.5037    33.5768    26.0807 1.4652e-01     0.1249      0.018    1483.94     51.201     4.8193 113.472455     3.3723     81.091  0.000e+00
     80.349     8.5040    33.5765    26.0804 1.4652e-01     0.1249      0.015    1483.94     51.203     4.8195 113.472456     3.3724     81.127  0.000e+00
     80.374     8.5040    33.5767    26.0806 1.4652e-01     0.1249      0.018    1483.94     51.206     4.8198 113.472456     3.3726     81.152  0.000e+00
     80.393     8.5041    33.5764    26.0803 1.4652e-01     0.1261      0.018    1483.94     51.148     4.8143 113.472457     3.3688     81.172  0.000e+00
     80.422     8.5042    33.5762    26.0802 1.4652e-01     0.1249      0.015    1483.94     51.146     4.8141 113.472457     3.3686     81.201  0.000e+00
     80.434     8.5041    33.5765    26.0804 1.4652e-01     0.1261      0.018    1483.94     51.137     4.8133 113.472458     3.3680     81.213  0.000e+00
     80.445     8.5041    33.5766    26.0805 1.4652e-01     0.1249      0.018    1483.94     51.137     4.8132 113.472458     3.3680     81.224  0.000e+00
     80.470     8.5041    33.5764    26.0803 1.4652e-01     0.1249      0.018    1483.94     51.138     4.8134 113.472459     3.3681     81.249  0.000e+00
     80.491     8.5041    33.5762    26.0802 1.4652e-01     0.1261      0.018    1483.94     51.140     4.8136 113.472459     3.3683     81.270  0.000e+00
     80.507     8.5041    33.5762    26.0802 1.4652e-01     0.1249      0.018    1483.94     51.136     4.8132 113.472459     3.3680     81.287  0.000e+00
     80.543     8.5037    33.5772    26.0810 1.4652e-01     0.1261      0.018    1483.94     51.133     4.8129 113.472460     3.3678     81.323  0.000e+00
     80.543     8.5035    33.5767    26.0807 1.4652e-01     0.1249      0.018    1483.94     51.131     4.8127 113.472460     3.3677     81.323  0.000e+00
     80.567     8.5030    33.5774    26.0813 1.4652e-01     0.1261      0.018    1483.94     51.129     4.8126 113.472461     3.3676     81.348  0.000e+00
     80.587     8.5027    33.5777    26.0816 1.4652e-01     0.1249      0.015    1483.94     51.067     4.8068 113.472461     3.3635     81.367  0.000e+00
     80.615     8.5028    33.5775    26.0814 1.4652e-01     0.1249      0.015    1483.94     51.122     4.8120 113.472462     3.3672     81.395  0.000e+00
     80.628     8.5030    33.5773    26.0812 1.4652e-01     0.1261      0.018    1483.94     51.062     4.8063 113.472462     3.3632     81.409  0.000e+00
     80.652     8.5032    33.5771    26.0811 1.4652e-01     0.1249      0.018    1483.94     51.120     4.8117 113.472463     3.3670     81.433  0.000e+00
     80.675     8.5032    33.5773    26.0812 1.4652e-01     0.1261      0.018    1483.94     51.062     4.8063 113.472463     3.3631     81.456  0.000e+00
     80.685     8.5034    33.5770    26.0809 1.4652e-01     0.1249      0.018    1483.94     51.059     4.8060 113.472464     3.3630     81.466  0.000e+00
     80.712     8.5030    33.5768    26.0808 1.4652e-01     0.1249      0.018    1483.94     51.058     4.8060 113.472464     3.3629     81.494  0.000e+00
     80.724     8.5035    33.5768    26.0808 1.3431e-01     0.1249      0.018    1483.94     51.051     4.8052 113.472465     3.3624     81.506  0.000e+00
     80.748     8.5032    33.5769    26.0809 1.4652e-01     0.1261      0.018    1483.94     51.052     4.8054 113.472465     3.3625     81.530  0.000e+00
     80.760     8.5030    33.5769    26.0809 1.4652e-01     0.1249      0.018    1483.94     51.054     4.8056 113.472466     3.3627     81.542  0.000e+00
     80.784     8.5032    33.5767    26.0808 1.4652e-01     0.1249      0.018    1483.94     51.058     4.8059 113.472466     3.3629     81.566  0.000e+00
     80.805     8.5028    33.5776    26.0815 1.4652e-01     0.1249      0.015    1483.94     51.055     4.8057 113.472467     3.3627     81.588  0.000e+00
     80.833     8.5027    33.5780    26.0819 1.4652e-01     0.1249      0.018    1483.94     51.053     4.8055 113.472467     3.3626     81.616  0.000e+00
     80.844     8.5029    33.5772    26.0812 1.4652e-01     0.1249      0.018    1483.94     51.052     4.8054 113.472468     3.3625     81.627  0.000e+00
     80.857     8.5029    33.5772    26.0812 1.4652e-01     0.1249      0.018    1483.94     51.052     4.8053 113.472468     3.3625     81.641  0.000e+00
     80.880     8.5029    33.5773    26.0812 1.4652e-01     0.1249      0.018    1483.94     51.052     4.8054 113.472469     3.3625     81.664  0.000e+00
     80.905     8.5027    33.5772    26.0812 1.4652e-01     0.1249      0.018    1483.94     51.054     4.8056 113.472469     3.3627     81.688  0.000e+00
     80.914     8.5025    33.5777    26.0816 1.4652e-01     0.1249      0.018    1483.94     51.056     4.8058 113.472470     3.3628     81.698  0.000e+00
     80.942     8.5027    33.5775    26.0815 1.4652e-01     0.1249      0.015    1483.95     51.060     4.8061 113.472470     3.3630     81.726  0.000e+00
     80.965     8.5027    33.5774    26.0813 1.4652e-01     0.1249      0.018    1483.95     51.064     4.8065 113.472471     3.3633     81.749  0.000e+00
     80.978     8.5025    33.5776    26.0815 1.4652e-01     0.1261      0.018    1483.95     51.007     4.8012 113.472471     3.3596     81.762  0.000e+00
     80.989     8.5026    33.5772    26.0812 1.4652e-01     0.1249      0.018    1483.95     51.007     4.8011 113.472472     3.3596     81.774  0.000e+00
     81.025     8.5025    33.5772    26.0813 1.4652e-01     0.1261      0.018    1483.95     51.007     4.8012 113.472472     3.3596     81.810  0.000e+00
     81.038     8.5025    33.5777    26.0816 1.4652e-01     0.1249      0.018    1483.95     51.071     4.8072 113.472473     3.3638     81.823  0.000e+00
     81.059     8.5027    33.5775    26.0814 1.4652e-01     0.1249      0.018    1483.95     51.018     4.8022 113.472473     3.3603     81.845  0.000e+00
     81.074     8.5027    33.5773    26.0813 1.4652e-01     0.1249      0.018    1483.95     51.022     4.8026 113.472473     3.3606     81.859  0.000e+00
     81.087     8.5025    33.5775    26.0815 1.4652e-01     0.1249      0.015    1483.95     51.027     4.8031 113.472474     3.3609     81.873  0.000e+00
     81.123     8.5027    33.5773    26.0813 1.4652e-01     0.1249      0.018    1483.95     51.033     4.8036 113.472474     3.3613     81.909  0.000e+00
     81.147     8.5024    33.5776    26.0816 1.4652e-01     0.1249      0.018    1483.95     51.033     4.8036 113.472475     3.3613     81.933  0.000e+00
     81.147     8.5024    33.5778    26.0817 1.4652e-01     0.1261      0.015    1483.95     51.034     4.8037 113.472475     3.3613     81.933  0.000e+00
