Ep1_230419_down.cnv
* Sea-Bird SBE 9 Data File:
* FileName = C:\CTD Brukere\NIVA\IO2019\20190423\Ep1_230419.hex
* Software Version Seasave V 7.23.2
* Temperature SN = 5352
* Conductivity SN = 3840
* Number of Bytes Per Scan = 28
* Number of Voltage Words = 4
* Number of Scans Averaged by the Deck Unit = 1
* NMEA baud rate = 4800
** Ship: R/V Trygve Braarud
** Cruise:
** Station:
** Operator:
# nquan = 14
# nvalues = 8619                                  
# units = specified
# name 0 = depSM: Depth [salt water, m], lat = 59.60
# name 1 = t090C: Temperature [ITS-90, deg C]
# name 2 = sal00: Salinity, Practical [PSU]
# name 3 = sigma-t00: Density [sigma-t, kg/m^3 ]
# name 4 = flSP: Fluorescence, Seapoint
# name 5 = wetStar: Fluorescence, WET Labs WETstar [mg/m^3]
# name 6 = seaTurbMtr: Turbidity, Seapoint [FTU]
# name 7 = svCM: Sound Velocity [Chen-Millero, m/s]
# name 8 = sbeox0PS: Oxygen, SBE 43 [% saturation]
# name 9 = sbeox0Mg/L: Oxygen, SBE 43 [mg/l]
# name 10 = timeJ: Julian Days
# name 11 = sbeox0ML/L: Oxygen, SBE 43 [ml/l]
# name 12 = prDM: Pressure, Digiquartz [db]
# name 13 = flag:  0.000e+00
# span 0 =     -0.221,    149.486                 
# span 1 =     4.7967,    10.1650                 
# span 2 =     2.7402,    33.6094                 
# span 3 =     1.9558,    26.1144                 
# span 4 = 1.3431e-01, 1.6716e+01                 
# span 5 =     0.1224,     0.1261                 
# span 6 =      0.004,      0.018                 
# span 7 =    1445.82,    1484.97                 
# span 8 =     40.050,    116.077                 
# span 9 =     3.7735,    12.1022                 
# span 10 = 113.470336, 113.474492                
# span 11 =     2.6405,     8.4684                
# span 12 =     -0.223,    150.959                
# span 13 = 0.0000e+00, 0.0000e+00                
# interval = seconds: 0.0416667
# start_time = Apr 23 2019 11:17:17 [System UpLoad Time]
# bad_flag = -9.990e-29
*END*
[from data line 3613]
     64.267     8.5469    33.5515    26.0543 1.4652e-01     0.1249      0.018    1483.80     51.718     4.8641 113.472078     3.4036     64.887  0.000e+00
     64.279     8.5472    33.5510    26.0539 1.4652e-01     0.1261      0.018    1483.80     51.720     4.8643 113.472079     3.4037     64.899  0.000e+00
     64.293     8.5468    33.5505    26.0535 1.4652e-01     0.1261      0.018    1483.80     51.722     4.8645 113.472079     3.4039     64.914  0.000e+00
     64.315     8.5465    33.5503    26.0534 1.4652e-01     0.1249      0.018    1483.80     51.662     4.8589 113.472079     3.4000     64.935  0.000e+00
     64.328     8.5465    33.5500    26.0532 1.4652e-01     0.1261      0.018    1483.80     51.718     4.8642 113.472080     3.4037     64.948  0.000e+00
     64.350     8.5467    33.5491    26.0525 1.4652e-01     0.1249      0.018    1483.80     51.719     4.8643 113.472080     3.4038     64.971  0.000e+00
     64.388     8.5463    33.5493    26.0527 1.4652e-01     0.1249      0.018    1483.80     51.720     4.8645 113.472081     3.4039     65.009  0.000e+00
     64.388     8.5462    33.5489    26.0524 1.4652e-01     0.1261      0.018    1483.80     51.721     4.8645 113.472081     3.4039     65.009  0.000e+00
     64.414     8.5461    33.5490    26.0525 1.4652e-01     0.1249      0.018    1483.80     51.721     4.8646 113.472082     3.4040     65.035  0.000e+00
     64.435     8.5462    33.5491    26.0525 1.4652e-01     0.1249      0.018    1483.80     51.722     4.8646 113.472082     3.4040     65.057  0.000e+00
     64.448     8.5460    33.5494    26.0528 1.4652e-01     0.1249      0.018    1483.80     51.721     4.8646 113.472083     3.4039     65.070  0.000e+00
     64.471     8.5462    33.5494    26.0528 1.4652e-01     0.1249      0.015    1483.80     51.721     4.8645 113.472083     3.4039     65.093  0.000e+00
     64.495     8.5460    33.5494    26.0528 1.4652e-01     0.1249      0.018    1483.80     51.720     4.8645 113.472084     3.4039     65.117  0.000e+00
     64.512     8.5462    33.5493    26.0527 1.4652e-01     0.1249      0.018    1483.80     51.719     4.8644 113.472084     3.4038     65.134  0.000e+00
     64.533     8.5460    33.5498    26.0531 1.4652e-01     0.1249      0.018    1483.80     51.718     4.8642 113.472085     3.4037     65.155  0.000e+00
     64.544     8.5462    33.5502    26.0534 1.4652e-01     0.1249      0.018    1483.80     51.716     4.8640 113.472085     3.4036     65.167  0.000e+00
     64.568     8.5463    33.5508    26.0538 1.4652e-01     0.1249      0.018    1483.80     51.776     4.8696 113.472086     3.4075     65.191  0.000e+00
     64.593     8.5462    33.5513    26.0543 1.4652e-01     0.1249      0.018    1483.80     51.788     4.8708 113.472086     3.4083     65.216  0.000e+00
     64.594     8.5465    33.5505    26.0536 1.4652e-01     0.1249      0.018    1483.80     51.792     4.8711 113.472087     3.4085     65.218  0.000e+00
     64.616     8.5460    33.5498    26.0531 1.4652e-01     0.1249      0.018    1483.80     51.796     4.8716 113.472087     3.4088     65.239  0.000e+00
     64.640     8.5460    33.5495    26.0529 1.4652e-01     0.1249      0.018    1483.80     51.799     4.8719 113.472088     3.4090     65.264  0.000e+00
     64.664     8.5462    33.5491    26.0525 1.4652e-01     0.1249      0.018    1483.80     51.801     4.8721 113.472088     3.4092     65.288  0.000e+00
     64.679     8.5460    33.5491    26.0526 1.4652e-01     0.1261      0.018    1483.80     51.803     4.8723 113.472089     3.4093     65.303  0.000e+00
     64.700     8.5459    33.5488    26.0523 1.4652e-01     0.1249      0.018    1483.80     51.812     4.8731 113.472089     3.4099     65.324  0.000e+00
     64.725     8.5459    33.5489    26.0524 1.4652e-01     0.1249      0.018    1483.80     51.820     4.8739 113.472090     3.4105     65.349  0.000e+00
     64.749     8.5458    33.5491    26.0526 1.5873e-01     0.1249      0.015    1483.80     51.828     4.8747 113.472090     3.4110     65.374  0.000e+00
     64.773     8.5460    33.5493    26.0527 1.7094e-01     0.1261      0.018    1483.80     51.829     4.8747 113.472091     3.4110     65.398  0.000e+00
     64.777     8.5460    33.5497    26.0530 1.5873e-01     0.1249      0.018    1483.81     51.890     4.8805 113.472091     3.4151     65.402  0.000e+00
     64.809     8.5462    33.5498    26.0531 1.5873e-01     0.1249      0.018    1483.81     51.896     4.8810 113.472092     3.4154     65.434  0.000e+00
     64.821     8.5463    33.5501    26.0533 1.4652e-01     0.1249      0.018    1483.81     51.840     4.8757 113.472092     3.4117     65.446  0.000e+00
     64.845     8.5462    33.5500    26.0532 1.5873e-01     0.1249      0.018    1483.81     51.906     4.8819 113.472092     3.4161     65.471  0.000e+00
     64.860     8.5463    33.5500    26.0532 1.4652e-01     0.1261      0.018    1483.81     51.910     4.8823 113.472093     3.4163     65.485  0.000e+00
     64.881     8.5462    33.5507    26.0538 1.5873e-01     0.1249      0.018    1483.81     51.913     4.8826 113.472093     3.4165     65.507  0.000e+00
     64.905     8.5463    33.5510    26.0540 1.7094e-01     0.1261      0.018    1483.81     51.916     4.8828 113.472094     3.4167     65.531  0.000e+00
     64.930     8.5462    33.5517    26.0546 1.8315e-01     0.1261      0.018    1483.81     51.917     4.8829 113.472094     3.4168     65.556  0.000e+00
     64.957     8.5459    33.5519    26.0548 1.9536e-01     0.1261      0.015    1483.81     51.925     4.8837 113.472095     3.4173     65.584  0.000e+00
     64.954     8.5462    33.5518    26.0546 1.8315e-01     0.1249      0.018    1483.81     51.932     4.8843 113.472095     3.4177     65.581  0.000e+00
     64.990     8.5460    33.5521    26.0549 1.7094e-01     0.1249      0.018    1483.81     51.939     4.8849 113.472096     3.4182     65.617  0.000e+00
     65.014     8.5463    33.5517    26.0546 1.5873e-01     0.1249      0.018    1483.81     51.937     4.8848 113.472096     3.4181     65.641  0.000e+00
     65.040     8.5460    33.5525    26.0552 1.5873e-01     0.1249      0.015    1483.81     51.935     4.8846 113.472097     3.4179     65.668  0.000e+00
     65.050     8.5460    33.5524    26.0551 1.4652e-01     0.1249      0.018    1483.81     52.001     4.8908 113.472097     3.4223     65.678  0.000e+00
     65.063     8.5463    33.5523    26.0550 1.4652e-01     0.1249      0.018    1483.81     51.950     4.8859 113.472098     3.4189     65.691  0.000e+00
     65.086     8.5460    33.5526    26.0553 1.4652e-01     0.1261      0.018    1483.81     51.953     4.8862 113.472098     3.4191     65.714  0.000e+00
     65.113     8.5463    33.5524    26.0551 1.4652e-01     0.1249      0.018    1483.82     51.955     4.8864 113.472099     3.4192     65.742  0.000e+00
     65.135     8.5463    33.5525    26.0552 1.4652e-01     0.1249      0.015    1483.82     51.949     4.8859 113.472099     3.4188     65.763  0.000e+00
     65.146     8.5461    33.5529    26.0555 1.4652e-01     0.1261      0.015    1483.82     51.950     4.8859 113.472100     3.4189     65.774  0.000e+00
     65.183     8.5462    33.5523    26.0550 1.4652e-01     0.1249      0.018    1483.82     51.950     4.8860 113.472100     3.4189     65.812  0.000e+00
     65.198     8.5462    33.5519    26.0547 1.4652e-01     0.1249      0.018    1483.82     51.949     4.8859 113.472101     3.4189     65.827  0.000e+00
     65.195     8.5462    33.5523    26.0550 1.4652e-01     0.1249      0.018    1483.82     51.948     4.8858 113.472101     3.4188     65.824  0.000e+00
     65.244     8.5461    33.5525    26.0552 1.4652e-01     0.1249      0.018    1483.82     51.947     4.8857 113.472102     3.4187     65.873  0.000e+00
     65.258     8.5460    33.5526    26.0553 1.4652e-01     0.1249      0.018    1483.82     51.945     4.8855 113.472102     3.4186     65.888  0.000e+00
     65.268     8.5460    33.5528    26.0554 1.4652e-01     0.1261      0.018    1483.82     52.003     4.8910 113.472103     3.4224     65.898  0.000e+00
     65.304     8.5462    33.5527    26.0554 1.4652e-01     0.1249      0.015    1483.82     51.999     4.8906 113.472103     3.4222     65.934  0.000e+00
     65.328     8.5458    33.5532    26.0558 1.4652e-01     0.1249      0.018    1483.82     51.940     4.8850 113.472104     3.4183     65.958  0.000e+00
     65.343     8.5457    33.5535    26.0561 1.4652e-01     0.1261      0.018    1483.82     51.996     4.8903 113.472104     3.4220     65.973  0.000e+00
     65.364     8.5459    33.5528    26.0555 1.4652e-01     0.1249      0.018    1483.82     51.997     4.8904 113.472105     3.4220     65.995  0.000e+00
     65.400     8.5459    33.5526    26.0554 1.4652e-01     0.1249      0.018    1483.82     51.997     4.8904 113.472105     3.4220     66.031  0.000e+00
     65.403     8.5459    33.5526    26.0554 1.4652e-01     0.1249      0.018    1483.82     51.996     4.8903 113.472106     3.4219     66.034  0.000e+00
     65.436     8.5458    33.5531    26.0557 1.4652e-01     0.1261      0.018    1483.82     51.994     4.8901 113.472106     3.4218     66.067  0.000e+00
     65.449     8.5459    33.5538    26.0563 1.4652e-01     0.1249      0.018    1483.82     51.991     4.8898 113.472106     3.4216     66.080  0.000e+00
     65.473     8.5455    33.5540    26.0565 1.4652e-01     0.1249      0.015    1483.82     51.987     4.8895 113.472107     3.4214     66.105  0.000e+00
     65.486     8.5455    33.5542    26.0566 1.4652e-01     0.1261      0.018    1483.82     51.983     4.8891 113.472107     3.4211     66.118  0.000e+00
     65.520     8.5452    33.5546    26.0570 1.4652e-01     0.1249      0.018    1483.82     51.977     4.8886 113.472108     3.4207     66.152  0.000e+00
     65.533     8.5452    33.5546    26.0570 1.4652e-01     0.1249      0.018    1483.82     51.971     4.8880 113.472108     3.4203     66.166  0.000e+00
     65.546     8.5452    33.5542    26.0567 1.4652e-01     0.1249      0.018    1483.82     52.025     4.8931 113.472109     3.4239     66.179  0.000e+00
     65.580     8.5452    33.5541    26.0566 1.4652e-01     0.1261      0.015    1483.82     51.970     4.8879 113.472109     3.4203     66.213  0.000e+00
     65.605     8.5453    33.5536    26.0562 1.4652e-01     0.1249      0.018    1483.82     51.968     4.8877 113.472110     3.4202     66.238  0.000e+00
     65.606     8.5455    33.5529    26.0556 1.4652e-01     0.1261      0.018    1483.82     51.966     4.8875 113.472110     3.4200     66.239  0.000e+00
     65.641     8.5455    33.5529    26.0556 1.4652e-01     0.1249      0.018    1483.82     52.025     4.8931 113.472111     3.4239     66.274  0.000e+00
     65.665     8.5457    33.5524    26.0552 1.4652e-01     0.1249      0.018    1483.82     52.028     4.8934 113.472111     3.4241     66.299  0.000e+00
     65.691     8.5458    33.5522    26.0550 1.4652e-01     0.1249      0.018    1483.82     52.031     4.8936 113.472112     3.4243     66.325  0.000e+00
     65.689     8.5460    33.5520    26.0549 1.4652e-01     0.1249      0.018    1483.82     52.032     4.8937 113.472112     3.4243     66.323  0.000e+00
     65.738     8.5457    33.5525    26.0553 1.4652e-01     0.1261      0.018    1483.82     52.033     4.8938 113.472113     3.4244     66.373  0.000e+00
     65.740     8.5455    33.5528    26.0555 1.4652e-01     0.1249      0.018    1483.82     52.033     4.8938 113.472113     3.4244     66.374  0.000e+00
     65.774     8.5456    33.5532    26.0558 1.4652e-01     0.1249      0.018    1483.82     52.032     4.8937 113.472114     3.4243     66.409  0.000e+00
     65.785     8.5457    33.5530    26.0557 1.4652e-01     0.1249      0.018    1483.82     52.030     4.8935 113.472114     3.4242     66.420  0.000e+00
     65.812     8.5457    33.5530    26.0556 1.4652e-01     0.1249      0.018    1483.82     52.035     4.8940 113.472115     3.4245     66.446  0.000e+00
     65.834     8.5455    33.5536    26.0561 1.4652e-01     0.1249      0.018    1483.83     52.039     4.8943 113.472115     3.4248     66.469  0.000e+00
     65.846     8.5455    33.5538    26.0563 1.4652e-01     0.1249      0.015    1483.83     52.034     4.8939 113.472116     3.4245     66.481  0.000e+00
     65.872     8.5454    33.5539    26.0564 1.4652e-01     0.1249      0.018    1483.83     52.037     4.8942 113.472116     3.4247     66.507  0.000e+00
     65.883     8.5452    33.5540    26.0565 1.4652e-01     0.1249      0.018    1483.83     52.039     4.8944 113.472117     3.4248     66.519  0.000e+00
     65.930     8.5454    33.5536    26.0562 1.4652e-01     0.1261      0.018    1483.83     52.102     4.9003 113.472117     3.4290     66.566  0.000e+00
     65.932     8.5454    33.5533    26.0560 1.4652e-01     0.1249      0.018    1483.83     52.109     4.9010 113.472118     3.4294     66.568  0.000e+00
     65.955     8.5455    33.5531    26.0558 1.4652e-01     0.1249      0.018    1483.83     52.116     4.9016 113.472118     3.4299     66.591  0.000e+00
     65.966     8.5455    33.5525    26.0553 1.4652e-01     0.1261      0.018    1483.83     52.122     4.9022 113.472119     3.4303     66.603  0.000e+00
     66.005     8.5455    33.5528    26.0555 1.4652e-01     0.1249      0.018    1483.83     52.127     4.9027 113.472119     3.4306     66.642  0.000e+00
     66.015     8.5457    33.5529    26.0556 1.4652e-01     0.1249      0.018    1483.83     52.131     4.9030 113.472120     3.4308     66.652  0.000e+00
     66.039     8.5455    33.5528    26.0555 1.4652e-01     0.1249      0.018    1483.83     52.134     4.9033 113.472120     3.4311     66.677  0.000e+00
     66.054     8.5460    33.5527    26.0553 1.4652e-01     0.1249      0.018    1483.83     52.136     4.9035 113.472120     3.4312     66.691  0.000e+00
     66.075     8.5457    33.5529    26.0556 1.4652e-01     0.1249      0.018    1483.83     52.145     4.9043 113.472121     3.4318     66.713  0.000e+00
     66.100     8.5455    33.5530    26.0557 1.4652e-01     0.1249      0.018    1483.83     52.145     4.9044 113.472121     3.4318     66.737  0.000e+00
     66.126     8.5455    33.5535    26.0561 1.4652e-01     0.1249      0.015    1483.83     52.145     4.9044 113.472122     3.4318     66.764  0.000e+00
     66.135     8.5454    33.5537    26.0563 1.4652e-01     0.1261      0.018    1483.83     52.144     4.9043 113.472122     3.4317     66.773  0.000e+00
     66.171     8.5451    33.5538    26.0564 1.4652e-01     0.1249      0.018    1483.83     52.204     4.9099 113.472123     3.4357     66.810  0.000e+00
     66.197     8.5454    33.5534    26.0560 1.4652e-01     0.1249      0.018    1483.83     52.208     4.9103 113.472123     3.4359     66.836  0.000e+00
     66.196     8.5453    33.5532    26.0559 1.4652e-01     0.1249      0.018    1483.83     52.149     4.9048 113.472124     3.4321     66.834  0.000e+00
     66.210     8.5452    33.5534    26.0560 1.4652e-01     0.1249      0.015    1483.83     52.205     4.9101 113.472124     3.4358     66.849  0.000e+00
     66.244     8.5454    33.5529    26.0556 1.4652e-01     0.1261      0.018    1483.83     52.145     4.9043 113.472125     3.4318     66.884  0.000e+00
     66.269     8.5455    33.5526    26.0553 1.4652e-01     0.1249      0.018    1483.83     52.137     4.9037 113.472125     3.4313     66.908  0.000e+00
     66.282     8.5453    33.5528    26.0555 1.4652e-01     0.1249      0.018    1483.83     52.129     4.9029 113.472126     3.4308     66.921  0.000e+00
     66.305     8.5455    33.5530    26.0557 1.4652e-01     0.1249      0.018    1483.83     52.189     4.9085 113.472126     3.4347     66.944  0.000e+00
     66.331     8.5454    33.5533    26.0560 1.4652e-01     0.1249      0.018    1483.83     52.194     4.9090 113.472127     3.4350     66.971  0.000e+00
     66.340     8.5451    33.5537    26.0563 1.4652e-01     0.1249      0.015    1483.83     52.190     4.9086 113.472127     3.4348     66.981  0.000e+00
