Ep1_200519_down.cnv
* Sea-Bird SBE 9 Data File:
* FileName = C:\CTD Brukere\NIVA\IO2019\20190520\Ep1_200519.hex
* Software Version Seasave V 7.23.2
* Temperature SN = 5352
* Conductivity SN = 3840
* Number of Bytes Per Scan = 28
* Number of Voltage Words = 4
* Number of Scans Averaged by the Deck Unit = 1
* NMEA baud rate = 4800
** Ship: R/V Trygve Braarud
** Cruise:
** Station:
** Operator:
# nquan = 14
# nvalues = 7051                                  
# units = specified
# name 0 = depSM: Depth [salt water, m], lat = 59.60
# name 1 = t090C: Temperature [ITS-90, deg C]
# name 2 = sal00: Salinity, Practical [PSU]
# name 3 = sigma-t00: Density [sigma-t, kg/m^3 ]
# name 4 = flSP: Fluorescence, Seapoint
# name 5 = wetStar: Fluorescence, WET Labs WETstar [mg/m^3]
# name 6 = seaTurbMtr: Turbidity, Seapoint [FTU]
# name 7 = svCM: Sound Velocity [Chen-Millero, m/s]
# name 8 = sbeox0PS: Oxygen, SBE 43 [% saturation]
# name 9 = sbeox0Mg/L: Oxygen, SBE 43 [mg/l]
# name 10 = timeJ: Julian Days
# name 11 = sbeox0ML/L: Oxygen, SBE 43 [ml/l]
# name 12 = prDM: Pressure, Digiquartz [db]
# name 13 = flag:  0.000e+00
# span 0 =     -0.029,    149.857                 
# span 1 =     5.6756,    13.5223                 
# span 2 =    25.5282,    33.6049                 
# span 3 =    18.9732,    26.1104                 
# span 4 = 1.5873e-01, 4.3712e+00                 
# span 5 =     0.1237,     0.1261                 
# span 6 =      0.007,      0.018                 
# span 7 =    1468.12,    1490.99                 
# span 8 =     39.010,     99.328                 
# span 9 =     3.6753,     9.8375                 
# span 10 = 140.434988, 140.438388                
# span 11 =     2.5717,     6.8837                
# span 12 =     -0.029,    151.334                
# span 13 = 0.0000e+00, 0.0000e+00                
# interval = seconds: 0.0416667
# start_time = May 20 2019 10:26:23 [System UpLoad Time]
# bad_flag = -9.990e-29
*END*
[from data line 6813]
    146.489     8.4623    33.6036    26.1080 1.5873e-01     0.1261      0.018    1484.91     41.945     3.9511 140.438274     2.7647    147.931  0.000e+00
    146.495     8.4625    33.6035    26.1080 1.5873e-01     0.1249      0.018    1484.92     41.954     3.9519 140.438274     2.7653    147.938  0.000e+00
    146.520     8.4625    33.6034    26.1078 1.5873e-01     0.1249      0.018    1484.92     41.897     3.9466 140.438275     2.7616    147.963  0.000e+00
    146.549     8.4626    33.6036    26.1080 1.7094e-01     0.1249      0.018    1484.92     41.899     3.9467 140.438275     2.7617    147.993  0.000e+00
    146.569     8.4625    33.6039    26.1083 1.5873e-01     0.1249      0.018    1484.92     41.966     3.9530 140.438276     2.7661    148.012  0.000e+00
    146.574     8.4625    33.6037    26.1081 1.5873e-01     0.1249      0.015    1484.92     41.918     3.9485 140.438276     2.7630    148.017  0.000e+00
    146.605     8.4628    33.6038    26.1081 1.5873e-01     0.1249      0.015    1484.92     41.929     3.9496 140.438277     2.7637    148.049  0.000e+00
    146.630     8.4628    33.6037    26.1081 1.5873e-01     0.1249      0.018    1484.92     41.874     3.9443 140.438277     2.7600    148.074  0.000e+00
    146.646     8.4629    33.6035    26.1079 1.5873e-01     0.1249      0.018    1484.92     41.869     3.9439 140.438278     2.7597    148.090  0.000e+00
    146.654     8.4629    33.6030    26.1074 1.5873e-01     0.1249      0.018    1484.92     41.875     3.9444 140.438278     2.7601    148.099  0.000e+00
    146.679     8.4625    33.6032    26.1077 1.5873e-01     0.1249      0.018    1484.92     41.876     3.9446 140.438279     2.7602    148.123  0.000e+00
    146.695     8.4623    33.6034    26.1079 1.5873e-01     0.1249      0.018    1484.92     41.881     3.9451 140.438279     2.7605    148.140  0.000e+00
    146.703     8.4616    33.6035    26.1081 1.5873e-01     0.1261      0.018    1484.92     41.889     3.9458 140.438280     2.7611    148.148  0.000e+00
    146.733     8.4616    33.6034    26.1080 1.5873e-01     0.1249      0.018    1484.92     41.837     3.9410 140.438280     2.7577    148.178  0.000e+00
    146.753     8.4615    33.6035    26.1081 1.5873e-01     0.1261      0.018    1484.92     41.836     3.9409 140.438281     2.7576    148.198  0.000e+00
    146.775     8.4613    33.6041    26.1086 1.5873e-01     0.1249      0.018    1484.92     41.838     3.9411 140.438281     2.7578    148.221  0.000e+00
    146.794     8.4616    33.6040    26.1085 1.5873e-01     0.1249      0.018    1484.92     41.844     3.9416 140.438282     2.7581    148.239  0.000e+00
    146.838     8.4615    33.6036    26.1082 1.5873e-01     0.1249      0.018    1484.92     41.845     3.9417 140.438282     2.7582    148.284  0.000e+00
    146.843     8.4613    33.6036    26.1082 1.5873e-01     0.1261      0.018    1484.92     41.793     3.9368 140.438283     2.7548    148.289  0.000e+00
    146.862     8.4613    33.6038    26.1083 1.5873e-01     0.1249      0.018    1484.92     41.793     3.9368 140.438283     2.7547    148.309  0.000e+00
    146.887     8.4612    33.6038    26.1084 1.7094e-01     0.1261      0.018    1484.92     41.795     3.9370 140.438284     2.7549    148.334  0.000e+00
    146.903     8.4608    33.6035    26.1082 1.5873e-01     0.1261      0.018    1484.92     41.801     3.9376 140.438284     2.7553    148.350  0.000e+00
    146.923     8.4608    33.6036    26.1082 1.5873e-01     0.1249      0.018    1484.92     41.809     3.9384 140.438285     2.7559    148.370  0.000e+00
    146.952     8.4605    33.6036    26.1084 1.5873e-01     0.1261      0.018    1484.92     41.751     3.9329 140.438285     2.7520    148.400  0.000e+00
    146.959     8.4607    33.6037    26.1084 1.5873e-01     0.1249      0.015    1484.92     41.751     3.9329 140.438286     2.7520    148.406  0.000e+00
    146.964     8.4607    33.6035    26.1082 1.5873e-01     0.1261      0.018    1484.92     41.753     3.9332 140.438286     2.7522    148.411  0.000e+00
    147.008     8.4603    33.6037    26.1085 1.5873e-01     0.1249      0.018    1484.92     41.759     3.9338 140.438287     2.7526    148.456  0.000e+00
    147.008     8.4603    33.6040    26.1087 1.5873e-01     0.1249      0.015    1484.92     41.761     3.9339 140.438287     2.7527    148.456  0.000e+00
    147.038     8.4608    33.6037    26.1083 1.5873e-01     0.1249      0.018    1484.92     41.765     3.9342 140.438288     2.7529    148.486  0.000e+00
    147.044     8.4612    33.6040    26.1086 1.5873e-01     0.1249      0.018    1484.92     41.771     3.9348 140.438288     2.7534    148.492  0.000e+00
    147.062     8.4612    33.6040    26.1086 1.5873e-01     0.1261      0.018    1484.92     41.719     3.9298 140.438288     2.7499    148.511  0.000e+00
    147.093     8.4615    33.6037    26.1082 1.5873e-01     0.1249      0.018    1484.92     41.724     3.9303 140.438289     2.7502    148.542  0.000e+00
    147.123     8.4612    33.6039    26.1085 1.5873e-01     0.1249      0.015    1484.92     41.787     3.9363 140.438289     2.7544    148.572  0.000e+00
    147.131     8.4610    33.6039    26.1084 1.5873e-01     0.1249      0.018    1484.92     41.735     3.9314 140.438290     2.7510    148.580  0.000e+00
    147.156     8.4610    33.6035    26.1082 1.5873e-01     0.1261      0.018    1484.92     41.741     3.9320 140.438290     2.7514    148.605  0.000e+00
    147.172     8.4608    33.6036    26.1083 1.5873e-01     0.1249      0.018    1484.92     41.750     3.9328 140.438291     2.7519    148.621  0.000e+00
    147.216     8.4605    33.6040    26.1087 1.7094e-01     0.1249      0.018    1484.92     41.753     3.9332 140.438291     2.7522    148.666  0.000e+00
    147.221     8.4603    33.6038    26.1085 1.5873e-01     0.1249      0.018    1484.92     41.697     3.9279 140.438292     2.7485    148.671  0.000e+00
    147.241     8.4603    33.6034    26.1082 1.5873e-01     0.1249      0.015    1484.92     41.761     3.9339 140.438292     2.7527    148.691  0.000e+00
    147.269     8.4600    33.6036    26.1084 1.5873e-01     0.1261      0.015    1484.92     41.710     3.9291 140.438293     2.7494    148.719  0.000e+00
    147.277     8.4597    33.6039    26.1087 1.5873e-01     0.1261      0.018    1484.92     41.717     3.9298 140.438293     2.7498    148.727  0.000e+00
    147.306     8.4600    33.6036    26.1084 1.5873e-01     0.1249      0.015    1484.92     41.719     3.9300 140.438294     2.7500    148.757  0.000e+00
    147.326     8.4595    33.6042    26.1090 1.5873e-01     0.1249      0.015    1484.92     41.723     3.9304 140.438294     2.7503    148.777  0.000e+00
    147.337     8.4597    33.6039    26.1087 1.7094e-01     0.1249      0.018    1484.92     41.730     3.9310 140.438295     2.7507    148.789  0.000e+00
    147.367     8.4599    33.6037    26.1085 1.5873e-01     0.1249      0.015    1484.92     41.677     3.9260 140.438295     2.7472    148.818  0.000e+00
    147.375     8.4597    33.6041    26.1088 1.5873e-01     0.1249      0.018    1484.92     41.681     3.9265 140.438296     2.7475    148.827  0.000e+00
    147.403     8.4599    33.6042    26.1089 1.5873e-01     0.1261      0.018    1484.92     41.681     3.9264 140.438296     2.7475    148.855  0.000e+00
    147.411     8.4599    33.6044    26.1090 1.5873e-01     0.1249      0.018    1484.92     41.683     3.9266 140.438297     2.7476    148.863  0.000e+00
    147.441     8.4602    33.6041    26.1087 1.5873e-01     0.1249      0.018    1484.92     41.688     3.9270 140.438297     2.7479    148.893  0.000e+00
    147.472     8.4600    33.6036    26.1084 1.7094e-01     0.1249      0.018    1484.92     41.695     3.9277 140.438298     2.7484    148.924  0.000e+00
    147.488     8.4600    33.6037    26.1085 1.5873e-01     0.1249      0.018    1484.92     41.705     3.9286 140.438298     2.7490    148.941  0.000e+00
    147.496     8.4600    33.6038    26.1085 1.5873e-01     0.1261      0.018    1484.92     41.709     3.9290 140.438299     2.7493    148.949  0.000e+00
    147.526     8.4599    33.6039    26.1087 1.7094e-01     0.1261      0.015    1484.92     41.716     3.9297 140.438299     2.7498    148.979  0.000e+00
    147.545     8.4603    33.6038    26.1085 1.7094e-01     0.1249      0.018    1484.92     41.669     3.9253 140.438300     2.7467    148.999  0.000e+00
    147.562     8.4599    33.6040    26.1087 1.7094e-01     0.1249      0.018    1484.92     41.673     3.9257 140.438300     2.7470    149.015  0.000e+00
    147.595     8.4595    33.6037    26.1086 1.5873e-01     0.1261      0.015    1484.92     41.680     3.9264 140.438301     2.7474    149.048  0.000e+00
    147.611     8.4592    33.6036    26.1085 1.5873e-01     0.1249      0.015    1484.92     41.681     3.9265 140.438301     2.7475    149.065  0.000e+00
    147.619     8.4590    33.6037    26.1086 1.5873e-01     0.1249      0.018    1484.92     41.685     3.9268 140.438302     2.7478    149.073  0.000e+00
    147.647     8.4592    33.6040    26.1088 1.5873e-01     0.1261      0.018    1484.92     41.690     3.9273 140.438302     2.7481    149.101  0.000e+00
    147.668     8.4590    33.6041    26.1089 1.5873e-01     0.1249      0.015    1484.92     41.636     3.9222 140.438302     2.7445    149.123  0.000e+00
    147.696     8.4594    33.6041    26.1089 1.5873e-01     0.1261      0.018    1484.92     41.638     3.9224 140.438303     2.7447    149.151  0.000e+00
    147.704     8.4592    33.6042    26.1090 1.5873e-01     0.1249      0.018    1484.92     41.644     3.9229 140.438303     2.7450    149.159  0.000e+00
    147.721     8.4597    33.6039    26.1087 1.5873e-01     0.1249      0.015    1484.93     41.644     3.9229 140.438304     2.7450    149.176  0.000e+00
    147.753     8.4594    33.6040    26.1088 1.5873e-01     0.1261      0.018    1484.93     41.584     3.9173 140.438304     2.7411    149.209  0.000e+00
    147.757     8.4594    33.6040    26.1088 1.5873e-01     0.1261      0.018    1484.93     41.643     3.9229 140.438305     2.7450    149.212  0.000e+00
    147.790     8.4594    33.6040    26.1088 1.5873e-01     0.1249      0.015    1484.93     41.588     3.9177 140.438305     2.7413    149.245  0.000e+00
    147.819     8.4592    33.6038    26.1087 1.5873e-01     0.1249      0.018    1484.93     41.590     3.9179 140.438306     2.7415    149.275  0.000e+00
    147.814     8.4592    33.6038    26.1086 1.5873e-01     0.1249      0.018    1484.93     41.586     3.9175 140.438306     2.7413    149.270  0.000e+00
    147.842     8.4590    33.6039    26.1088 1.5873e-01     0.1249      0.015    1484.93     41.585     3.9175 140.438307     2.7412    149.298  0.000e+00
    147.863     8.4595    33.6039    26.1087 1.5873e-01     0.1261      0.015    1484.93     41.586     3.9175 140.438307     2.7412    149.320  0.000e+00
    147.880     8.4592    33.6044    26.1091 1.5873e-01     0.1249      0.018    1484.93     41.589     3.9178 140.438308     2.7415    149.336  0.000e+00
    147.912     8.4592    33.6041    26.1089 1.5873e-01     0.1261      0.018    1484.93     41.595     3.9183 140.438308     2.7418    149.369  0.000e+00
    147.929     8.4590    33.6040    26.1088 1.5873e-01     0.1261      0.018    1484.93     41.532     3.9124 140.438309     2.7377    149.386  0.000e+00
    147.937     8.4595    33.6036    26.1085 1.5873e-01     0.1249      0.018    1484.93     41.527     3.9119 140.438309     2.7373    149.394  0.000e+00
    147.965     8.4594    33.6041    26.1089 1.5873e-01     0.1249      0.018    1484.93     41.523     3.9116 140.438310     2.7371    149.422  0.000e+00
    147.986     8.4595    33.6038    26.1086 1.5873e-01     0.1249      0.018    1484.93     41.522     3.9115 140.438310     2.7370    149.444  0.000e+00
    148.001     8.4595    33.6037    26.1086 1.5873e-01     0.1261      0.018    1484.93     41.523     3.9116 140.438311     2.7371    149.459  0.000e+00
    148.034     8.4594    33.6038    26.1087 1.5873e-01     0.1249      0.015    1484.93     41.526     3.9119 140.438311     2.7373    149.492  0.000e+00
    148.039     8.4592    33.6042    26.1090 1.5873e-01     0.1261      0.015    1484.93     41.532     3.9124 140.438312     2.7377    149.497  0.000e+00
    148.058     8.4590    33.6040    26.1088 1.5873e-01     0.1261      0.018    1484.93     41.531     3.9124 140.438312     2.7377    149.517  0.000e+00
    148.086     8.4590    33.6040    26.1089 1.5873e-01     0.1249      0.018    1484.93     41.533     3.9126 140.438313     2.7378    149.545  0.000e+00
    148.096     8.4592    33.6037    26.1086 1.5873e-01     0.1249      0.018    1484.93     41.482     3.9077 140.438313     2.7344    149.555  0.000e+00
    148.111     8.4592    33.6038    26.1087 1.5873e-01     0.1249      0.018    1484.93     41.480     3.9076 140.438314     2.7343    149.570  0.000e+00
    148.143     8.4590    33.6039    26.1087 1.5873e-01     0.1249      0.015    1484.93     41.481     3.9076 140.438314     2.7343    149.603  0.000e+00
    148.173     8.4590    33.6038    26.1087 1.5873e-01     0.1249      0.015    1484.93     41.484     3.9079 140.438315     2.7345    149.633  0.000e+00
    148.168     8.4587    33.6041    26.1090 1.5873e-01     0.1249      0.018    1484.93     41.426     3.9025 140.438315     2.7307    149.628  0.000e+00
    148.209     8.4589    33.6039    26.1088 1.7094e-01     0.1249      0.015    1484.93     41.419     3.9018 140.438315     2.7302    149.669  0.000e+00
    148.209     8.4589    33.6039    26.1088 1.7094e-01     0.1249      0.015    1484.93     41.421     3.9020 140.438316     2.7304    149.669  0.000e+00
    148.242     8.4586    33.6044    26.1092 1.5873e-01     0.1261      0.015    1484.93     41.418     3.9017 140.438316     2.7302    149.702  0.000e+00
    148.270     8.4589    33.6039    26.1088 1.5873e-01     0.1249      0.018    1484.93     41.417     3.9017 140.438317     2.7301    149.730  0.000e+00
    148.278     8.4586    33.6044    26.1092 1.7094e-01     0.1249      0.015    1484.93     41.356     3.8959 140.438317     2.7261    149.739  0.000e+00
    148.294     8.4588    33.6034    26.1084 1.5873e-01     0.1249      0.018    1484.93     41.353     3.8956 140.438318     2.7259    149.755  0.000e+00
    148.315     8.4578    33.6039    26.1090 1.7094e-01     0.1261      0.018    1484.93     41.351     3.8955 140.438318     2.7259    149.777  0.000e+00
    148.355     8.4575    33.6040    26.1091 1.5873e-01     0.1249      0.015    1484.93     41.345     3.8950 140.438319     2.7255    149.816  0.000e+00
    148.340     8.4573    33.6042    26.1093 1.5873e-01     0.1249      0.018    1484.93     41.278     3.8887 140.438319     2.7211    149.801  0.000e+00
    148.379     8.4575    33.6042    26.1093 1.5873e-01     0.1261      0.018    1484.93     41.269     3.8878 140.438320     2.7205    149.841  0.000e+00
    148.376     8.4572    33.6042    26.1093 1.5873e-01     0.1249      0.015    1484.93     41.263     3.8872 140.438320     2.7201    149.838  0.000e+00
    148.442     8.4575    33.6043    26.1093 1.5873e-01     0.1249      0.015    1484.93     41.259     3.8868 140.438321     2.7198    149.904  0.000e+00
    148.442     8.4575    33.6045    26.1095 1.7094e-01     0.1249      0.018    1484.93     41.257     3.8867 140.438321     2.7197    149.904  0.000e+00
    148.474     8.4575    33.6045    26.1095 1.5873e-01     0.1249      0.018    1484.93     41.195     3.8808 140.438322     2.7156    149.937  0.000e+00
    148.464     8.4576    33.6041    26.1092 1.7094e-01     0.1249      0.015    1484.93     41.191     3.8805 140.438322     2.7153    149.927  0.000e+00
    148.499     8.4576    33.6042    26.1092 1.5873e-01     0.1249      0.018    1484.93     41.253     3.8863 140.438323     2.7194    149.962  0.000e+00
    148.514     8.4578    33.6042    26.1092 1.5873e-01     0.1249      0.018    1484.93     41.191     3.8804 140.438323     2.7153    149.977  0.000e+00
