Fl1_200519_down.cnv
* Sea-Bird SBE 9 Data File:
* FileName = C:\CTD Brukere\NIVA\IO2019\20190520\Fl1_200519.hex
* Software Version Seasave V 7.23.2
* Temperature SN = 5352
* Conductivity SN = 3840
* Number of Bytes Per Scan = 28
* Number of Voltage Words = 4
* Number of Scans Averaged by the Deck Unit = 1
* NMEA baud rate = 4800
** Ship: R/V Trygve Braarud
** Cruise:
** Station:
** Operator:
# nquan = 14
# nvalues = 7720                                  
# units = specified
# name 0 = depSM: Depth [salt water, m], lat = 59.60
# name 1 = t090C: Temperature [ITS-90, deg C]
# name 2 = sal00: Salinity, Practical [PSU]
# name 3 = sigma-t00: Density [sigma-t, kg/m^3 ]
# name 4 = flSP: Fluorescence, Seapoint
# name 5 = wetStar: Fluorescence, WET Labs WETstar [mg/m^3]
# name 6 = seaTurbMtr: Turbidity, Seapoint [FTU]
# name 7 = svCM: Sound Velocity [Chen-Millero, m/s]
# name 8 = sbeox0PS: Oxygen, SBE 43 [% saturation]
# name 9 = sbeox0Mg/L: Oxygen, SBE 43 [mg/l]
# name 10 = timeJ: Julian Days
# name 11 = sbeox0ML/L: Oxygen, SBE 43 [ml/l]
# name 12 = prDM: Pressure, Digiquartz [db]
# name 13 = flag:  0.000e+00
# span 0 =      0.027,    161.756                 
# span 1 =     6.6130,    12.4221                 
# span 2 =    25.9257,    33.5901                 
# span 3 =    19.4800,    26.2202                 
# span 4 = 3.6630e-02, 4.6642e+00                 
# span 5 =     0.1249,     0.1273                 
# span 6 =      0.007,      0.018                 
# span 7 =    1473.86,    1487.54                 
# span 8 =     50.547,     97.135                 
# span 9 =     4.9980,     9.2149                 
# span 10 = 140.615139, 140.618861                
# span 11 =     3.4973,     6.4480                
# span 12 =      0.028,    163.355                
# span 13 = 0.0000e+00, 0.0000e+00                
# interval = seconds: 0.0416667
# start_time = May 20 2019 14:45:48 [System UpLoad Time]
# bad_flag = -9.990e-29
*END*
[from data line 6194]
    138.340     7.6612    33.5852    26.2120 1.7094e-01     0.1261      0.015    1481.73     56.145     5.3856 140.618126     3.7685    139.700  0.000e+00
    138.375     7.6613    33.5850    26.2118 1.7094e-01     0.1261      0.018    1481.73     56.143     5.3854 140.618126     3.7684    139.734  0.000e+00
    138.389     7.6612    33.5851    26.2119 1.7094e-01     0.1261      0.015    1481.73     56.140     5.3852 140.618127     3.7682    139.749  0.000e+00
    138.412     7.6615    33.5849    26.2116 1.7094e-01     0.1261      0.015    1481.73     56.136     5.3847 140.618127     3.7679    139.772  0.000e+00
    138.438     7.6615    33.5848    26.2116 1.7094e-01     0.1261      0.018    1481.73     56.193     5.3902 140.618128     3.7718    139.799  0.000e+00
    138.461     7.6617    33.5848    26.2116 1.7094e-01     0.1261      0.015    1481.73     56.194     5.3902 140.618128     3.7718    139.822  0.000e+00
    138.473     7.6613    33.5853    26.2120 1.5873e-01     0.1261      0.015    1481.73     56.193     5.3902 140.618129     3.7717    139.834  0.000e+00
    138.499     7.6614    33.5850    26.2118 1.7094e-01     0.1261      0.015    1481.73     56.190     5.3899 140.618129     3.7715    139.860  0.000e+00
    138.522     7.6615    33.5848    26.2116 1.7094e-01     0.1261      0.018    1481.73     56.186     5.3895 140.618130     3.7712    139.883  0.000e+00
    138.535     7.6617    33.5846    26.2114 1.7094e-01     0.1261      0.018    1481.73     56.180     5.3889 140.618130     3.7708    139.896  0.000e+00
    138.558     7.6612    33.5848    26.2116 1.7094e-01     0.1261      0.015    1481.73     56.180     5.3890 140.618131     3.7709    139.920  0.000e+00
    138.584     7.6613    33.5848    26.2116 1.5873e-01     0.1261      0.018    1481.73     56.180     5.3889 140.618131     3.7709    139.946  0.000e+00
    138.607     7.6612    33.5851    26.2119 1.7094e-01     0.1261      0.018    1481.73     56.178     5.3887 140.618132     3.7707    139.969  0.000e+00
    138.632     7.6616    33.5849    26.2117 1.7094e-01     0.1261      0.015    1481.73     56.174     5.3884 140.618132     3.7705    139.994  0.000e+00
    138.658     7.6613    33.5847    26.2116 1.7094e-01     0.1261      0.018    1481.73     56.170     5.3880 140.618133     3.7702    140.020  0.000e+00
    138.668     7.6615    33.5849    26.2116 1.7094e-01     0.1273      0.018    1481.73     56.227     5.3934 140.618133     3.7740    140.030  0.000e+00
    138.694     7.6616    33.5847    26.2115 1.7094e-01     0.1261      0.018    1481.73     56.164     5.3874 140.618134     3.7698    140.057  0.000e+00
    138.728     7.6610    33.5851    26.2119 1.7094e-01     0.1261      0.018    1481.73     56.156     5.3866 140.618134     3.7692    140.092  0.000e+00
    138.741     7.6612    33.5850    26.2118 1.7094e-01     0.1261      0.018    1481.73     56.153     5.3864 140.618135     3.7691    140.105  0.000e+00
    138.754     7.6612    33.5847    26.2116 1.7094e-01     0.1261      0.018    1481.73     56.150     5.3861 140.618135     3.7689    140.118  0.000e+00
    138.777     7.6612    33.5852    26.2119 1.7094e-01     0.1261      0.018    1481.73     56.209     5.3918 140.618136     3.7728    140.141  0.000e+00
    138.802     7.6611    33.5848    26.2117 1.7094e-01     0.1261      0.018    1481.73     56.204     5.3913 140.618136     3.7725    140.166  0.000e+00
    138.828     7.6612    33.5846    26.2115 1.7094e-01     0.1261      0.018    1481.73     56.205     5.3913 140.618137     3.7725    140.192  0.000e+00
    138.851     7.6615    33.5845    26.2114 1.7094e-01     0.1261      0.018    1481.73     56.204     5.3912 140.618137     3.7725    140.216  0.000e+00
    138.877     7.6616    33.5848    26.2116 1.7094e-01     0.1261      0.018    1481.74     56.140     5.3850 140.618138     3.7681    140.242  0.000e+00
    138.862     7.6612    33.5852    26.2120 1.7094e-01     0.1261      0.015    1481.73     56.129     5.3841 140.618138     3.7675    140.227  0.000e+00
    138.923     7.6615    33.5849    26.2117 1.7094e-01     0.1261      0.015    1481.74     56.181     5.3890 140.618139     3.7709    140.288  0.000e+00
    138.926     7.6616    33.5846    26.2114 1.7094e-01     0.1261      0.018    1481.74     56.184     5.3893 140.618139     3.7711    140.292  0.000e+00
    138.961     7.6615    33.5843    26.2112 1.7094e-01     0.1261      0.018    1481.74     56.178     5.3888 140.618139     3.7707    140.326  0.000e+00
    138.962     7.6610    33.5851    26.2119 1.7094e-01     0.1261      0.018    1481.74     56.171     5.3881 140.618140     3.7703    140.328  0.000e+00
    138.997     7.6614    33.5848    26.2116 1.7094e-01     0.1261      0.018    1481.74     56.163     5.3873 140.618140     3.7697    140.363  0.000e+00
    139.021     7.6612    33.5849    26.2117 1.7094e-01     0.1273      0.018    1481.74     56.161     5.3871 140.618141     3.7696    140.388  0.000e+00
    139.036     7.6613    33.5849    26.2117 1.7094e-01     0.1261      0.018    1481.74     56.158     5.3868 140.618141     3.7694    140.403  0.000e+00
    139.046     7.6614    33.5844    26.2113 1.7094e-01     0.1261      0.015    1481.74     56.154     5.3865 140.618142     3.7692    140.412  0.000e+00
    139.095     7.6612    33.5845    26.2114 1.7094e-01     0.1261      0.015    1481.74     56.150     5.3861 140.618142     3.7689    140.462  0.000e+00
    139.096     7.6611    33.5851    26.2119 1.7094e-01     0.1261      0.018    1481.74     56.144     5.3856 140.618143     3.7685    140.464  0.000e+00
    139.119     7.6610    33.5848    26.2117 1.7094e-01     0.1261      0.015    1481.74     56.138     5.3850 140.618143     3.7681    140.487  0.000e+00
    139.155     7.6613    33.5848    26.2116 1.7094e-01     0.1261      0.018    1481.74     56.131     5.3842 140.618144     3.7676    140.523  0.000e+00
    139.170     7.6612    33.5849    26.2117 1.7094e-01     0.1261      0.018    1481.74     56.122     5.3834 140.618144     3.7670    140.538  0.000e+00
    139.191     7.6610    33.5850    26.2118 1.7094e-01     0.1261      0.018    1481.74     56.121     5.3833 140.618145     3.7669    140.560  0.000e+00
    139.229     7.6612    33.5850    26.2118 1.7094e-01     0.1273      0.015    1481.74     56.119     5.3831 140.618145     3.7668    140.598  0.000e+00
    139.242     7.6612    33.5853    26.2120 1.7094e-01     0.1261      0.018    1481.74     56.116     5.3828 140.618146     3.7666    140.611  0.000e+00
    139.254     7.6613    33.5850    26.2118 1.7094e-01     0.1261      0.018    1481.74     56.113     5.3825 140.618146     3.7664    140.622  0.000e+00
    139.291     7.6612    33.5851    26.2119 1.8315e-01     0.1261      0.018    1481.74     56.109     5.3821 140.618147     3.7661    140.660  0.000e+00
    139.301     7.6612    33.5853    26.2120 1.8315e-01     0.1261      0.018    1481.74     56.104     5.3817 140.618147     3.7658    140.670  0.000e+00
    139.339     7.6612    33.5851    26.2119 1.8315e-01     0.1261      0.018    1481.74     56.099     5.3812 140.618148     3.7655    140.708  0.000e+00
    139.365     7.6612    33.5853    26.2120 1.7094e-01     0.1261      0.018    1481.74     56.093     5.3806 140.618148     3.7651    140.735  0.000e+00
    139.386     7.6614    33.5849    26.2117 1.7094e-01     0.1273      0.018    1481.74     56.087     5.3800 140.618149     3.7646    140.756  0.000e+00
    139.386     7.6615    33.5849    26.2117 1.7094e-01     0.1261      0.018    1481.74     56.080     5.3793 140.618149     3.7641    140.756  0.000e+00
    139.426     7.6614    33.5848    26.2117 1.7094e-01     0.1261      0.015    1481.74     56.135     5.3846 140.618150     3.7678    140.796  0.000e+00
    139.460     7.6610    33.5854    26.2121 1.7094e-01     0.1261      0.018    1481.74     56.134     5.3845 140.618150     3.7678    140.831  0.000e+00
    139.473     7.6610    33.5852    26.2120 1.7094e-01     0.1261      0.015    1481.74     56.132     5.3843 140.618151     3.7676    140.844  0.000e+00
    139.509     7.6611    33.5853    26.2120 1.5873e-01     0.1261      0.018    1481.74     56.066     5.3780 140.618151     3.7632    140.880  0.000e+00
    139.524     7.6610    33.5851    26.2119 1.5873e-01     0.1261      0.018    1481.74     56.125     5.3837 140.618152     3.7672    140.895  0.000e+00
    139.558     7.6610    33.5851    26.2119 1.7094e-01     0.1261      0.015    1481.74     56.129     5.3841 140.618152     3.7675    140.930  0.000e+00
    139.570     7.6611    33.5851    26.2119 1.7094e-01     0.1261      0.018    1481.75     56.132     5.3844 140.618152     3.7677    140.942  0.000e+00
    139.609     7.6612    33.5852    26.2119 1.7094e-01     0.1261      0.018    1481.75     56.135     5.3846 140.618153     3.7678    140.981  0.000e+00
    139.630     7.6612    33.5849    26.2118 1.7094e-01     0.1261      0.018    1481.75     56.136     5.3848 140.618153     3.7680    141.003  0.000e+00
    139.655     7.6612    33.5851    26.2119 1.7094e-01     0.1261      0.018    1481.75     56.137     5.3849 140.618154     3.7680    141.028  0.000e+00
    139.669     7.6613    33.5853    26.2120 1.7094e-01     0.1261      0.015    1481.75     56.138     5.3849 140.618154     3.7680    141.043  0.000e+00
    139.704     7.6613    33.5854    26.2121 1.7094e-01     0.1261      0.015    1481.75     56.138     5.3849 140.618155     3.7680    141.077  0.000e+00
    139.728     7.6612    33.5852    26.2119 1.7094e-01     0.1261      0.015    1481.75     56.137     5.3848 140.618155     3.7680    141.102  0.000e+00
    139.768     7.6615    33.5846    26.2114 1.7094e-01     0.1261      0.015    1481.75     56.136     5.3847 140.618156     3.7679    141.142  0.000e+00
    139.789     7.6614    33.5849    26.2117 1.7094e-01     0.1273      0.018    1481.75     56.134     5.3845 140.618156     3.7678    141.163  0.000e+00
    139.814     7.6613    33.5852    26.2120 1.7094e-01     0.1261      0.018    1481.75     56.139     5.3850 140.618157     3.7681    141.188  0.000e+00
    139.827     7.6613    33.5853    26.2120 1.5873e-01     0.1249      0.015    1481.75     56.199     5.3907 140.618157     3.7721    141.201  0.000e+00
    139.864     7.6614    33.5852    26.2120 1.7094e-01     0.1261      0.018    1481.75     56.202     5.3911 140.618158     3.7724    141.239  0.000e+00
    139.874     7.6613    33.5853    26.2120 1.7094e-01     0.1261      0.018    1481.75     56.205     5.3913 140.618158     3.7725    141.249  0.000e+00
    139.923     7.6612    33.5855    26.2122 1.7094e-01     0.1261      0.018    1481.75     56.207     5.3915 140.618159     3.7727    141.299  0.000e+00
    139.927     7.6612    33.5853    26.2121 1.7094e-01     0.1261      0.018    1481.75     56.215     5.3923 140.618159     3.7732    141.302  0.000e+00
    139.972     7.6612    33.5852    26.2119 1.7094e-01     0.1261      0.015    1481.75     56.224     5.3931 140.618160     3.7738    141.349  0.000e+00
    139.997     7.6610    33.5854    26.2122 1.7094e-01     0.1261      0.015    1481.75     56.231     5.3939 140.618160     3.7743    141.373  0.000e+00
    139.997     7.6612    33.5851    26.2119 1.7094e-01     0.1249      0.015    1481.75     56.175     5.3885 140.618161     3.7705    141.373  0.000e+00
    140.048     7.6609    33.5853    26.2121 1.7094e-01     0.1261      0.018    1481.75     56.229     5.3937 140.618161     3.7742    141.425  0.000e+00
    140.071     7.6610    33.5849    26.2118 1.7094e-01     0.1261      0.018    1481.75     56.227     5.3935 140.618162     3.7740    141.448  0.000e+00
    140.094     7.6612    33.5851    26.2119 1.7094e-01     0.1261      0.015    1481.75     56.231     5.3939 140.618162     3.7743    141.471  0.000e+00
    140.131     7.6612    33.5851    26.2119 1.7094e-01     0.1261      0.018    1481.75     56.235     5.3943 140.618163     3.7746    141.509  0.000e+00
    140.157     7.6610    33.5854    26.2121 1.7094e-01     0.1261      0.015    1481.76     56.239     5.3946 140.618163     3.7748    141.535  0.000e+00
    140.180     7.6611    33.5857    26.2124 1.7094e-01     0.1261      0.018    1481.76     56.241     5.3948 140.618164     3.7750    141.559  0.000e+00
    140.192     7.6613    33.5856    26.2122 1.7094e-01     0.1261      0.018    1481.76     56.243     5.3950 140.618164     3.7751    141.570  0.000e+00
    140.216     7.6616    33.5849    26.2117 1.7094e-01     0.1261      0.018    1481.76     56.245     5.3951 140.618165     3.7752    141.595  0.000e+00
    140.256     7.6612    33.5852    26.2120 1.7094e-01     0.1261      0.018    1481.76     56.246     5.3953 140.618165     3.7753    141.635  0.000e+00
    140.277     7.6613    33.5854    26.2121 1.7094e-01     0.1261      0.018    1481.76     56.246     5.3952 140.618166     3.7753    141.656  0.000e+00
    140.301     7.6616    33.5853    26.2120 1.7094e-01     0.1261      0.015    1481.76     56.308     5.4012 140.618166     3.7794    141.681  0.000e+00
    140.326     7.6615    33.5855    26.2121 1.7094e-01     0.1261      0.018    1481.76     56.251     5.3958 140.618166     3.7756    141.706  0.000e+00
    140.365     7.6613    33.5858    26.2124 1.7094e-01     0.1261      0.015    1481.76     56.312     5.4016 140.618167     3.7797    141.745  0.000e+00
    140.375     7.6616    33.5850    26.2117 1.7094e-01     0.1261      0.018    1481.76     56.254     5.3960 140.618167     3.7758    141.755  0.000e+00
    140.411     7.6615    33.5857    26.2123 1.7094e-01     0.1261      0.015    1481.76     56.251     5.3957 140.618168     3.7756    141.792  0.000e+00
    140.436     7.6613    33.5855    26.2122 1.7094e-01     0.1261      0.015    1481.76     56.246     5.3953 140.618168     3.7753    141.817  0.000e+00
    140.460     7.6616    33.5854    26.2121 1.7094e-01     0.1261      0.018    1481.76     56.304     5.4008 140.618169     3.7792    141.841  0.000e+00
    140.475     7.6615    33.5853    26.2120 1.7094e-01     0.1261      0.018    1481.76     56.306     5.4010 140.618169     3.7793    141.856  0.000e+00
    140.509     7.6615    33.5857    26.2123 1.7094e-01     0.1261      0.018    1481.76     56.307     5.4011 140.618170     3.7793    141.891  0.000e+00
    140.534     7.6616    33.5854    26.2121 1.7094e-01     0.1261      0.018    1481.76     56.307     5.4011 140.618170     3.7793    141.916  0.000e+00
    140.570     7.6615    33.5857    26.2123 1.7094e-01     0.1273      0.015    1481.76     56.306     5.4010 140.618171     3.7793    141.952  0.000e+00
    140.573     7.6616    33.5856    26.2122 1.7094e-01     0.1261      0.018    1481.76     56.303     5.4007 140.618171     3.7791    141.956  0.000e+00
    140.631     7.6615    33.5857    26.2123 1.7094e-01     0.1261      0.018    1481.77     56.301     5.4005 140.618172     3.7789    142.013  0.000e+00
    140.619     7.6618    33.5854    26.2120 1.7094e-01     0.1261      0.018    1481.77     56.297     5.4000 140.618172     3.7786    142.002  0.000e+00
    140.667     7.6616    33.5857    26.2123 1.7094e-01     0.1273      0.018    1481.77     56.292     5.3996 140.618173     3.7783    142.050  0.000e+00
    140.680     7.6618    33.5855    26.2121 1.7094e-01     0.1261      0.015    1481.77     56.294     5.3998 140.618173     3.7785    142.063  0.000e+00
    140.719     7.6617    33.5857    26.2122 1.7094e-01     0.1261      0.018    1481.77     56.295     5.3999 140.618174     3.7786    142.103  0.000e+00
    140.716     7.6617    33.5852    26.2119 1.7094e-01     0.1261      0.018    1481.77     56.359     5.4060 140.618174     3.7828    142.099  0.000e+00
    140.753     7.6617    33.5855    26.2121 1.7094e-01     0.1261      0.015    1481.77     56.296     5.4000 140.618175     3.7786    142.137  0.000e+00
