Fl1_230419_down.cnv
* Sea-Bird SBE 9 Data File:
* FileName = C:\CTD Brukere\NIVA\IO2019\20190423\Fl1_230419.hex
* Software Version Seasave V 7.23.2
* Temperature SN = 5352
* Conductivity SN = 3840
* Number of Bytes Per Scan = 28
* Number of Voltage Words = 4
* Number of Scans Averaged by the Deck Unit = 1
* NMEA baud rate = 4800
** Ship: R/V Trygve Braarud
** Cruise:
** Station:
** Operator:
# nquan = 14
# nvalues = 9300                                  
# units = specified
# name 0 = depSM: Depth [salt water, m], lat = 59.60
# name 1 = t090C: Temperature [ITS-90, deg C]
# name 2 = sal00: Salinity, Practical [PSU]
# name 3 = sigma-t00: Density [sigma-t, kg/m^3 ]
# name 4 = flSP: Fluorescence, Seapoint
# name 5 = wetStar: Fluorescence, WET Labs WETstar [mg/m^3]
# name 6 = seaTurbMtr: Turbidity, Seapoint [FTU]
# name 7 = svCM: Sound Velocity [Chen-Millero, m/s]
# name 8 = sbeox0PS: Oxygen, SBE 43 [% saturation]
# name 9 = sbeox0Mg/L: Oxygen, SBE 43 [mg/l]
# name 10 = timeJ: Julian Days
# name 11 = sbeox0ML/L: Oxygen, SBE 43 [ml/l]
# name 12 = prDM: Pressure, Digiquartz [db]
# name 13 = flag:  0.000e+00
# span 0 =      0.713,    163.613                 
# span 1 =     5.5166,     9.1225                 
# span 2 =    25.6595,    33.6927                 
# span 3 =    19.8152,    26.2603                 
# span 4 = 1.7094e-01, 1.6264e+01                 
# span 5 =     0.1237,     0.1273                 
# span 6 =      0.007,      0.018                 
# span 7 =    1467.27,    1483.23                 
# span 8 =     54.844,    112.089                 
# span 9 =     5.2292,    11.4589                 
# span 10 = 113.680914, 113.685399                
# span 11 =     3.6591,     8.0183                
# span 12 =      0.720,    165.231                
# span 13 = 0.0000e+00, 0.0000e+00                
# interval = seconds: 0.0416667
# start_time = Apr 23 2019 16:20:31 [System UpLoad Time]
# bad_flag = -9.990e-29
*END*
[from data line 4646]
     71.956     7.7115    33.5537    26.1800 4.2735e-01     0.1261      0.015    1480.78     55.847     5.3520 113.683155     3.7450     72.651  0.000e+00
     71.980     7.7116    33.5545    26.1806 4.1514e-01     0.1261      0.018    1480.78     55.850     5.3523 113.683155     3.7452     72.676  0.000e+00
     71.980     7.7121    33.5550    26.1809 4.0293e-01     0.1261      0.018    1480.78     55.854     5.3525 113.683156     3.7454     72.676  0.000e+00
     72.016     7.7124    33.5554    26.1812 4.0293e-01     0.1261      0.018    1480.78     55.859     5.3529 113.683156     3.7457     72.712  0.000e+00
     72.054     7.7128    33.5561    26.1816 4.0293e-01     0.1261      0.018    1480.79     55.857     5.3527 113.683157     3.7455     72.750  0.000e+00
     72.065     7.7132    33.5561    26.1816 3.7851e-01     0.1261      0.018    1480.79     55.855     5.3525 113.683157     3.7454     72.761  0.000e+00
     72.089     7.7136    33.5565    26.1819 3.6630e-01     0.1261      0.018    1480.79     55.854     5.3524 113.683158     3.7453     72.786  0.000e+00
     72.101     7.7145    33.5569    26.1820 3.6630e-01     0.1261      0.018    1480.80     55.792     5.3463 113.683158     3.7410     72.798  0.000e+00
     72.125     7.7150    33.5575    26.1825 3.7851e-01     0.1261      0.018    1480.80     55.785     5.3455 113.683159     3.7405     72.822  0.000e+00
     72.150     7.7161    33.5572    26.1821 3.6630e-01     0.1261      0.018    1480.80     55.780     5.3449 113.683159     3.7400     72.847  0.000e+00
     72.174     7.7168    33.5585    26.1830 4.3956e-01     0.1261      0.018    1480.81     55.775     5.3443 113.683160     3.7396     72.872  0.000e+00
     72.185     7.7185    33.5604    26.1842 5.7387e-01     0.1261      0.018    1480.82     55.771     5.3436 113.683160     3.7392     72.883  0.000e+00
     72.221     7.7213    33.5626    26.1856 6.5934e-01     0.1261      0.015    1480.83     55.768     5.3429 113.683161     3.7387     72.919  0.000e+00
     72.234     7.7252    33.5640    26.1861 6.4713e-01     0.1261      0.018    1480.85     55.766     5.3422 113.683161     3.7382     72.932  0.000e+00
     72.259     7.7290    33.5645    26.1859 5.8608e-01     0.1261      0.015    1480.86     55.764     5.3416 113.683162     3.7377     72.957  0.000e+00
     72.282     7.7318    33.5638    26.1850 5.3724e-01     0.1261      0.018    1480.87     55.764     5.3413 113.683162     3.7375     72.980  0.000e+00
     72.295     7.7335    33.5638    26.1847 4.8840e-01     0.1261      0.015    1480.88     55.765     5.3411 113.683163     3.7374     72.993  0.000e+00
     72.319     7.7344    33.5634    26.1843 4.6398e-01     0.1249      0.015    1480.88     55.766     5.3412 113.683163     3.7374     73.018  0.000e+00
     72.355     7.7353    33.5633    26.1841 4.5177e-01     0.1261      0.018    1480.89     55.707     5.3354 113.683164     3.7334     73.054  0.000e+00
     72.355     7.7361    33.5635    26.1841 4.3956e-01     0.1261      0.015    1480.89     55.765     5.3409 113.683164     3.7372     73.054  0.000e+00
     72.391     7.7366    33.5640    26.1845 1.0012e+00     0.1261      0.015    1480.89     55.708     5.3353 113.683165     3.7333     73.090  0.000e+00
     72.404     7.7374    33.5641    26.1844 1.2821e+00     0.1261      0.015    1480.90     55.699     5.3343 113.683165     3.7327     73.103  0.000e+00
     72.426     7.7377    33.5641    26.1844 1.0501e+00     0.1261      0.015    1480.90     55.691     5.3335 113.683166     3.7321     73.126  0.000e+00
     72.451     7.7383    33.5640    26.1842 7.8144e-01     0.1261      0.015    1480.90     55.691     5.3335 113.683166     3.7321     73.151  0.000e+00
     72.475     7.7386    33.5645    26.1845 6.1050e-01     0.1261      0.015    1480.90     55.693     5.3336 113.683166     3.7321     73.176  0.000e+00
     72.511     7.7390    33.5645    26.1845 5.3724e-01     0.1261      0.015    1480.91     55.696     5.3338 113.683167     3.7323     73.212  0.000e+00
     72.511     7.7398    33.5638    26.1838 4.8840e-01     0.1261      0.018    1480.91     55.692     5.3334 113.683167     3.7320     73.212  0.000e+00
     72.547     7.7398    33.5650    26.1848 4.3956e-01     0.1261      0.018    1480.91     55.690     5.3331 113.683168     3.7318     73.248  0.000e+00
     72.547     7.7404    33.5647    26.1844 4.0293e-01     0.1261      0.018    1480.91     55.696     5.3336 113.683168     3.7322     73.248  0.000e+00
     72.571     7.7406    33.5646    26.1843 3.9072e-01     0.1261      0.018    1480.91     55.695     5.3336 113.683169     3.7321     73.273  0.000e+00
     72.609     7.7410    33.5647    26.1843 3.9072e-01     0.1261      0.015    1480.91     55.703     5.3343 113.683169     3.7326     73.311  0.000e+00
     72.620     7.7414    33.5651    26.1846 3.9072e-01     0.1261      0.018    1480.92     55.705     5.3344 113.683170     3.7327     73.322  0.000e+00
     72.645     7.7418    33.5651    26.1845 3.9072e-01     0.1261      0.018    1480.92     55.708     5.3346 113.683170     3.7328     73.347  0.000e+00
     72.656     7.7417    33.5650    26.1845 3.9072e-01     0.1261      0.015    1480.92     55.703     5.3342 113.683171     3.7326     73.358  0.000e+00
     72.692     7.7422    33.5655    26.1848 3.7851e-01     0.1261      0.018    1480.92     55.700     5.3338 113.683171     3.7323     73.394  0.000e+00
     72.705     7.7426    33.5660    26.1852 3.6630e-01     0.1261      0.018    1480.92     55.705     5.3342 113.683172     3.7325     73.408  0.000e+00
     72.729     7.7431    33.5666    26.1856 3.9072e-01     0.1261      0.015    1480.93     55.648     5.3287 113.683172     3.7287     73.432  0.000e+00
     72.741     7.7439    33.5671    26.1859 4.3956e-01     0.1261      0.015    1480.93     55.648     5.3285 113.683173     3.7286     73.444  0.000e+00
     72.776     7.7447    33.5680    26.1864 5.2503e-01     0.1261      0.018    1480.94     55.648     5.3285 113.683173     3.7286     73.480  0.000e+00
     72.789     7.7460    33.5686    26.1867 5.6166e-01     0.1261      0.018    1480.94     55.650     5.3285 113.683174     3.7286     73.493  0.000e+00
     72.801     7.7472    33.5696    26.1873 5.4945e-01     0.1261      0.015    1480.95     55.646     5.3279 113.683174     3.7281     73.505  0.000e+00
     72.825     7.7483    33.5703    26.1877 5.0061e-01     0.1261      0.018    1480.95     55.642     5.3274 113.683175     3.7278     73.529  0.000e+00
     72.861     7.7493    33.5704    26.1877 4.7619e-01     0.1261      0.018    1480.96     55.647     5.3277 113.683175     3.7280     73.565  0.000e+00
     72.861     7.7500    33.5699    26.1872 4.7619e-01     0.1261      0.018    1480.96     55.646     5.3275 113.683176     3.7279     73.565  0.000e+00
     72.897     7.7503    33.5701    26.1873 4.6398e-01     0.1261      0.018    1480.96     55.645     5.3274 113.683176     3.7278     73.602  0.000e+00
     72.910     7.7506    33.5705    26.1876 4.5177e-01     0.1261      0.015    1480.96     55.646     5.3274 113.683177     3.7278     73.615  0.000e+00
     72.934     7.7508    33.5711    26.1880 4.3956e-01     0.1261      0.018    1480.97     55.647     5.3275 113.683177     3.7279     73.639  0.000e+00
     72.946     7.7510    33.5713    26.1881 4.5177e-01     0.1261      0.018    1480.97     55.649     5.3277 113.683178     3.7280     73.651  0.000e+00
     72.970     7.7515    33.5713    26.1880 4.6398e-01     0.1261      0.015    1480.97     55.653     5.3279 113.683178     3.7282     73.676  0.000e+00
     72.995     7.7514    33.5716    26.1883 4.6398e-01     0.1261      0.018    1480.97     55.595     5.3224 113.683179     3.7243     73.700  0.000e+00
     73.019     7.7513    33.5714    26.1882 4.5177e-01     0.1261      0.018    1480.97     55.655     5.3282 113.683179     3.7283     73.725  0.000e+00
     73.006     7.7515    33.5717    26.1883 4.3956e-01     0.1261      0.015    1480.97     55.661     5.3287 113.683179     3.7287     73.712  0.000e+00
     73.076     7.7519    33.5716    26.1882 4.1514e-01     0.1273      0.018    1480.97     55.606     5.3234 113.683180     3.7250     73.782  0.000e+00
     73.066     7.7519    33.5722    26.1887 4.0293e-01     0.1261      0.018    1480.97     55.669     5.3294 113.683180     3.7292     73.773  0.000e+00
     73.104     7.7522    33.5724    26.1888 4.0293e-01     0.1261      0.018    1480.98     55.679     5.3303 113.683181     3.7298     73.810  0.000e+00
     73.115     7.7524    33.5718    26.1883 4.0293e-01     0.1261      0.018    1480.98     55.627     5.3253 113.683181     3.7264     73.822  0.000e+00
     73.140     7.7522    33.5722    26.1887 4.1514e-01     0.1261      0.015    1480.98     55.685     5.3310 113.683182     3.7303     73.847  0.000e+00
     73.164     7.7522    33.5723    26.1887 4.2735e-01     0.1261      0.018    1480.98     55.690     5.3314 113.683182     3.7306     73.871  0.000e+00
     73.164     7.7521    33.5717    26.1883 4.3956e-01     0.1261      0.018    1480.97     55.695     5.3319 113.683183     3.7309     73.871  0.000e+00
     73.211     7.7522    33.5719    26.1884 5.6166e-01     0.1261      0.018    1480.98     55.639     5.3265 113.683183     3.7272     73.919  0.000e+00
     73.211     7.7524    33.5717    26.1882 7.6923e-01     0.1261      0.015    1480.98     55.700     5.3323 113.683184     3.7312     73.919  0.000e+00
     73.247     7.7526    33.5721    26.1885 9.7680e-01     0.1261      0.015    1480.98     55.645     5.3270 113.683184     3.7276     73.955  0.000e+00
     73.271     7.7526    33.5723    26.1887 1.0012e+00     0.1261      0.015    1480.98     55.708     5.3330 113.683185     3.7318     73.980  0.000e+00
     73.284     7.7529    33.5723    26.1887 9.5238e-01     0.1261      0.015    1480.98     55.654     5.3279 113.683185     3.7282     73.993  0.000e+00
     73.309     7.7527    33.5733    26.1894 8.9133e-01     0.1261      0.018    1480.98     55.657     5.3281 113.683186     3.7283     74.018  0.000e+00
     73.296     7.7531    33.5729    26.1891 8.1807e-01     0.1261      0.018    1480.98     55.660     5.3284 113.683186     3.7285     74.004  0.000e+00
     73.377     7.7532    33.5730    26.1891 7.3260e-01     0.1261      0.018    1480.98     55.726     5.3347 113.683187     3.7329     74.087  0.000e+00
     73.369     7.7535    33.5727    26.1889 6.4713e-01     0.1261      0.015    1480.98     55.731     5.3351 113.683187     3.7332     74.078  0.000e+00
     73.392     7.7536    33.5729    26.1890 5.7387e-01     0.1273      0.015    1480.99     55.743     5.3363 113.683188     3.7340     74.101  0.000e+00
     73.416     7.7538    33.5727    26.1888 5.2503e-01     0.1261      0.018    1480.99     55.686     5.3308 113.683188     3.7302     74.126  0.000e+00
     73.429     7.7537    33.5731    26.1891 4.8840e-01     0.1249      0.018    1480.99     55.747     5.3366 113.683189     3.7343     74.139  0.000e+00
     73.454     7.7539    33.5730    26.1890 4.5177e-01     0.1261      0.015    1480.99     55.691     5.3313 113.683189     3.7305     74.164  0.000e+00
     73.490     7.7541    33.5727    26.1888 4.3956e-01     0.1261      0.018    1480.99     55.691     5.3312 113.683190     3.7305     74.200  0.000e+00
     73.490     7.7540    33.5731    26.1891 4.2735e-01     0.1261      0.018    1480.99     55.753     5.3372 113.683190     3.7346     74.200  0.000e+00
     73.514     7.7541    33.5732    26.1891 4.2735e-01     0.1261      0.018    1480.99     55.699     5.3320 113.683191     3.7310     74.225  0.000e+00
     73.537     7.7543    33.5729    26.1889 4.2735e-01     0.1261      0.018    1480.99     55.700     5.3321 113.683191     3.7311     74.248  0.000e+00
     73.571     7.7543    33.5734    26.1893 5.0061e-01     0.1261      0.015    1480.99     55.702     5.3322 113.683192     3.7312     74.282  0.000e+00
     73.586     7.7547    33.5734    26.1893 5.8608e-01     0.1261      0.018    1480.99     55.766     5.3383 113.683192     3.7354     74.297  0.000e+00
     73.597     7.7549    33.5733    26.1891 1.2454e+00     0.1261      0.015    1480.99     55.714     5.3333 113.683193     3.7319     74.309  0.000e+00
     73.621     7.7549    33.5736    26.1893 1.6239e+00     0.1261      0.015    1481.00     55.779     5.3395 113.683193     3.7363     74.333  0.000e+00
     73.646     7.7550    33.5735    26.1893 1.4652e+00     0.1261      0.015    1481.00     55.790     5.3406 113.683193     3.7370     74.358  0.000e+00
     73.659     7.7554    33.5738    26.1895 1.1844e+00     0.1261      0.018    1481.00     55.801     5.3416 113.683194     3.7377     74.371  0.000e+00
     73.695     7.7557    33.5743    26.1898 9.5238e-01     0.1261      0.018    1481.00     55.813     5.3426 113.683194     3.7385     74.407  0.000e+00
     73.719     7.7563    33.5747    26.1900 7.8144e-01     0.1261      0.015    1481.00     55.762     5.3377 113.683195     3.7350     74.432  0.000e+00
     73.727     7.7565    33.5753    26.1904 6.7155e-01     0.1261      0.015    1481.01     55.829     5.3441 113.683195     3.7395     74.440  0.000e+00
     73.755     7.7569    33.5753    26.1904 5.8608e-01     0.1261      0.018    1481.01     55.772     5.3386 113.683196     3.7357     74.468  0.000e+00
     73.766     7.7571    33.5756    26.1906 5.7387e-01     0.1261      0.018    1481.01     55.832     5.3443 113.683196     3.7396     74.480  0.000e+00
     73.791     7.7576    33.5761    26.1909 5.8608e-01     0.1261      0.018    1481.01     55.838     5.3448 113.683197     3.7399     74.504  0.000e+00
     73.827     7.7580    33.5760    26.1908 5.6166e-01     0.1261      0.018    1481.01     55.843     5.3452 113.683197     3.7403     74.540  0.000e+00
     73.840     7.7581    33.5763    26.1911 5.3724e-01     0.1261      0.018    1481.01     55.849     5.3457 113.683198     3.7406     74.554  0.000e+00
     73.864     7.7584    33.5757    26.1905 5.2503e-01     0.1261      0.018    1481.02     55.854     5.3462 113.683198     3.7410     74.578  0.000e+00
     73.887     7.7584    33.5757    26.1905 5.3724e-01     0.1261      0.015    1481.02     55.859     5.3467 113.683199     3.7413     74.601  0.000e+00
     73.897     7.7586    33.5759    26.1906 5.4945e-01     0.1261      0.015    1481.02     55.865     5.3472 113.683199     3.7417     74.611  0.000e+00
     73.936     7.7584    33.5762    26.1909 5.4945e-01     0.1261      0.018    1481.02     55.870     5.3478 113.683200     3.7420     74.651  0.000e+00
     73.949     7.7584    33.5763    26.1910 5.2503e-01     0.1261      0.018    1481.02     55.876     5.3483 113.683200     3.7424     74.664  0.000e+00
     73.972     7.7589    33.5758    26.1905 5.4945e-01     0.1273      0.015    1481.02     55.819     5.3428 113.683201     3.7386     74.687  0.000e+00
     73.996     7.7589    33.5764    26.1910 6.7155e-01     0.1261      0.015    1481.02     55.817     5.3426 113.683201     3.7384     74.711  0.000e+00
     74.020     7.7594    33.5765    26.1910 7.2039e-01     0.1261      0.015    1481.02     55.878     5.3484 113.683202     3.7425     74.736  0.000e+00
     74.040     7.7594    33.5762    26.1908 6.9597e-01     0.1261      0.018    1481.02     55.876     5.3482 113.683202     3.7424     74.756  0.000e+00
     74.056     7.7592    33.5766    26.1911 6.5934e-01     0.1261      0.015    1481.02     55.882     5.3488 113.683203     3.7427     74.772  0.000e+00
     74.081     7.7594    33.5763    26.1908 6.1050e-01     0.1273      0.015    1481.02     55.825     5.3433 113.683203     3.7390     74.797  0.000e+00
     74.105     7.7592    33.5758    26.1904 6.1050e-01     0.1261      0.018    1481.02     55.878     5.3485 113.683204     3.7425     74.822  0.000e+00
