Fl1_230419_down.cnv
* Sea-Bird SBE 9 Data File:
* FileName = C:\CTD Brukere\NIVA\IO2019\20190423\Fl1_230419.hex
* Software Version Seasave V 7.23.2
* Temperature SN = 5352
* Conductivity SN = 3840
* Number of Bytes Per Scan = 28
* Number of Voltage Words = 4
* Number of Scans Averaged by the Deck Unit = 1
* NMEA baud rate = 4800
** Ship: R/V Trygve Braarud
** Cruise:
** Station:
** Operator:
# nquan = 14
# nvalues = 9300                                  
# units = specified
# name 0 = depSM: Depth [salt water, m], lat = 59.60
# name 1 = t090C: Temperature [ITS-90, deg C]
# name 2 = sal00: Salinity, Practical [PSU]
# name 3 = sigma-t00: Density [sigma-t, kg/m^3 ]
# name 4 = flSP: Fluorescence, Seapoint
# name 5 = wetStar: Fluorescence, WET Labs WETstar [mg/m^3]
# name 6 = seaTurbMtr: Turbidity, Seapoint [FTU]
# name 7 = svCM: Sound Velocity [Chen-Millero, m/s]
# name 8 = sbeox0PS: Oxygen, SBE 43 [% saturation]
# name 9 = sbeox0Mg/L: Oxygen, SBE 43 [mg/l]
# name 10 = timeJ: Julian Days
# name 11 = sbeox0ML/L: Oxygen, SBE 43 [ml/l]
# name 12 = prDM: Pressure, Digiquartz [db]
# name 13 = flag:  0.000e+00
# span 0 =      0.713,    163.613                 
# span 1 =     5.5166,     9.1225                 
# span 2 =    25.6595,    33.6927                 
# span 3 =    19.8152,    26.2603                 
# span 4 = 1.7094e-01, 1.6264e+01                 
# span 5 =     0.1237,     0.1273                 
# span 6 =      0.007,      0.018                 
# span 7 =    1467.27,    1483.23                 
# span 8 =     54.844,    112.089                 
# span 9 =     5.2292,    11.4589                 
# span 10 = 113.680914, 113.685399                
# span 11 =     3.6591,     8.0183                
# span 12 =      0.720,    165.231                
# span 13 = 0.0000e+00, 0.0000e+00                
# interval = seconds: 0.0416667
# start_time = Apr 23 2019 16:20:31 [System UpLoad Time]
# bad_flag = -9.990e-29
*END*
[from data line 5575]
     91.650     7.8332    33.6268    26.2198 3.9072e-01     0.1261      0.018    1481.66     55.097     5.2630 113.683603     3.6828     92.540  0.000e+00
     91.691     7.8332    33.6284    26.2211 3.9072e-01     0.1273      0.018    1481.66     55.098     5.2631 113.683603     3.6828     92.581  0.000e+00
     91.699     7.8338    33.6295    26.2219 4.0293e-01     0.1261      0.015    1481.67     55.099     5.2631 113.683604     3.6828     92.589  0.000e+00
     91.723     7.8346    33.6292    26.2215 4.0293e-01     0.1261      0.015    1481.67     55.101     5.2632 113.683604     3.6829     92.614  0.000e+00
     91.759     7.8351    33.6290    26.2212 4.2735e-01     0.1261      0.015    1481.67     55.103     5.2633 113.683605     3.6830     92.650  0.000e+00
     91.772     7.8356    33.6292    26.2213 4.3956e-01     0.1261      0.018    1481.67     55.105     5.2635 113.683605     3.6831     92.664  0.000e+00
     91.795     7.8361    33.6283    26.2206 4.1514e-01     0.1261      0.018    1481.67     55.108     5.2637 113.683606     3.6832     92.687  0.000e+00
     91.808     7.8359    33.6290    26.2212 4.1514e-01     0.1261      0.018    1481.67     55.110     5.2640 113.683606     3.6834     92.700  0.000e+00
     91.833     7.8361    33.6286    26.2208 4.1514e-01     0.1261      0.018    1481.67     55.114     5.2643 113.683607     3.6836     92.724  0.000e+00
     91.833     7.8358    33.6284    26.2207 4.1514e-01     0.1261      0.018    1481.67     55.117     5.2647 113.683607     3.6839     92.724  0.000e+00
     91.868     7.8354    33.6277    26.2202 4.3956e-01     0.1261      0.018    1481.67     55.121     5.2651 113.683608     3.6842     92.761  0.000e+00
     91.880     7.8351    33.6274    26.2200 4.3956e-01     0.1261      0.018    1481.67     55.125     5.2655 113.683608     3.6845     92.772  0.000e+00
     91.904     7.8348    33.6277    26.2203 4.3956e-01     0.1261      0.018    1481.67     55.122     5.2653 113.683609     3.6843     92.797  0.000e+00
     91.929     7.8351    33.6283    26.2208 4.3956e-01     0.1261      0.015    1481.67     55.126     5.2656 113.683609     3.6846     92.822  0.000e+00
     91.942     7.8356    33.6292    26.2213 4.7619e-01     0.1261      0.018    1481.68     55.131     5.2660 113.683610     3.6848     92.835  0.000e+00
     91.978     7.8361    33.6288    26.2210 5.7387e-01     0.1261      0.018    1481.68     55.129     5.2657 113.683610     3.6846     92.871  0.000e+00
     91.994     7.8362    33.6284    26.2207 6.1050e-01     0.1261      0.018    1481.68     55.134     5.2662 113.683611     3.6850     92.888  0.000e+00
     92.002     7.8354    33.6285    26.2209 5.6166e-01     0.1261      0.018    1481.67     55.139     5.2668 113.683611     3.6854     92.896  0.000e+00
     92.025     7.8356    33.6281    26.2205 5.0061e-01     0.1261      0.018    1481.68     55.145     5.2673 113.683612     3.6858     92.919  0.000e+00
     92.062     7.8356    33.6289    26.2211 4.8840e-01     0.1261      0.015    1481.68     55.151     5.2679 113.683612     3.6861     92.957  0.000e+00
     92.062     7.8359    33.6290    26.2211 6.7155e-01     0.1261      0.015    1481.68     55.149     5.2677 113.683613     3.6860     92.957  0.000e+00
     92.087     7.8359    33.6291    26.2212 7.2039e-01     0.1261      0.015    1481.68     55.148     5.2676 113.683613     3.6859     92.981  0.000e+00
     92.123     7.8362    33.6288    26.2210 6.3492e-01     0.1261      0.018    1481.68     55.154     5.2681 113.683614     3.6863     93.018  0.000e+00
     92.134     7.8361    33.6288    26.2210 5.3724e-01     0.1261      0.015    1481.68     55.215     5.2740 113.683614     3.6904     93.029  0.000e+00
     92.159     7.8362    33.6283    26.2206 4.8840e-01     0.1261      0.015    1481.68     55.167     5.2694 113.683614     3.6872     93.054  0.000e+00
     92.172     7.8362    33.6279    26.2202 4.6398e-01     0.1261      0.018    1481.68     55.166     5.2693 113.683615     3.6871     93.067  0.000e+00
     92.195     7.8358    33.6283    26.2206 4.2735e-01     0.1249      0.018    1481.68     55.165     5.2692 113.683615     3.6871     93.090  0.000e+00
     92.208     7.8354    33.6287    26.2210 4.2735e-01     0.1261      0.018    1481.68     55.164     5.2691 113.683616     3.6870     93.103  0.000e+00
     92.244     7.8356    33.6286    26.2209 4.1514e-01     0.1261      0.018    1481.68     55.163     5.2690 113.683616     3.6869     93.140  0.000e+00
     92.257     7.8358    33.6290    26.2212 4.1514e-01     0.1261      0.018    1481.68     55.161     5.2689 113.683617     3.6868     93.153  0.000e+00
     92.292     7.8359    33.6289    26.2211 4.1514e-01     0.1261      0.015    1481.68     55.160     5.2688 113.683617     3.6868     93.189  0.000e+00
     92.304     7.8361    33.6291    26.2212 4.0293e-01     0.1261      0.015    1481.68     55.159     5.2686 113.683618     3.6867     93.200  0.000e+00
     92.317     7.8364    33.6289    26.2210 4.2735e-01     0.1261      0.018    1481.68     55.158     5.2685 113.683618     3.6866     93.214  0.000e+00
     92.353     7.8362    33.6291    26.2212 4.3956e-01     0.1261      0.018    1481.68     55.157     5.2684 113.683619     3.6865     93.250  0.000e+00
     92.377     7.8364    33.6293    26.2213 4.1514e-01     0.1261      0.018    1481.69     55.164     5.2690 113.683619     3.6869     93.275  0.000e+00
     92.389     7.8364    33.6292    26.2213 4.2735e-01     0.1261      0.015    1481.69     55.163     5.2689 113.683620     3.6869     93.286  0.000e+00
     92.413     7.8367    33.6299    26.2218 4.3956e-01     0.1261      0.015    1481.69     55.162     5.2688 113.683620     3.6868     93.311  0.000e+00
     92.438     7.8370    33.6307    26.2223 4.0293e-01     0.1273      0.018    1481.69     55.161     5.2687 113.683621     3.6867     93.336  0.000e+00
     92.462     7.8377    33.6310    26.2224 3.6630e-01     0.1261      0.018    1481.69     55.168     5.2692 113.683621     3.6871     93.360  0.000e+00
     92.486     7.8382    33.6313    26.2227 3.4188e-01     0.1261      0.018    1481.70     55.168     5.2691 113.683622     3.6870     93.385  0.000e+00
     92.498     7.8383    33.6311    26.2225 3.4188e-01     0.1261      0.018    1481.70     55.167     5.2691 113.683622     3.6870     93.396  0.000e+00
     92.522     7.8383    33.6304    26.2219 4.7619e-01     0.1261      0.015    1481.70     55.167     5.2690 113.683623     3.6870     93.421  0.000e+00
     92.558     7.8379    33.6302    26.2218 7.9365e-01     0.1261      0.015    1481.70     55.167     5.2691 113.683623     3.6870     93.457  0.000e+00
     92.571     7.8382    33.6310    26.2224 1.1477e+00     0.1261      0.015    1481.70     55.166     5.2689 113.683624     3.6869     93.471  0.000e+00
     92.594     7.8382    33.6319    26.2231 1.1722e+00     0.1261      0.018    1481.70     55.166     5.2689 113.683624     3.6868     93.494  0.000e+00
     92.632     7.8388    33.6322    26.2232 1.0745e+00     0.1261      0.015    1481.70     55.173     5.2695 113.683625     3.6873     93.532  0.000e+00
     92.643     7.8393    33.6318    26.2228 1.0379e+00     0.1261      0.015    1481.70     55.173     5.2694 113.683625     3.6872     93.543  0.000e+00
     92.668     7.8393    33.6325    26.2234 8.7912e-01     0.1261      0.018    1481.71     55.172     5.2694 113.683626     3.6872     93.568  0.000e+00
     92.692     7.8399    33.6321    26.2230 1.6972e+00     0.1261      0.015    1481.71     55.172     5.2693 113.683626     3.6871     93.592  0.000e+00
     92.703     7.8396    33.6325    26.2234 7.6313e+00     0.1261      0.015    1481.71     55.172     5.2693 113.683627     3.6871     93.604  0.000e+00
     92.739     7.8399    33.6321    26.2230 8.8523e+00     0.1261      0.015    1481.71     55.172     5.2693 113.683627     3.6871     93.640  0.000e+00
     92.764     7.8399    33.6310    26.2222 6.3492e+00     0.1261      0.011    1481.71     55.172     5.2693 113.683628     3.6871     93.665  0.000e+00
     92.777     7.8390    33.6306    26.2220 3.9438e+00     0.1261      0.015    1481.70     55.172     5.2694 113.683628     3.6872     93.678  0.000e+00
     92.813     7.8383    33.6305    26.2220 2.5885e+00     0.1261      0.015    1481.70     55.172     5.2695 113.683628     3.6873     93.714  0.000e+00
     92.837     7.8382    33.6309    26.2223 1.8926e+00     0.1261      0.015    1481.70     55.109     5.2635 113.683629     3.6831     93.739  0.000e+00
     92.849     7.8385    33.6319    26.2231 1.3919e+00     0.1261      0.015    1481.70     55.164     5.2687 113.683629     3.6867     93.751  0.000e+00
     92.873     7.8390    33.6326    26.2235 1.0256e+00     0.1261      0.015    1481.71     55.164     5.2686 113.683630     3.6867     93.775  0.000e+00
     92.897     7.8398    33.6324    26.2232 7.9365e-01     0.1261      0.018    1481.71     55.165     5.2686 113.683630     3.6866     93.800  0.000e+00
     92.922     7.8401    33.6324    26.2232 6.5934e-01     0.1261      0.015    1481.71     55.102     5.2626 113.683631     3.6825     93.825  0.000e+00
     92.946     7.8404    33.6322    26.2230 5.7387e-01     0.1261      0.015    1481.71     55.158     5.2679 113.683631     3.6861     93.849  0.000e+00
     92.971     7.8401    33.6326    26.2234 5.1282e-01     0.1249      0.018    1481.71     55.158     5.2679 113.683632     3.6862     93.874  0.000e+00
     92.994     7.8404    33.6315    26.2224 5.3724e-01     0.1261      0.018    1481.71     55.097     5.2620 113.683632     3.6821     93.897  0.000e+00
     92.994     7.8399    33.6316    26.2226 5.1282e-01     0.1261      0.018    1481.71     55.152     5.2674 113.683633     3.6858     93.897  0.000e+00
     93.038     7.8398    33.6314    26.2225 5.0061e-01     0.1261      0.018    1481.71     55.091     5.2615 113.683633     3.6817     93.942  0.000e+00
     93.043     7.8394    33.6319    26.2229 4.6398e-01     0.1261      0.018    1481.71     55.084     5.2610 113.683634     3.6813     93.947  0.000e+00
     93.078     7.8394    33.6320    26.2230 4.2735e-01     0.1261      0.015    1481.71     55.141     5.2663 113.683634     3.6851     93.983  0.000e+00
     93.092     7.8396    33.6321    26.2230 4.3956e-01     0.1261      0.018    1481.71     55.080     5.2605 113.683635     3.6810     93.996  0.000e+00
     93.116     7.8396    33.6316    26.2227 4.2735e-01     0.1261      0.015    1481.71     55.074     5.2600 113.683635     3.6806     94.021  0.000e+00
     93.139     7.8394    33.6321    26.2230 3.9072e-01     0.1261      0.018    1481.71     55.069     5.2595 113.683636     3.6803     94.044  0.000e+00
     93.163     7.8393    33.6319    26.2230 4.0293e-01     0.1261      0.018    1481.71     55.064     5.2590 113.683636     3.6799     94.068  0.000e+00
     93.176     7.8394    33.6316    26.2227 4.0293e-01     0.1261      0.015    1481.71     55.059     5.2585 113.683637     3.6796     94.082  0.000e+00
     93.188     7.8396    33.6324    26.2233 4.2735e-01     0.1261      0.015    1481.72     55.116     5.2640 113.683637     3.6834     94.093  0.000e+00
     93.212     7.8403    33.6323    26.2231 4.6398e-01     0.1261      0.018    1481.72     55.127     5.2649 113.683638     3.6841     94.118  0.000e+00
     93.237     7.8401    33.6326    26.2234 4.7619e-01     0.1261      0.018    1481.72     55.068     5.2593 113.683638     3.6802     94.143  0.000e+00
     93.261     7.8404    33.6319    26.2228 5.2503e-01     0.1273      0.015    1481.72     55.064     5.2589 113.683639     3.6799     94.167  0.000e+00
     93.273     7.8401    33.6316    26.2226 5.9829e-01     0.1261      0.015    1481.72     55.061     5.2586 113.683639     3.6797     94.179  0.000e+00
     93.286     7.8398    33.6324    26.2233 6.5934e-01     0.1273      0.018    1481.72     55.057     5.2583 113.683640     3.6795     94.192  0.000e+00
     93.322     7.8399    33.6325    26.2233 6.5934e-01     0.1261      0.018    1481.72     55.117     5.2640 113.683640     3.6834     94.228  0.000e+00
     93.328     7.8401    33.6321    26.2230 6.1050e-01     0.1261      0.018    1481.72     55.121     5.2644 113.683641     3.6837     94.235  0.000e+00
     93.357     7.8396    33.6323    26.2232 6.4713e-01     0.1261      0.015    1481.72     55.126     5.2649 113.683641     3.6841     94.264  0.000e+00
     93.357     7.8393    33.6316    26.2227 6.7155e-01     0.1261      0.015    1481.72     55.068     5.2594 113.683641     3.6802     94.264  0.000e+00
     93.393     7.8393    33.6319    26.2229 6.7155e-01     0.1261      0.018    1481.72     55.127     5.2651 113.683642     3.6842     94.301  0.000e+00
     93.406     7.8398    33.6330    26.2238 6.2271e-01     0.1261      0.018    1481.72     55.070     5.2595 113.683642     3.6803     94.314  0.000e+00
     93.418     7.8406    33.6335    26.2240 5.3724e-01     0.1261      0.018    1481.72     55.068     5.2592 113.683643     3.6801     94.325  0.000e+00
     93.442     7.8409    33.6340    26.2244 4.7619e-01     0.1261      0.018    1481.73     55.128     5.2649 113.683643     3.6840     94.350  0.000e+00
     93.455     7.8414    33.6335    26.2239 4.5177e-01     0.1249      0.015    1481.73     55.133     5.2653 113.683644     3.6844     94.363  0.000e+00
     93.478     7.8414    33.6334    26.2238 4.7619e-01     0.1261      0.018    1481.73     55.076     5.2599 113.683644     3.6806     94.386  0.000e+00
     93.503     7.8414    33.6330    26.2235 5.6166e-01     0.1261      0.015    1481.73     55.137     5.2657 113.683645     3.6846     94.411  0.000e+00
     93.491     7.8414    33.6330    26.2235 7.5702e-01     0.1261      0.015    1481.73     55.080     5.2603 113.683645     3.6808     94.400  0.000e+00
     93.558     7.8415    33.6321    26.2227 7.4481e-01     0.1261      0.018    1481.73     55.141     5.2661 113.683646     3.6849     94.467  0.000e+00
     93.540     7.8414    33.6320    26.2227 6.2271e-01     0.1261      0.015    1481.73     55.147     5.2667 113.683646     3.6853     94.449  0.000e+00
     93.563     7.8409    33.6326    26.2233 5.4945e-01     0.1261      0.015    1481.73     55.153     5.2673 113.683647     3.6858     94.472  0.000e+00
     93.587     7.8412    33.6322    26.2229 5.1282e-01     0.1261      0.015    1481.73     55.159     5.2679 113.683647     3.6861     94.497  0.000e+00
     93.612     7.8412    33.6323    26.2230 5.8608e-01     0.1261      0.015    1481.73     55.165     5.2684 113.683648     3.6865     94.521  0.000e+00
     93.612     7.8412    33.6332    26.2237 6.9597e-01     0.1261      0.018    1481.73     55.109     5.2630 113.683648     3.6828     94.521  0.000e+00
     93.636     7.8415    33.6330    26.2235 6.9597e-01     0.1261      0.015    1481.73     55.170     5.2688 113.683649     3.6868     94.546  0.000e+00
     93.661     7.8415    33.6331    26.2235 6.3492e-01     0.1261      0.015    1481.73     55.176     5.2694 113.683649     3.6872     94.571  0.000e+00
     93.685     7.8417    33.6337    26.2240 6.7155e-01     0.1261      0.015    1481.73     55.182     5.2700 113.683650     3.6876     94.596  0.000e+00
     93.690     7.8425    33.6339    26.2241 6.4713e-01     0.1261      0.018    1481.74     55.189     5.2705 113.683650     3.6880     94.601  0.000e+00
     93.708     7.8430    33.6341    26.2241 5.4945e-01     0.1261      0.018    1481.74     55.195     5.2710 113.683651     3.6883     94.619  0.000e+00
     93.733     7.8433    33.6343    26.2243 4.6398e-01     0.1261      0.018    1481.74     55.139     5.2656 113.683651     3.6846     94.643  0.000e+00
     93.746     7.8434    33.6348    26.2246 4.1514e-01     0.1273      0.015    1481.74     55.200     5.2715 113.683652     3.6887     94.657  0.000e+00
