Fl1_200519_down.cnv
* Sea-Bird SBE 9 Data File:
* FileName = C:\CTD Brukere\NIVA\IO2019\20190520\Fl1_200519.hex
* Software Version Seasave V 7.23.2
* Temperature SN = 5352
* Conductivity SN = 3840
* Number of Bytes Per Scan = 28
* Number of Voltage Words = 4
* Number of Scans Averaged by the Deck Unit = 1
* NMEA baud rate = 4800
** Ship: R/V Trygve Braarud
** Cruise:
** Station:
** Operator:
# nquan = 14
# nvalues = 7720                                  
# units = specified
# name 0 = depSM: Depth [salt water, m], lat = 59.60
# name 1 = t090C: Temperature [ITS-90, deg C]
# name 2 = sal00: Salinity, Practical [PSU]
# name 3 = sigma-t00: Density [sigma-t, kg/m^3 ]
# name 4 = flSP: Fluorescence, Seapoint
# name 5 = wetStar: Fluorescence, WET Labs WETstar [mg/m^3]
# name 6 = seaTurbMtr: Turbidity, Seapoint [FTU]
# name 7 = svCM: Sound Velocity [Chen-Millero, m/s]
# name 8 = sbeox0PS: Oxygen, SBE 43 [% saturation]
# name 9 = sbeox0Mg/L: Oxygen, SBE 43 [mg/l]
# name 10 = timeJ: Julian Days
# name 11 = sbeox0ML/L: Oxygen, SBE 43 [ml/l]
# name 12 = prDM: Pressure, Digiquartz [db]
# name 13 = flag:  0.000e+00
# span 0 =      0.027,    161.756                 
# span 1 =     6.6130,    12.4221                 
# span 2 =    25.9257,    33.5901                 
# span 3 =    19.4800,    26.2202                 
# span 4 = 3.6630e-02, 4.6642e+00                 
# span 5 =     0.1249,     0.1273                 
# span 6 =      0.007,      0.018                 
# span 7 =    1473.86,    1487.54                 
# span 8 =     50.547,     97.135                 
# span 9 =     4.9980,     9.2149                 
# span 10 = 140.615139, 140.618861                
# span 11 =     3.4973,     6.4480                
# span 12 =      0.028,    163.355                
# span 13 = 0.0000e+00, 0.0000e+00                
# interval = seconds: 0.0416667
# start_time = May 20 2019 14:45:48 [System UpLoad Time]
# bad_flag = -9.990e-29
*END*
[from data line 7536]
    159.852     7.6334    33.5888    26.2188 1.8315e-01     0.1261      0.015    1481.98     57.202     5.4903 140.618773     3.8418    161.431  0.000e+00
    159.858     7.6334    33.5891    26.2190 1.8315e-01     0.1261      0.015    1481.98     57.205     5.4906 140.618774     3.8420    161.438  0.000e+00
    159.858     7.6330    33.5897    26.2195 1.8315e-01     0.1261      0.018    1481.98     57.200     5.4902 140.618774     3.8417    161.438  0.000e+00
    159.852     7.6334    33.5890    26.2189 1.8315e-01     0.1261      0.015    1481.98     57.195     5.4896 140.618775     3.8413    161.431  0.000e+00
    159.847     7.6334    33.5891    26.2190 1.8315e-01     0.1261      0.018    1481.98     57.189     5.4891 140.618775     3.8409    161.426  0.000e+00
    159.858     7.6333    33.5891    26.2191 1.8315e-01     0.1261      0.018    1481.98     57.191     5.4893 140.618776     3.8411    161.438  0.000e+00
    159.839     7.6333    33.5892    26.2191 1.8315e-01     0.1261      0.015    1481.98     57.185     5.4887 140.618776     3.8406    161.418  0.000e+00
    159.858     7.6331    33.5893    26.2192 1.8315e-01     0.1261      0.018    1481.98     57.179     5.4881 140.618777     3.8402    161.438  0.000e+00
    159.847     7.6331    33.5892    26.2191 1.8315e-01     0.1261      0.015    1481.98     57.180     5.4882 140.618777     3.8403    161.426  0.000e+00
    159.847     7.6331    33.5890    26.2189 1.8315e-01     0.1261      0.015    1481.98     57.181     5.4883 140.618777     3.8404    161.426  0.000e+00
    159.839     7.6330    33.5895    26.2193 1.8315e-01     0.1261      0.018    1481.98     57.174     5.4877 140.618778     3.8400    161.418  0.000e+00
    159.847     7.6333    33.5889    26.2188 1.8315e-01     0.1261      0.018    1481.98     57.175     5.4878 140.618778     3.8400    161.426  0.000e+00
    159.847     7.6334    33.5893    26.2192 1.9536e-01     0.1261      0.018    1481.98     57.176     5.4878 140.618779     3.8401    161.426  0.000e+00
    159.852     7.6336    33.5889    26.2188 1.8315e-01     0.1261      0.018    1481.98     57.169     5.4872 140.618779     3.8396    161.431  0.000e+00
    159.872     7.6335    33.5890    26.2189 1.8315e-01     0.1261      0.018    1481.98     57.170     5.4872 140.618780     3.8396    161.451  0.000e+00
    159.858     7.6336    33.5891    26.2190 1.8315e-01     0.1261      0.018    1481.98     57.171     5.4873 140.618780     3.8397    161.438  0.000e+00
    159.863     7.6336    33.5889    26.2188 1.8315e-01     0.1261      0.015    1481.98     57.171     5.4873 140.618781     3.8397    161.443  0.000e+00
    159.858     7.6333    33.5895    26.2193 1.8315e-01     0.1261      0.018    1481.98     57.172     5.4874 140.618781     3.8398    161.438  0.000e+00
    159.858     7.6334    33.5893    26.2192 1.9536e-01     0.1261      0.018    1481.98     57.172     5.4875 140.618782     3.8398    161.438  0.000e+00
    159.872     7.6336    33.5891    26.2190 1.8315e-01     0.1261      0.015    1481.98     57.173     5.4875 140.618782     3.8398    161.451  0.000e+00
    159.876     7.6333    33.5896    26.2194 1.8315e-01     0.1261      0.018    1481.98     57.174     5.4876 140.618783     3.8399    161.456  0.000e+00
    159.883     7.6337    33.5891    26.2189 1.8315e-01     0.1261      0.018    1481.98     57.175     5.4876 140.618783     3.8399    161.463  0.000e+00
    159.883     7.6336    33.5888    26.2188 1.7094e-01     0.1261      0.018    1481.98     57.167     5.4870 140.618784     3.8395    161.463  0.000e+00
    159.901     7.6336    33.5892    26.2191 1.8315e-01     0.1261      0.018    1481.98     57.168     5.4870 140.618784     3.8395    161.481  0.000e+00
    159.908     7.6334    33.5893    26.2192 1.8315e-01     0.1261      0.015    1481.98     57.168     5.4870 140.618785     3.8395    161.488  0.000e+00
    159.908     7.6335    33.5896    26.2194 1.8315e-01     0.1261      0.018    1481.98     57.168     5.4871 140.618785     3.8395    161.488  0.000e+00
    159.921     7.6337    33.5891    26.2189 1.8315e-01     0.1261      0.018    1481.98     57.169     5.4871 140.618786     3.8395    161.501  0.000e+00
    159.913     7.6337    33.5891    26.2190 1.8315e-01     0.1273      0.018    1481.98     57.169     5.4871 140.618786     3.8396    161.493  0.000e+00
    159.932     7.6337    33.5890    26.2189 1.8315e-01     0.1261      0.015    1481.98     57.107     5.4811 140.618787     3.8354    161.512  0.000e+00
    159.932     7.6337    33.5892    26.2190 1.8315e-01     0.1261      0.018    1481.98     57.163     5.4865 140.618787     3.8391    161.512  0.000e+00
    159.937     7.6337    33.5893    26.2191 1.8315e-01     0.1261      0.018    1481.98     57.163     5.4865 140.618788     3.8392    161.517  0.000e+00
    159.957     7.6337    33.5893    26.2191 1.8315e-01     0.1261      0.018    1481.98     57.164     5.4866 140.618788     3.8392    161.537  0.000e+00
    159.957     7.6335    33.5895    26.2193 1.7094e-01     0.1261      0.018    1481.98     57.165     5.4867 140.618789     3.8393    161.537  0.000e+00
    159.973     7.6334    33.5895    26.2193 1.8315e-01     0.1261      0.015    1481.98     57.165     5.4868 140.618789     3.8393    161.554  0.000e+00
    159.968     7.6336    33.5891    26.2190 1.7094e-01     0.1261      0.018    1481.98     57.166     5.4868 140.618790     3.8394    161.549  0.000e+00
    159.993     7.6334    33.5894    26.2192 1.7094e-01     0.1261      0.018    1481.98     57.167     5.4869 140.618790     3.8394    161.574  0.000e+00
    160.018     7.6335    33.5892    26.2190 1.8315e-01     0.1261      0.018    1481.98     57.168     5.4870 140.618791     3.8395    161.599  0.000e+00
    160.022     7.6334    33.5894    26.2192 1.7094e-01     0.1261      0.015    1481.98     57.168     5.4871 140.618791     3.8395    161.604  0.000e+00
    160.042     7.6336    33.5894    26.2192 1.7094e-01     0.1261      0.015    1481.99     57.106     5.4811 140.618791     3.8353    161.624  0.000e+00
    160.190     7.6336    33.5890    26.2189 1.7094e-01     0.1261      0.018    1481.99     57.164     5.4866 140.618792     3.8392    161.773  0.000e+00
    159.704     7.6337    33.5891    26.2190 1.7094e-01     0.1261      0.015    1481.98     57.098     5.4803 140.618792     3.8348    161.282  0.000e+00
    160.434     7.6341    33.5886    26.2185 1.8315e-01     0.1261      0.015    1481.99     57.097     5.4802 140.618793     3.8347    162.019  0.000e+00
    159.968     7.6341    33.5894    26.2191 1.8315e-01     0.1261      0.018    1481.99     57.087     5.4792 140.618793     3.8340    161.549  0.000e+00
    160.042     7.6342    33.5889    26.2187 1.7094e-01     0.1261      0.018    1481.99     57.082     5.4787 140.618794     3.8337    161.624  0.000e+00
    160.219     7.6345    33.5886    26.2185 1.7094e-01     0.1261      0.018    1481.99     57.078     5.4783 140.618794     3.8334    161.802  0.000e+00
    160.190     7.6341    33.5889    26.2187 1.8315e-01     0.1261      0.018    1481.99     57.073     5.4778 140.618795     3.8331    161.773  0.000e+00
    160.226     7.6341    33.5888    26.2187 1.7094e-01     0.1261      0.018    1481.99     57.068     5.4774 140.618795     3.8328    161.809  0.000e+00
    160.262     7.6340    33.5889    26.2187 1.7094e-01     0.1261      0.018    1481.99     57.056     5.4763 140.618796     3.8320    161.846  0.000e+00
    160.291     7.6339    33.5891    26.2189 1.7094e-01     0.1249      0.018    1481.99     57.052     5.4758 140.618796     3.8317    161.875  0.000e+00
    160.324     7.6337    33.5891    26.2190 1.7094e-01     0.1261      0.015    1481.99     57.048     5.4755 140.618797     3.8314    161.908  0.000e+00
    160.385     7.6337    33.5893    26.2191 1.8315e-01     0.1273      0.018    1481.99     57.045     5.4752 140.618797     3.8312    161.970  0.000e+00
    160.446     7.6337    33.5894    26.2192 1.8315e-01     0.1261      0.018    1481.99     57.042     5.4749 140.618798     3.8310    162.031  0.000e+00
    160.450     7.6337    33.5891    26.2189 1.8315e-01     0.1261      0.018    1481.99     57.039     5.4746 140.618798     3.8308    162.036  0.000e+00
    160.495     7.6339    33.5888    26.2187 1.8315e-01     0.1261      0.018    1481.99     57.036     5.4743 140.618799     3.8306    162.081  0.000e+00
    160.519     7.6337    33.5890    26.2189 1.8315e-01     0.1261      0.018    1481.99     57.034     5.4741 140.618799     3.8305    162.106  0.000e+00
    160.569     7.6338    33.5891    26.2189 1.8315e-01     0.1261      0.018    1481.99     57.032     5.4739 140.618800     3.8303    162.155  0.000e+00
    160.587     7.6337    33.5895    26.2193 1.7094e-01     0.1261      0.015    1481.99     57.030     5.4738 140.618800     3.8302    162.174  0.000e+00
    160.667     7.6342    33.5891    26.2189 1.7094e-01     0.1261      0.015    1482.00     57.029     5.4736 140.618801     3.8301    162.255  0.000e+00
    160.654     7.6339    33.5894    26.2192 1.7094e-01     0.1261      0.018    1482.00     57.028     5.4735 140.618801     3.8300    162.242  0.000e+00
    160.715     7.6338    33.5892    26.2190 1.7094e-01     0.1261      0.015    1482.00     56.964     5.4674 140.618802     3.8258    162.303  0.000e+00
    160.752     7.6339    33.5890    26.2189 1.7094e-01     0.1261      0.015    1482.00     56.956     5.4667 140.618802     3.8253    162.341  0.000e+00
    160.806     7.6339    33.5890    26.2188 1.8315e-01     0.1261      0.018    1482.00     56.950     5.4660 140.618803     3.8248    162.396  0.000e+00
    160.813     7.6338    33.5893    26.2191 1.8315e-01     0.1261      0.015    1482.00     56.943     5.4654 140.618803     3.8244    162.402  0.000e+00
    160.851     7.6339    33.5890    26.2189 1.7094e-01     0.1261      0.018    1482.00     56.937     5.4648 140.618804     3.8240    162.440  0.000e+00
    160.874     7.6339    33.5890    26.2188 1.7094e-01     0.1261      0.015    1482.00     56.932     5.4643 140.618804     3.8236    162.464  0.000e+00
    160.911     7.6337    33.5891    26.2190 1.8315e-01     0.1261      0.018    1482.00     56.927     5.4639 140.618804     3.8233    162.502  0.000e+00
    160.941     7.6338    33.5890    26.2189 1.7094e-01     0.1261      0.018    1482.00     56.924     5.4635 140.618805     3.8231    162.531  0.000e+00
    160.985     7.6336    33.5894    26.2192 1.7094e-01     0.1261      0.015    1482.00     56.920     5.4632 140.618805     3.8229    162.576  0.000e+00
    161.021     7.6339    33.5892    26.2190 1.8315e-01     0.1261      0.018    1482.00     56.918     5.4630 140.618806     3.8227    162.613  0.000e+00
    161.046     7.6337    33.5891    26.2190 1.7094e-01     0.1261      0.018    1482.00     56.916     5.4628 140.618806     3.8225    162.638  0.000e+00
    161.095     7.6340    33.5893    26.2190 1.8315e-01     0.1261      0.018    1482.00     56.914     5.4626 140.618807     3.8224    162.687  0.000e+00
    161.120     7.6337    33.5894    26.2192 1.8315e-01     0.1261      0.018    1482.00     56.914     5.4626 140.618807     3.8224    162.712  0.000e+00
    161.161     7.6341    33.5887    26.2186 1.7094e-01     0.1261      0.018    1482.00     56.914     5.4626 140.618808     3.8224    162.754  0.000e+00
    161.180     7.6339    33.5893    26.2191 1.8315e-01     0.1261      0.018    1482.01     56.914     5.4626 140.618808     3.8224    162.773  0.000e+00
    161.230     7.6340    33.5894    26.2192 1.8315e-01     0.1261      0.015    1482.01     56.915     5.4627 140.618809     3.8225    162.823  0.000e+00
    161.254     7.6339    33.5892    26.2190 1.7094e-01     0.1261      0.015    1482.01     56.917     5.4629 140.618809     3.8226    162.848  0.000e+00
    161.290     7.6339    33.5891    26.2189 1.8315e-01     0.1261      0.018    1482.01     56.920     5.4632 140.618810     3.8228    162.884  0.000e+00
    161.326     7.6340    33.5896    26.2193 1.8315e-01     0.1261      0.015    1482.01     56.915     5.4627 140.618810     3.8225    162.921  0.000e+00
    161.333     7.6339    33.5898    26.2195 1.8315e-01     0.1261      0.018    1482.01     56.918     5.4630 140.618811     3.8227    162.928  0.000e+00
    161.389     7.6339    33.5892    26.2190 1.7094e-01     0.1261      0.018    1482.01     56.922     5.4634 140.618811     3.8230    162.984  0.000e+00
    161.400     7.6339    33.5892    26.2190 1.7094e-01     0.1261      0.018    1482.01     56.927     5.4638 140.618812     3.8233    162.995  0.000e+00
    161.449     7.6340    33.5893    26.2191 1.8315e-01     0.1261      0.018    1482.01     56.932     5.4644 140.618812     3.8236    163.045  0.000e+00
    161.461     7.6341    33.5895    26.2192 1.7094e-01     0.1261      0.018    1482.01     56.938     5.4649 140.618813     3.8240    163.057  0.000e+00
    161.535     7.6341    33.5896    26.2193 4.0293e-01     0.1261      0.018    1482.01     56.945     5.4656 140.618813     3.8245    163.131  0.000e+00
    161.535     7.6341    33.5895    26.2192 7.9365e-01     0.1261      0.018    1482.01     56.952     5.4662 140.618814     3.8249    163.131  0.000e+00
    161.602     7.6343    33.5890    26.2188 1.0256e+00     0.1273      0.015    1482.01     56.897     5.4610 140.618814     3.8213    163.199  0.000e+00
    161.620     7.6342    33.5890    26.2188 1.0501e+00     0.1261      0.015    1482.01     56.961     5.4671 140.618815     3.8256    163.217  0.000e+00
    161.644     7.6341    33.5891    26.2189 8.3028e-01     0.1261      0.015    1482.01     56.900     5.4612 140.618815     3.8214    163.242  0.000e+00
    161.644     7.6342    33.5890    26.2188 5.7387e-01     0.1261      0.015    1482.01     56.965     5.4675 140.618816     3.8258    163.242  0.000e+00
    161.658     7.6343    33.5886    26.2185 3.6630e-01     0.1261      0.018    1482.01     56.968     5.4677 140.618816     3.8260    163.256  0.000e+00
    161.658     7.6342    33.5888    26.2187 2.4420e-01     0.1261      0.018    1482.01     56.970     5.4680 140.618817     3.8262    163.256  0.000e+00
    161.694     7.6342    33.5892    26.2190 1.7094e-01     0.1261      0.018    1482.01     56.974     5.4683 140.618817     3.8264    163.292  0.000e+00
    161.682     7.6343    33.5895    26.2192 1.2210e-01     0.1261      0.018    1482.02     56.977     5.4686 140.618818     3.8266    163.280  0.000e+00
    161.682     7.6342    33.5889    26.2187 9.7680e-02     0.1261      0.015    1482.01     56.981     5.4690 140.618818     3.8269    163.280  0.000e+00
    161.736     7.6341    33.5889    26.2188 6.1050e-02     0.1273      0.018    1482.01     56.986     5.4695 140.618818     3.8272    163.335  0.000e+00
    161.707     7.6341    33.5893    26.2191 4.8840e-02     0.1261      0.018    1482.01     56.990     5.4699 140.618819     3.8275    163.305  0.000e+00
    161.694     7.6338    33.5891    26.2190 4.8840e-02     0.1261      0.018    1482.01     56.995     5.4704 140.618819     3.8278    163.292  0.000e+00
    161.731     7.6341    33.5889    26.2188 3.6630e-02     0.1261      0.015    1482.01     57.000     5.4708 140.618820     3.8282    163.330  0.000e+00
    161.694     7.6337    33.5894    26.2192 3.6630e-02     0.1261      0.015    1482.01     57.005     5.4714 140.618820     3.8285    163.292  0.000e+00
    161.718     7.6342    33.5889    26.2187 4.8840e-02     0.1261      0.018    1482.01     57.011     5.4719 140.618821     3.8289    163.317  0.000e+00
    161.707     7.6340    33.5892    26.2190 6.1050e-02     0.1261      0.018    1482.01     57.017     5.4725 140.618821     3.8293    163.305  0.000e+00
    161.718     7.6341    33.5888    26.2187 8.5470e-02     0.1261      0.015    1482.01     57.023     5.4731 140.618822     3.8298    163.317  0.000e+00
