Fl1_200519_down.cnv
* Sea-Bird SBE 9 Data File:
* FileName = C:\CTD Brukere\NIVA\IO2019\20190520\Fl1_200519.hex
* Software Version Seasave V 7.23.2
* Temperature SN = 5352
* Conductivity SN = 3840
* Number of Bytes Per Scan = 28
* Number of Voltage Words = 4
* Number of Scans Averaged by the Deck Unit = 1
* NMEA baud rate = 4800
** Ship: R/V Trygve Braarud
** Cruise:
** Station:
** Operator:
# nquan = 14
# nvalues = 7720                                  
# units = specified
# name 0 = depSM: Depth [salt water, m], lat = 59.60
# name 1 = t090C: Temperature [ITS-90, deg C]
# name 2 = sal00: Salinity, Practical [PSU]
# name 3 = sigma-t00: Density [sigma-t, kg/m^3 ]
# name 4 = flSP: Fluorescence, Seapoint
# name 5 = wetStar: Fluorescence, WET Labs WETstar [mg/m^3]
# name 6 = seaTurbMtr: Turbidity, Seapoint [FTU]
# name 7 = svCM: Sound Velocity [Chen-Millero, m/s]
# name 8 = sbeox0PS: Oxygen, SBE 43 [% saturation]
# name 9 = sbeox0Mg/L: Oxygen, SBE 43 [mg/l]
# name 10 = timeJ: Julian Days
# name 11 = sbeox0ML/L: Oxygen, SBE 43 [ml/l]
# name 12 = prDM: Pressure, Digiquartz [db]
# name 13 = flag:  0.000e+00
# span 0 =      0.027,    161.756                 
# span 1 =     6.6130,    12.4221                 
# span 2 =    25.9257,    33.5901                 
# span 3 =    19.4800,    26.2202                 
# span 4 = 3.6630e-02, 4.6642e+00                 
# span 5 =     0.1249,     0.1273                 
# span 6 =      0.007,      0.018                 
# span 7 =    1473.86,    1487.54                 
# span 8 =     50.547,     97.135                 
# span 9 =     4.9980,     9.2149                 
# span 10 = 140.615139, 140.618861                
# span 11 =     3.4973,     6.4480                
# span 12 =      0.028,    163.355                
# span 13 = 0.0000e+00, 0.0000e+00                
# interval = seconds: 0.0416667
# start_time = May 20 2019 14:45:48 [System UpLoad Time]
# bad_flag = -9.990e-29
*END*
[from data line 1755]
     30.666     6.8983    32.5971    25.5398 2.0757e-01     0.1261      0.015    1475.76     53.515     5.2576 140.615985     3.6790     30.959  0.000e+00
     30.677     6.9020    32.5983    25.5403 2.0757e-01     0.1261      0.018    1475.78     53.517     5.2574 140.615986     3.6788     30.971  0.000e+00
     30.713     6.9045    32.5996    25.5409 2.1978e-01     0.1261      0.015    1475.79     53.516     5.2569 140.615986     3.6785     31.007  0.000e+00
     30.737     6.9056    32.6008    25.5418 2.0757e-01     0.1261      0.015    1475.80     53.512     5.2563 140.615987     3.6781     31.031  0.000e+00
     30.749     6.9039    32.5992    25.5407 2.0757e-01     0.1261      0.015    1475.79     53.574     5.2627 140.615987     3.6825     31.043  0.000e+00
     30.794     6.9018    32.6000    25.5416 2.0757e-01     0.1261      0.018    1475.78     53.579     5.2634 140.615988     3.6830     31.088  0.000e+00
     30.809     6.9042    32.6021    25.5430 2.0757e-01     0.1261      0.018    1475.79     53.579     5.2631 140.615988     3.6828     31.103  0.000e+00
     30.857     6.9097    32.6076    25.5466 2.0757e-01     0.1273      0.018    1475.82     53.576     5.2619 140.615989     3.6820     31.152  0.000e+00
     30.869     6.9144    32.6160    25.5526 2.0757e-01     0.1261      0.018    1475.85     53.569     5.2604 140.615989     3.6809     31.164  0.000e+00
     30.893     6.9178    32.6214    25.5564 2.0757e-01     0.1273      0.015    1475.87     53.567     5.2596 140.615990     3.6804     31.188  0.000e+00
     30.917     6.9187    32.6254    25.5594 2.0757e-01     0.1261      0.015    1475.88     53.624     5.2649 140.615990     3.6841     31.213  0.000e+00
     30.950     6.9242    32.6263    25.5594 2.1978e-01     0.1273      0.018    1475.90     53.623     5.2641 140.615991     3.6835     31.246  0.000e+00
     30.977     6.9326    32.6243    25.5567 2.0757e-01     0.1261      0.015    1475.94     53.626     5.2634 140.615991     3.6830     31.274  0.000e+00
     31.002     6.9374    32.6235    25.5554 2.0757e-01     0.1273      0.015    1475.95     53.618     5.2621 140.615992     3.6821     31.298  0.000e+00
     31.024     6.9445    32.6256    25.5562 2.0757e-01     0.1273      0.018    1475.98     53.676     5.2669 140.615992     3.6855     31.321  0.000e+00
     31.049     6.9511    32.6291    25.5580 2.0757e-01     0.1273      0.018    1476.01     53.676     5.2660 140.615992     3.6848     31.346  0.000e+00
     31.084     6.9530    32.6327    25.5606 2.0757e-01     0.1261      0.015    1476.03     53.674     5.2654 140.615993     3.6844     31.382  0.000e+00
     31.106     6.9546    32.6368    25.5636 2.0757e-01     0.1261      0.018    1476.04     53.668     5.2645 140.615993     3.6838     31.403  0.000e+00
     31.133     6.9581    32.6367    25.5631 2.0757e-01     0.1273      0.015    1476.05     53.728     5.2700 140.615994     3.6876     31.431  0.000e+00
     31.169     6.9554    32.6326    25.5602 2.0757e-01     0.1261      0.015    1476.04     53.731     5.2707 140.615994     3.6882     31.467  0.000e+00
     31.180     6.9468    32.6277    25.5575 2.1978e-01     0.1261      0.015    1476.00     53.731     5.2720 140.615995     3.6890     31.478  0.000e+00
     31.229     6.9389    32.6214    25.5536 2.1978e-01     0.1273      0.015    1475.96     53.736     5.2736 140.615995     3.6901     31.527  0.000e+00
     31.217     6.9336    32.6182    25.5517 2.0757e-01     0.1261      0.018    1475.94     53.799     5.2805 140.615996     3.6950     31.516  0.000e+00
     31.265     6.9316    32.6196    25.5531 2.0757e-01     0.1273      0.018    1475.93     53.804     5.2812 140.615996     3.6955     31.564  0.000e+00
     31.278     6.9336    32.6234    25.5559 2.1978e-01     0.1261      0.018    1475.94     53.805     5.2809 140.615997     3.6953     31.577  0.000e+00
     31.310     6.9354    32.6265    25.5580 2.0757e-01     0.1261      0.018    1475.95     53.864     5.2864 140.615997     3.6991     31.609  0.000e+00
     31.325     6.9375    32.6276    25.5586 2.0757e-01     0.1261      0.018    1475.96     53.865     5.2862 140.615998     3.6990     31.624  0.000e+00
     31.373     6.9385    32.6269    25.5579 2.0757e-01     0.1273      0.018    1475.97     53.871     5.2867 140.615998     3.6993     31.673  0.000e+00
     31.373     6.9398    32.6267    25.5576 2.0757e-01     0.1261      0.015    1475.97     53.873     5.2867 140.615999     3.6993     31.673  0.000e+00
     31.420     6.9410    32.6259    25.5569 2.0757e-01     0.1273      0.015    1475.98     53.871     5.2864 140.615999     3.6991     31.721  0.000e+00
     31.420     6.9417    32.6263    25.5571 2.0757e-01     0.1261      0.015    1475.98     53.928     5.2919 140.616000     3.7030     31.721  0.000e+00
     31.456     6.9423    32.6287    25.5589 2.0757e-01     0.1261      0.015    1475.99     53.873     5.2864 140.616000     3.6991     31.757  0.000e+00
     31.480     6.9436    32.6297    25.5595 2.0757e-01     0.1261      0.018    1475.99     53.931     5.2919 140.616001     3.7029     31.781  0.000e+00
     31.505     6.9437    32.6280    25.5581 2.0757e-01     0.1273      0.018    1475.99     53.931     5.2919 140.616001     3.7030     31.806  0.000e+00
     31.514     6.9431    32.6269    25.5573 2.0757e-01     0.1261      0.015    1475.99     53.928     5.2917 140.616002     3.7028     31.816  0.000e+00
     31.540     6.9425    32.6284    25.5586 2.0757e-01     0.1261      0.015    1475.99     53.983     5.2972 140.616002     3.7066     31.842  0.000e+00
     31.576     6.9425    32.6293    25.5593 2.0757e-01     0.1261      0.015    1475.99     54.050     5.3037 140.616003     3.7112     31.878  0.000e+00
     31.576     6.9427    32.6305    25.5602 2.0757e-01     0.1261      0.018    1475.99     53.996     5.2984 140.616003     3.7075     31.878  0.000e+00
     31.612     6.9450    32.6348    25.5633 2.1978e-01     0.1261      0.018    1476.01     54.056     5.3038 140.616004     3.7113     31.914  0.000e+00
     31.636     6.9480    32.6417    25.5684 2.1978e-01     0.1261      0.015    1476.03     54.057     5.3033 140.616004     3.7109     31.939  0.000e+00
     31.649     6.9524    32.6446    25.5700 2.1978e-01     0.1261      0.018    1476.05     54.062     5.3031 140.616005     3.7108     31.952  0.000e+00
     31.672     6.9580    32.6495    25.5732 2.0757e-01     0.1273      0.015    1476.08     54.125     5.3085 140.616005     3.7146     31.975  0.000e+00
     31.696     6.9672    32.6497    25.5721 2.0757e-01     0.1261      0.018    1476.11     54.130     5.3078 140.616005     3.7141     31.999  0.000e+00
     31.720     6.9723    32.6432    25.5663 2.0757e-01     0.1261      0.015    1476.13     54.132     5.3076 140.616006     3.7139     32.024  0.000e+00
     31.756     6.9709    32.6409    25.5647 2.1978e-01     0.1261      0.015    1476.12     54.192     5.3138 140.616006     3.7183     32.060  0.000e+00
     31.766     6.9705    32.6414    25.5651 2.1978e-01     0.1273      0.015    1476.12     54.132     5.3079 140.616007     3.7142     32.070  0.000e+00
     31.792     6.9716    32.6442    25.5671 2.1978e-01     0.1261      0.015    1476.13     54.192     5.3136 140.616007     3.7181     32.096  0.000e+00
     31.816     6.9739    32.6488    25.5705 2.0757e-01     0.1261      0.018    1476.14     54.194     5.3133 140.616008     3.7179     32.120  0.000e+00
     31.829     6.9773    32.6528    25.5732 2.0757e-01     0.1261      0.015    1476.16     54.192     5.3125 140.616008     3.7174     32.134  0.000e+00
     31.852     6.9803    32.6551    25.5746 2.0757e-01     0.1261      0.015    1476.17     54.194     5.3123 140.616009     3.7172     32.157  0.000e+00
     31.876     6.9828    32.6540    25.5734 2.0757e-01     0.1261      0.018    1476.18     54.255     5.3180 140.616009     3.7212     32.181  0.000e+00
     31.901     6.9848    32.6508    25.5706 2.0757e-01     0.1273      0.015    1476.19     54.257     5.3181 140.616010     3.7213     32.206  0.000e+00
     31.936     6.9841    32.6485    25.5689 2.0757e-01     0.1273      0.015    1476.18     54.256     5.3181 140.616010     3.7213     32.242  0.000e+00
     31.972     6.9792    32.6486    25.5696 2.0757e-01     0.1273      0.018    1476.16     54.260     5.3191 140.616011     3.7220     32.278  0.000e+00
     31.972     6.9758    32.6473    25.5690 2.0757e-01     0.1261      0.015    1476.15     54.321     5.3256 140.616011     3.7265     32.278  0.000e+00
     31.996     6.9744    32.6461    25.5683 2.0757e-01     0.1261      0.018    1476.14     54.325     5.3262 140.616012     3.7269     32.302  0.000e+00
     32.021     6.9732    32.6454    25.5679 2.0757e-01     0.1273      0.015    1476.14     54.325     5.3263 140.616012     3.7270     32.327  0.000e+00
     32.045     6.9729    32.6431    25.5662 2.0757e-01     0.1261      0.015    1476.13     54.382     5.3321 140.616013     3.7311     32.351  0.000e+00
     32.068     6.9701    32.6417    25.5654 2.1978e-01     0.1273      0.018    1476.12     54.382     5.3324 140.616013     3.7313     32.374  0.000e+00
     32.068     6.9670    32.6406    25.5649 2.3199e-01     0.1261      0.015    1476.11     54.385     5.3332 140.616014     3.7318     32.374  0.000e+00
     32.105     6.9651    32.6412    25.5657 2.4420e-01     0.1273      0.015    1476.10     54.385     5.3333 140.616014     3.7320     32.412  0.000e+00
     32.126     6.9653    32.6404    25.5650 2.3199e-01     0.1261      0.015    1476.10     54.442     5.3390 140.616015     3.7359     32.433  0.000e+00
     32.163     6.9641    32.6403    25.5651 2.1978e-01     0.1273      0.015    1476.10     54.441     5.3390 140.616015     3.7359     32.471  0.000e+00
     32.176     6.9630    32.6423    25.5668 2.1978e-01     0.1261      0.015    1476.10     54.444     5.3394 140.616016     3.7362     32.484  0.000e+00
     32.212     6.9632    32.6434    25.5676 2.1978e-01     0.1273      0.015    1476.10     54.443     5.3392 140.616016     3.7361     32.520  0.000e+00
     32.223     6.9632    32.6440    25.5681 2.1978e-01     0.1261      0.018    1476.10     54.438     5.3387 140.616017     3.7357     32.532  0.000e+00
     32.261     6.9638    32.6440    25.5681 2.0757e-01     0.1261      0.015    1476.10     54.429     5.3378 140.616017     3.7351     32.569  0.000e+00
     32.283     6.9651    32.6430    25.5671 2.0757e-01     0.1261      0.018    1476.11     54.487     5.3433 140.616018     3.7389     32.592  0.000e+00
     32.283     6.9648    32.6423    25.5666 2.0757e-01     0.1261      0.018    1476.10     54.486     5.3432 140.616018     3.7389     32.592  0.000e+00
     32.332     6.9641    32.6413    25.5659 2.0757e-01     0.1261      0.015    1476.10     54.481     5.3429 140.616019     3.7387     32.641  0.000e+00
     32.356     6.9635    32.6406    25.5654 2.0757e-01     0.1261      0.018    1476.10     54.535     5.3483 140.616019     3.7424     32.666  0.000e+00
     32.368     6.9629    32.6398    25.5649 2.0757e-01     0.1261      0.015    1476.10     54.476     5.3426 140.616019     3.7385     32.677  0.000e+00
     32.404     6.9627    32.6395    25.5647 2.0757e-01     0.1261      0.015    1476.10     54.530     5.3480 140.616020     3.7422     32.713  0.000e+00
     32.428     6.9624    32.6413    25.5661 2.0757e-01     0.1273      0.018    1476.10     54.526     5.3475 140.616020     3.7419     32.738  0.000e+00
     32.477     6.9630    32.6430    25.5673 2.0757e-01     0.1261      0.018    1476.10     54.588     5.3535 140.616021     3.7460     32.787  0.000e+00
     32.499     6.9651    32.6420    25.5663 2.0757e-01     0.1261      0.015    1476.11     54.529     5.3475 140.616021     3.7419     32.810  0.000e+00
     32.499     6.9655    32.6431    25.5671 2.0757e-01     0.1261      0.018    1476.11     54.522     5.3467 140.616022     3.7413     32.810  0.000e+00
     32.537     6.9659    32.6420    25.5662 2.1978e-01     0.1273      0.018    1476.11     54.573     5.3517 140.616022     3.7448     32.848  0.000e+00
     32.548     6.9655    32.6404    25.5650 2.0757e-01     0.1273      0.015    1476.11     54.566     5.3511 140.616023     3.7444     32.859  0.000e+00
     32.584     6.9637    32.6423    25.5667 2.0757e-01     0.1261      0.015    1476.11     54.563     5.3510 140.616023     3.7443     32.895  0.000e+00
     32.608     6.9635    32.6468    25.5703 2.0757e-01     0.1273      0.015    1476.11     54.611     5.3555 140.616024     3.7475     32.920  0.000e+00
     32.644     6.9661    32.6508    25.5731 2.0757e-01     0.1261      0.018    1476.13     54.608     5.3548 140.616024     3.7469     32.956  0.000e+00
     32.668     6.9696    32.6539    25.5750 2.0757e-01     0.1261      0.015    1476.14     54.601     5.3535 140.616025     3.7461     32.981  0.000e+00
     32.692     6.9731    32.6561    25.5764 2.0757e-01     0.1261      0.018    1476.16     54.590     5.3519 140.616025     3.7450     33.005  0.000e+00
     32.715     6.9774    32.6560    25.5757 2.0757e-01     0.1261      0.018    1476.18     54.583     5.3507 140.616026     3.7441     33.028  0.000e+00
     32.728     6.9805    32.6545    25.5741 2.0757e-01     0.1261      0.015    1476.19     54.580     5.3502 140.616026     3.7437     33.041  0.000e+00
     32.775     6.9809    32.6537    25.5734 2.0757e-01     0.1261      0.015    1476.19     54.567     5.3489 140.616027     3.7428     33.089  0.000e+00
     32.775     6.9806    32.6539    25.5736 2.0757e-01     0.1261      0.018    1476.19     54.621     5.3541 140.616027     3.7465     33.089  0.000e+00
     32.824     6.9809    32.6546    25.5741 2.0757e-01     0.1261      0.018    1476.19     54.616     5.3536 140.616028     3.7462     33.138  0.000e+00
     32.812     6.9809    32.6544    25.5739 2.0757e-01     0.1261      0.018    1476.19     54.670     5.3589 140.616028     3.7498     33.126  0.000e+00
     32.872     6.9808    32.6520    25.5721 2.0757e-01     0.1261      0.018    1476.19     54.674     5.3594 140.616029     3.7502     33.187  0.000e+00
     32.895     6.9793    32.6534    25.5734 2.0757e-01     0.1273      0.015    1476.19     54.674     5.3595 140.616029     3.7503     33.210  0.000e+00
     32.908     6.9851    32.6572    25.5756 2.0757e-01     0.1261      0.015    1476.21     54.670     5.3583 140.616030     3.7494     33.223  0.000e+00
     32.955     6.9859    32.6658    25.5823 1.9536e-01     0.1273      0.015    1476.23     54.671     5.3580 140.616030     3.7492     33.271  0.000e+00
     32.957     6.9837    32.6708    25.5865 2.0757e-01     0.1261      0.018    1476.23     54.662     5.3572 140.616031     3.7486     33.272  0.000e+00
     33.015     6.9817    32.6681    25.5847 2.0757e-01     0.1273      0.015    1476.22     54.719     5.3631 140.616031     3.7528     33.331  0.000e+00
     33.028     6.9805    32.6630    25.5808 1.9536e-01     0.1261      0.015    1476.20     54.717     5.3633 140.616032     3.7529     33.344  0.000e+00
     33.064     6.9809    32.6590    25.5776 2.0757e-01     0.1273      0.015    1476.20     54.712     5.3629 140.616032     3.7526     33.380  0.000e+00
     33.075     6.9808    32.6577    25.5766 2.0757e-01     0.1273      0.015    1476.20     54.704     5.3621 140.616033     3.7521     33.392  0.000e+00
     33.111     6.9808    32.6577    25.5766 2.0757e-01     0.1261      0.018    1476.20     54.762     5.3678 140.616033     3.7561     33.428  0.000e+00
     33.124     6.9813    32.6593    25.5778 2.0757e-01     0.1261      0.018    1476.20     54.762     5.3677 140.616033     3.7560     33.441  0.000e+00
     33.160     6.9835    32.6611    25.5789 2.0757e-01     0.1261      0.015    1476.22     54.759     5.3670 140.616034     3.7555     33.477  0.000e+00
     33.184     6.9854    32.6631    25.5802 2.0757e-01     0.1273      0.015    1476.23     54.752     5.3661 140.616034     3.7549     33.502  0.000e+00
