Fl1_230419_down.cnv
* Sea-Bird SBE 9 Data File:
* FileName = C:\CTD Brukere\NIVA\IO2019\20190423\Fl1_230419.hex
* Software Version Seasave V 7.23.2
* Temperature SN = 5352
* Conductivity SN = 3840
* Number of Bytes Per Scan = 28
* Number of Voltage Words = 4
* Number of Scans Averaged by the Deck Unit = 1
* NMEA baud rate = 4800
** Ship: R/V Trygve Braarud
** Cruise:
** Station:
** Operator:
# nquan = 14
# nvalues = 9300                                  
# units = specified
# name 0 = depSM: Depth [salt water, m], lat = 59.60
# name 1 = t090C: Temperature [ITS-90, deg C]
# name 2 = sal00: Salinity, Practical [PSU]
# name 3 = sigma-t00: Density [sigma-t, kg/m^3 ]
# name 4 = flSP: Fluorescence, Seapoint
# name 5 = wetStar: Fluorescence, WET Labs WETstar [mg/m^3]
# name 6 = seaTurbMtr: Turbidity, Seapoint [FTU]
# name 7 = svCM: Sound Velocity [Chen-Millero, m/s]
# name 8 = sbeox0PS: Oxygen, SBE 43 [% saturation]
# name 9 = sbeox0Mg/L: Oxygen, SBE 43 [mg/l]
# name 10 = timeJ: Julian Days
# name 11 = sbeox0ML/L: Oxygen, SBE 43 [ml/l]
# name 12 = prDM: Pressure, Digiquartz [db]
# name 13 = flag:  0.000e+00
# span 0 =      0.713,    163.613                 
# span 1 =     5.5166,     9.1225                 
# span 2 =    25.6595,    33.6927                 
# span 3 =    19.8152,    26.2603                 
# span 4 = 1.7094e-01, 1.6264e+01                 
# span 5 =     0.1237,     0.1273                 
# span 6 =      0.007,      0.018                 
# span 7 =    1467.27,    1483.23                 
# span 8 =     54.844,    112.089                 
# span 9 =     5.2292,    11.4589                 
# span 10 = 113.680914, 113.685399                
# span 11 =     3.6591,     8.0183                
# span 12 =      0.720,    165.231                
# span 13 = 0.0000e+00, 0.0000e+00                
# interval = seconds: 0.0416667
# start_time = Apr 23 2019 16:20:31 [System UpLoad Time]
# bad_flag = -9.990e-29
*END*
[from data line 5059]
     80.666     7.7861    33.6016    26.2069 3.6630e-01     0.1261      0.018    1481.27     55.492     5.3074 113.683354     3.7138     81.447  0.000e+00
     80.693     7.7861    33.6017    26.2069 3.9072e-01     0.1261      0.018    1481.27     55.550     5.3129 113.683355     3.7177     81.475  0.000e+00
     80.706     7.7860    33.6014    26.2067 3.9072e-01     0.1273      0.018    1481.27     55.498     5.3080 113.683355     3.7142     81.488  0.000e+00
     80.742     7.7856    33.6014    26.2068 3.7851e-01     0.1261      0.018    1481.27     55.494     5.3076 113.683356     3.7139     81.524  0.000e+00
     80.742     7.7853    33.6010    26.2065 3.7851e-01     0.1261      0.015    1481.26     55.497     5.3079 113.683356     3.7142     81.524  0.000e+00
     80.778     7.7848    33.6007    26.2063 3.7851e-01     0.1261      0.018    1481.26     55.493     5.3076 113.683356     3.7140     81.560  0.000e+00
     80.799     7.7844    33.6010    26.2066 3.6630e-01     0.1261      0.018    1481.26     55.497     5.3080 113.683357     3.7142     81.582  0.000e+00
     80.827     7.7843    33.6007    26.2064 3.6630e-01     0.1261      0.018    1481.26     55.493     5.3077 113.683357     3.7140     81.610  0.000e+00
     80.838     7.7842    33.6011    26.2067 3.6630e-01     0.1261      0.018    1481.26     55.497     5.3080 113.683358     3.7142     81.621  0.000e+00
     80.874     7.7839    33.6011    26.2068 3.6630e-01     0.1261      0.018    1481.26     55.493     5.3077 113.683358     3.7140     81.658  0.000e+00
     80.887     7.7837    33.6010    26.2067 3.7851e-01     0.1261      0.018    1481.26     55.497     5.3082 113.683359     3.7143     81.671  0.000e+00
     80.912     7.7840    33.6008    26.2065 3.6630e-01     0.1261      0.018    1481.26     55.494     5.3078 113.683359     3.7141     81.695  0.000e+00
     80.944     7.7836    33.6009    26.2066 3.9072e-01     0.1261      0.018    1481.26     55.491     5.3076 113.683360     3.7139     81.728  0.000e+00
     80.959     7.7832    33.6012    26.2069 4.1514e-01     0.1261      0.015    1481.26     55.488     5.3073 113.683360     3.7137     81.743  0.000e+00
     80.972     7.7832    33.6014    26.2071 4.2735e-01     0.1261      0.015    1481.26     55.492     5.3077 113.683361     3.7140     81.756  0.000e+00
     80.996     7.7834    33.6011    26.2068 4.2735e-01     0.1261      0.018    1481.26     55.497     5.3082 113.683361     3.7143     81.781  0.000e+00
     81.019     7.7829    33.6013    26.2071 4.0293e-01     0.1261      0.015    1481.26     55.440     5.3027 113.683362     3.7106     81.804  0.000e+00
     81.044     7.7832    33.6009    26.2067 3.9072e-01     0.1261      0.018    1481.26     55.500     5.3085 113.683362     3.7146     81.829  0.000e+00
     81.057     7.7829    33.6016    26.2073 3.7851e-01     0.1261      0.015    1481.26     55.499     5.3084 113.683363     3.7145     81.842  0.000e+00
     81.089     7.7829    33.6018    26.2075 3.7851e-01     0.1261      0.018    1481.26     55.505     5.3089 113.683363     3.7149     81.875  0.000e+00
     81.104     7.7831    33.6015    26.2072 4.0293e-01     0.1261      0.015    1481.26     55.503     5.3088 113.683364     3.7148     81.890  0.000e+00
     81.117     7.7831    33.6013    26.2071 4.2735e-01     0.1261      0.015    1481.26     55.502     5.3087 113.683364     3.7147     81.903  0.000e+00
     81.153     7.7834    33.6011    26.2068 4.3956e-01     0.1261      0.018    1481.26     55.563     5.3144 113.683365     3.7187     81.939  0.000e+00
     81.164     7.7832    33.6014    26.2071 4.3956e-01     0.1261      0.018    1481.26     55.506     5.3090 113.683365     3.7150     81.950  0.000e+00
     81.189     7.7834    33.6011    26.2069 4.3956e-01     0.1261      0.015    1481.26     55.512     5.3096 113.683366     3.7153     81.975  0.000e+00
     81.213     7.7832    33.6014    26.2071 4.6398e-01     0.1261      0.018    1481.26     55.518     5.3102 113.683366     3.7158     82.000  0.000e+00
     81.234     7.7831    33.6012    26.2070 4.7619e-01     0.1261      0.018    1481.26     55.525     5.3109 113.683367     3.7162     82.021  0.000e+00
     81.249     7.7831    33.6009    26.2068 4.8840e-01     0.1273      0.018    1481.26     55.524     5.3108 113.683367     3.7162     82.036  0.000e+00
     81.273     7.7831    33.6013    26.2071 4.8840e-01     0.1261      0.018    1481.26     55.523     5.3107 113.683368     3.7161     82.061  0.000e+00
     81.286     7.7831    33.6010    26.2068 5.0061e-01     0.1261      0.015    1481.26     55.530     5.3114 113.683368     3.7166     82.074  0.000e+00
     81.309     7.7831    33.6015    26.2072 5.1282e-01     0.1261      0.015    1481.26     55.530     5.3113 113.683369     3.7166     82.097  0.000e+00
     81.322     7.7831    33.6016    26.2072 5.0061e-01     0.1261      0.018    1481.27     55.529     5.3113 113.683369     3.7165     82.110  0.000e+00
     81.347     7.7832    33.6013    26.2070 4.8840e-01     0.1261      0.018    1481.27     55.529     5.3112 113.683370     3.7165     82.135  0.000e+00
     81.371     7.7834    33.6017    26.2073 4.8840e-01     0.1261      0.015    1481.27     55.528     5.3112 113.683370     3.7164     82.159  0.000e+00
     81.394     7.7832    33.6017    26.2073 4.6398e-01     0.1261      0.015    1481.27     55.528     5.3111 113.683370     3.7164     82.182  0.000e+00
     81.404     7.7834    33.6014    26.2071 4.3956e-01     0.1261      0.018    1481.27     55.590     5.3170 113.683371     3.7205     82.192  0.000e+00
     81.431     7.7834    33.6012    26.2069 4.3956e-01     0.1249      0.018    1481.27     55.596     5.3177 113.683371     3.7210     82.220  0.000e+00
     81.454     7.7832    33.6015    26.2072 4.3956e-01     0.1261      0.015    1481.27     55.603     5.3183 113.683372     3.7214     82.243  0.000e+00
     81.479     7.7834    33.6009    26.2067 4.3956e-01     0.1273      0.015    1481.27     55.546     5.3129 113.683372     3.7177     82.268  0.000e+00
     81.492     7.7831    33.6015    26.2072 4.2735e-01     0.1261      0.018    1481.27     55.545     5.3128 113.683373     3.7176     82.281  0.000e+00
     81.492     7.7832    33.6017    26.2073 4.3956e-01     0.1261      0.015    1481.27     55.606     5.3186 113.683373     3.7216     82.281  0.000e+00
     81.552     7.7834    33.6021    26.2076 4.3956e-01     0.1261      0.018    1481.27     55.549     5.3131 113.683374     3.7178     82.342  0.000e+00
     81.539     7.7839    33.6020    26.2075 4.5177e-01     0.1261      0.018    1481.27     55.610     5.3189 113.683374     3.7218     82.329  0.000e+00
     81.576     7.7839    33.6021    26.2076 4.3956e-01     0.1273      0.018    1481.27     55.615     5.3194 113.683375     3.7222     82.367  0.000e+00
     81.588     7.7840    33.6022    26.2076 4.3956e-01     0.1261      0.018    1481.27     55.620     5.3198 113.683375     3.7225     82.378  0.000e+00
     81.609     7.7840    33.6020    26.2075 4.5177e-01     0.1261      0.018    1481.27     55.625     5.3203 113.683376     3.7228     82.400  0.000e+00
     81.637     7.7840    33.6019    26.2074 4.5177e-01     0.1261      0.018    1481.27     55.637     5.3215 113.683376     3.7236     82.428  0.000e+00
     81.648     7.7843    33.6022    26.2076 4.2735e-01     0.1261      0.015    1481.28     55.641     5.3218 113.683377     3.7239     82.439  0.000e+00
     81.684     7.7845    33.6031    26.2082 4.0293e-01     0.1261      0.015    1481.28     55.584     5.3162 113.683377     3.7200     82.475  0.000e+00
     81.684     7.7847    33.6036    26.2086 3.9072e-01     0.1261      0.018    1481.28     55.642     5.3218 113.683378     3.7239     82.475  0.000e+00
     81.708     7.7852    33.6036    26.2086 4.0293e-01     0.1261      0.018    1481.28     55.592     5.3169 113.683378     3.7205     82.500  0.000e+00
     81.744     7.7853    33.6039    26.2088 4.5177e-01     0.1261      0.018    1481.28     55.651     5.3225 113.683379     3.7244     82.536  0.000e+00
     81.744     7.7855    33.6038    26.2087 4.3956e-01     0.1261      0.018    1481.28     55.592     5.3169 113.683379     3.7205     82.536  0.000e+00
     81.769     7.7858    33.6033    26.2082 4.1514e-01     0.1261      0.018    1481.29     55.651     5.3225 113.683380     3.7244     82.561  0.000e+00
     81.793     7.7855    33.6034    26.2084 4.0293e-01     0.1261      0.018    1481.28     55.654     5.3229 113.683380     3.7246     82.586  0.000e+00
     81.806     7.7856    33.6033    26.2083 4.0293e-01     0.1261      0.018    1481.29     55.658     5.3232 113.683381     3.7248     82.599  0.000e+00
     81.842     7.7855    33.6031    26.2081 4.2735e-01     0.1261      0.015    1481.28     55.598     5.3176 113.683381     3.7209     82.635  0.000e+00
     81.853     7.7853    33.6035    26.2085 4.1514e-01     0.1261      0.018    1481.29     55.656     5.3231 113.683382     3.7248     82.646  0.000e+00
     81.866     7.7855    33.6033    26.2082 4.8840e-01     0.1261      0.018    1481.29     55.659     5.3233 113.683382     3.7249     82.660  0.000e+00
     81.899     7.7852    33.6031    26.2081 4.8840e-01     0.1261      0.018    1481.28     55.661     5.3236 113.683383     3.7251     82.693  0.000e+00
     81.914     7.7850    33.6033    26.2083 4.6398e-01     0.1261      0.018    1481.28     55.663     5.3238 113.683383     3.7253     82.707  0.000e+00
     81.938     7.7853    33.6038    26.2087 4.6398e-01     0.1261      0.018    1481.29     55.665     5.3239 113.683383     3.7253     82.732  0.000e+00
     81.963     7.7861    33.6048    26.2093 4.6398e-01     0.1261      0.018    1481.29     55.666     5.3239 113.683384     3.7253     82.757  0.000e+00
     81.963     7.7869    33.6053    26.2096 4.6398e-01     0.1249      0.015    1481.30     55.605     5.3179 113.683384     3.7212     82.757  0.000e+00
     81.998     7.7877    33.6056    26.2098 4.5177e-01     0.1261      0.015    1481.30     55.599     5.3172 113.683385     3.7207     82.793  0.000e+00
     82.011     7.7885    33.6059    26.2098 4.2735e-01     0.1261      0.015    1481.30     55.647     5.3217 113.683385     3.7238     82.806  0.000e+00
     82.047     7.7891    33.6058    26.2097 4.1514e-01     0.1261      0.015    1481.31     55.585     5.3157 113.683386     3.7196     82.842  0.000e+00
     82.059     7.7899    33.6059    26.2096 4.0293e-01     0.1261      0.018    1481.31     55.640     5.3209 113.683386     3.7233     82.854  0.000e+00
     82.083     7.7900    33.6059    26.2096 3.9072e-01     0.1261      0.018    1481.31     55.578     5.3150 113.683387     3.7191     82.878  0.000e+00
     82.096     7.7903    33.6059    26.2096 3.9072e-01     0.1261      0.018    1481.31     55.633     5.3202 113.683387     3.7227     82.892  0.000e+00
     82.132     7.7904    33.6062    26.2098 4.0293e-01     0.1273      0.015    1481.31     55.633     5.3201 113.683388     3.7227     82.928  0.000e+00
     82.143     7.7911    33.6064    26.2099 3.9072e-01     0.1261      0.015    1481.32     55.640     5.3207 113.683388     3.7231     82.939  0.000e+00
     82.168     7.7919    33.6072    26.2104 3.9072e-01     0.1261      0.018    1481.32     55.640     5.3206 113.683389     3.7230     82.964  0.000e+00
     82.192     7.7927    33.6070    26.2102 3.6630e-01     0.1261      0.018    1481.32     55.577     5.3145 113.683389     3.7187     82.989  0.000e+00
     82.204     7.7937    33.6080    26.2107 3.6630e-01     0.1261      0.015    1481.33     55.630     5.3195 113.683390     3.7222     83.000  0.000e+00
     82.241     7.7946    33.6081    26.2108 3.7851e-01     0.1261      0.015    1481.33     55.629     5.3192 113.683390     3.7221     83.038  0.000e+00
     82.253     7.7954    33.6078    26.2103 3.6630e-01     0.1261      0.018    1481.34     55.566     5.3131 113.683391     3.7178     83.050  0.000e+00
     82.288     7.7956    33.6085    26.2109 3.6630e-01     0.1261      0.018    1481.34     55.619     5.3181 113.683391     3.7213     83.086  0.000e+00
     82.302     7.7966    33.6100    26.2119 3.9072e-01     0.1261      0.015    1481.34     55.617     5.3178 113.683392     3.7211     83.099  0.000e+00
     82.326     7.7986    33.6121    26.2133 3.9072e-01     0.1261      0.018    1481.35     55.615     5.3173 113.683392     3.7207     83.124  0.000e+00
     82.349     7.8016    33.6138    26.2142 3.7851e-01     0.1261      0.015    1481.37     55.551     5.3107 113.683393     3.7161     83.147  0.000e+00
     82.362     7.8040    33.6136    26.2137 3.7851e-01     0.1261      0.018    1481.38     55.603     5.3154 113.683393     3.7194     83.160  0.000e+00
     82.386     7.8060    33.6131    26.2130 3.6630e-01     0.1261      0.018    1481.38     55.600     5.3149 113.683394     3.7191     83.185  0.000e+00
     82.409     7.8074    33.6128    26.2126 3.6630e-01     0.1261      0.018    1481.39     55.597     5.3145 113.683394     3.7187     83.208  0.000e+00
     82.447     7.8082    33.6128    26.2124 4.1514e-01     0.1261      0.015    1481.39     55.602     5.3148 113.683395     3.7190     83.245  0.000e+00
     82.447     7.8088    33.6133    26.2128 4.5177e-01     0.1261      0.015    1481.40     55.606     5.3151 113.683395     3.7192     83.245  0.000e+00
     82.482     7.8096    33.6131    26.2125 4.7619e-01     0.1261      0.018    1481.40     55.611     5.3155 113.683396     3.7194     83.282  0.000e+00
     82.507     7.8103    33.6131    26.2124 5.0061e-01     0.1261      0.018    1481.40     55.545     5.3091 113.683396     3.7150     83.306  0.000e+00
     82.507     7.8105    33.6134    26.2126 5.2503e-01     0.1261      0.015    1481.40     55.597     5.3140 113.683397     3.7184     83.306  0.000e+00
     82.556     7.8108    33.6134    26.2126 4.8840e-01     0.1261      0.015    1481.41     55.601     5.3144 113.683397     3.7187     83.356  0.000e+00
     82.556     7.8113    33.6135    26.2126 4.6398e-01     0.1261      0.015    1481.41     55.597     5.3140 113.683397     3.7184     83.356  0.000e+00
     82.603     7.8116    33.6141    26.2130 4.7619e-01     0.1261      0.018    1481.41     55.601     5.3143 113.683398     3.7186     83.403  0.000e+00
     82.603     7.8121    33.6136    26.2126 4.6398e-01     0.1261      0.018    1481.41     55.605     5.3146 113.683398     3.7188     83.403  0.000e+00
     82.639     7.8122    33.6139    26.2127 4.5177e-01     0.1249      0.018    1481.41     55.609     5.3149 113.683399     3.7191     83.440  0.000e+00
     82.652     7.8125    33.6140    26.2127 4.2735e-01     0.1261      0.018    1481.41     55.613     5.3153 113.683399     3.7193     83.453  0.000e+00
     82.676     7.8124    33.6144    26.2131 4.2735e-01     0.1261      0.018    1481.42     55.616     5.3156 113.683400     3.7196     83.477  0.000e+00
     82.701     7.8127    33.6140    26.2128 4.5177e-01     0.1261      0.015    1481.42     55.620     5.3160 113.683400     3.7198     83.502  0.000e+00
     82.712     7.8129    33.6142    26.2129 4.7619e-01     0.1261      0.018    1481.42     55.616     5.3156 113.683401     3.7195     83.514  0.000e+00
     82.737     7.8129    33.6144    26.2130 5.1282e-01     0.1261      0.018    1481.42     55.620     5.3159 113.683401     3.7198     83.538  0.000e+00
     82.772     7.8129    33.6136    26.2124 5.4945e-01     0.1261      0.015    1481.42     55.616     5.3156 113.683402     3.7195     83.575  0.000e+00
     82.784     7.8129    33.6136    26.2124 5.6166e-01     0.1261      0.015    1481.42     55.619     5.3159 113.683402     3.7197     83.586  0.000e+00
     82.808     7.8129    33.6140    26.2127 5.6166e-01     0.1261      0.018    1481.42     55.615     5.3154 113.683403     3.7194     83.611  0.000e+00
