Fl1_230419_down.cnv
* Sea-Bird SBE 9 Data File:
* FileName = C:\CTD Brukere\NIVA\IO2019\20190423\Fl1_230419.hex
* Software Version Seasave V 7.23.2
* Temperature SN = 5352
* Conductivity SN = 3840
* Number of Bytes Per Scan = 28
* Number of Voltage Words = 4
* Number of Scans Averaged by the Deck Unit = 1
* NMEA baud rate = 4800
** Ship: R/V Trygve Braarud
** Cruise:
** Station:
** Operator:
# nquan = 14
# nvalues = 9300                                  
# units = specified
# name 0 = depSM: Depth [salt water, m], lat = 59.60
# name 1 = t090C: Temperature [ITS-90, deg C]
# name 2 = sal00: Salinity, Practical [PSU]
# name 3 = sigma-t00: Density [sigma-t, kg/m^3 ]
# name 4 = flSP: Fluorescence, Seapoint
# name 5 = wetStar: Fluorescence, WET Labs WETstar [mg/m^3]
# name 6 = seaTurbMtr: Turbidity, Seapoint [FTU]
# name 7 = svCM: Sound Velocity [Chen-Millero, m/s]
# name 8 = sbeox0PS: Oxygen, SBE 43 [% saturation]
# name 9 = sbeox0Mg/L: Oxygen, SBE 43 [mg/l]
# name 10 = timeJ: Julian Days
# name 11 = sbeox0ML/L: Oxygen, SBE 43 [ml/l]
# name 12 = prDM: Pressure, Digiquartz [db]
# name 13 = flag:  0.000e+00
# span 0 =      0.713,    163.613                 
# span 1 =     5.5166,     9.1225                 
# span 2 =    25.6595,    33.6927                 
# span 3 =    19.8152,    26.2603                 
# span 4 = 1.7094e-01, 1.6264e+01                 
# span 5 =     0.1237,     0.1273                 
# span 6 =      0.007,      0.018                 
# span 7 =    1467.27,    1483.23                 
# span 8 =     54.844,    112.089                 
# span 9 =     5.2292,    11.4589                 
# span 10 = 113.680914, 113.685399                
# span 11 =     3.6591,     8.0183                
# span 12 =      0.720,    165.231                
# span 13 = 0.0000e+00, 0.0000e+00                
# interval = seconds: 0.0416667
# start_time = Apr 23 2019 16:20:31 [System UpLoad Time]
# bad_flag = -9.990e-29
*END*
[from data line 8259]
    145.582     7.9011    33.6830    26.2541 1.7094e-01     0.1261      0.018    1482.88     55.235     5.2663 113.684897     3.6850    147.016  0.000e+00
    145.594     7.9010    33.6832    26.2542 1.7094e-01     0.1261      0.018    1482.88     55.238     5.2665 113.684898     3.6852    147.027  0.000e+00
    145.612     7.9010    33.6833    26.2543 1.7094e-01     0.1261      0.018    1482.88     55.241     5.2668 113.684898     3.6854    147.046  0.000e+00
    145.632     7.9013    33.6830    26.2541 3.7851e-01     0.1261      0.018    1482.88     55.243     5.2670 113.684899     3.6855    147.065  0.000e+00
    145.643     7.9010    33.6833    26.2543 7.6923e-01     0.1261      0.015    1482.88     55.245     5.2672 113.684899     3.6857    147.077  0.000e+00
    145.661     7.9012    33.6829    26.2540 1.9048e+00     0.1261      0.015    1482.88     55.247     5.2674 113.684900     3.6858    147.095  0.000e+00
    145.679     7.9010    33.6830    26.2541 4.4567e+00     0.1261      0.015    1482.88     55.248     5.2675 113.684900     3.6859    147.113  0.000e+00
    145.704     7.9012    33.6830    26.2541 4.0293e+00     0.1261      0.015    1482.88     55.249     5.2676 113.684901     3.6859    147.138  0.000e+00
    145.710     7.9011    33.6831    26.2542 2.6129e+00     0.1261      0.015    1482.88     55.250     5.2677 113.684901     3.6860    147.145  0.000e+00
    145.741     7.9015    33.6828    26.2538 1.5873e+00     0.1261      0.015    1482.88     55.188     5.2617 113.684902     3.6818    147.176  0.000e+00
    145.741     7.9012    33.6831    26.2542 1.0379e+00     0.1261      0.015    1482.88     55.243     5.2670 113.684902     3.6855    147.176  0.000e+00
    145.777     7.9010    33.6833    26.2543 7.4481e-01     0.1261      0.015    1482.88     55.243     5.2671 113.684903     3.6856    147.213  0.000e+00
    145.782     7.9012    33.6829    26.2539 5.6166e-01     0.1273      0.015    1482.88     55.235     5.2663 113.684903     3.6850    147.218  0.000e+00
    145.802     7.9015    33.6827    26.2538 4.2735e-01     0.1261      0.015    1482.89     55.235     5.2662 113.684904     3.6850    147.237  0.000e+00
    145.827     7.9012    33.6828    26.2539 3.4188e-01     0.1261      0.018    1482.89     55.233     5.2661 113.684904     3.6849    147.262  0.000e+00
    145.845     7.9012    33.6832    26.2542 3.4188e-01     0.1261      0.018    1482.89     55.169     5.2600 113.684905     3.6806    147.281  0.000e+00
    145.851     7.9013    33.6827    26.2538 5.8608e-01     0.1261      0.015    1482.89     55.223     5.2651 113.684905     3.6842    147.287  0.000e+00
    145.876     7.9012    33.6832    26.2542 1.0012e+00     0.1261      0.015    1482.89     55.221     5.2649 113.684905     3.6841    147.312  0.000e+00
    145.892     7.9012    33.6834    26.2544 1.1111e+00     0.1261      0.015    1482.89     55.227     5.2655 113.684906     3.6845    147.328  0.000e+00
    145.923     7.9013    33.6830    26.2540 1.1355e+00     0.1273      0.015    1482.89     55.162     5.2593 113.684906     3.6801    147.360  0.000e+00
    145.923     7.9012    33.6831    26.2541 1.2698e+00     0.1261      0.018    1482.89     55.215     5.2644 113.684907     3.6837    147.360  0.000e+00
    145.941     7.9015    33.6828    26.2538 1.1966e+00     0.1261      0.018    1482.89     55.150     5.2581 113.684907     3.6793    147.378  0.000e+00
    145.972     7.9013    33.6833    26.2542 1.0379e+00     0.1261      0.018    1482.89     55.141     5.2572 113.684908     3.6787    147.410  0.000e+00
    145.985     7.9014    33.6834    26.2544 8.7912e-01     0.1261      0.015    1482.89     55.131     5.2563 113.684908     3.6780    147.423  0.000e+00
    146.015     7.9015    33.6831    26.2541 7.2039e-01     0.1261      0.015    1482.89     55.191     5.2620 113.684909     3.6821    147.453  0.000e+00
    146.021     7.9013    33.6834    26.2543 5.8608e-01     0.1261      0.018    1482.89     55.126     5.2558 113.684909     3.6777    147.459  0.000e+00
    146.046     7.9015    33.6828    26.2539 5.1282e-01     0.1261      0.018    1482.89     55.187     5.2616 113.684910     3.6818    147.484  0.000e+00
    146.064     7.9013    33.6833    26.2543 4.3956e-01     0.1261      0.015    1482.89     55.130     5.2562 113.684910     3.6780    147.502  0.000e+00
    146.082     7.9012    33.6834    26.2543 3.6630e-01     0.1261      0.018    1482.89     55.120     5.2553 113.684911     3.6773    147.520  0.000e+00
    146.107     7.9013    33.6832    26.2541 3.1746e-01     0.1261      0.018    1482.89     55.111     5.2544 113.684911     3.6767    147.545  0.000e+00
    146.112     7.9014    33.6833    26.2543 4.8840e-01     0.1261      0.018    1482.89     55.101     5.2534 113.684912     3.6760    147.550  0.000e+00
    146.144     7.9013    33.6832    26.2542 9.7680e-01     0.1261      0.015    1482.89     55.154     5.2585 113.684912     3.6796    147.583  0.000e+00
    146.169     7.9015    33.6830    26.2540 9.0354e-01     0.1261      0.015    1482.89     55.152     5.2583 113.684913     3.6794    147.608  0.000e+00
    146.185     7.9015    33.6830    26.2540 6.3492e-01     0.1261      0.015    1482.89     55.149     5.2580 113.684913     3.6793    147.625  0.000e+00
    146.192     7.9016    33.6828    26.2538 4.3956e-01     0.1261      0.015    1482.89     55.083     5.2517 113.684914     3.6749    147.631  0.000e+00
    146.229     7.9013    33.6832    26.2542 3.2967e-01     0.1261      0.018    1482.89     55.081     5.2515 113.684914     3.6747    147.669  0.000e+00
    146.234     7.9013    33.6834    26.2543 2.8083e-01     0.1261      0.015    1482.89     55.133     5.2565 113.684915     3.6782    147.674  0.000e+00
    146.266     7.9014    33.6834    26.2543 2.4420e-01     0.1261      0.018    1482.89     55.138     5.2570 113.684915     3.6785    147.706  0.000e+00
    146.279     7.9015    33.6830    26.2540 2.1978e-01     0.1261      0.018    1482.89     55.072     5.2507 113.684916     3.6741    147.719  0.000e+00
    146.308     7.9013    33.6833    26.2542 2.0757e-01     0.1261      0.018    1482.89     55.125     5.2557 113.684916     3.6776    147.749  0.000e+00
    146.315     7.9013    33.6831    26.2541 2.0757e-01     0.1261      0.018    1482.89     55.129     5.2561 113.684917     3.6779    147.755  0.000e+00
    146.351     7.9013    33.6830    26.2541 2.4420e-01     0.1261      0.018    1482.89     55.134     5.2566 113.684917     3.6782    147.792  0.000e+00
    146.356     7.9012    33.6837    26.2546 3.4188e-01     0.1261      0.018    1482.90     55.075     5.2510 113.684918     3.6743    147.797  0.000e+00
    146.388     7.9015    33.6833    26.2542 4.2735e-01     0.1261      0.018    1482.90     55.136     5.2567 113.684918     3.6783    147.830  0.000e+00
    146.405     7.9013    33.6833    26.2543 4.2735e-01     0.1273      0.015    1482.90     55.078     5.2512 113.684918     3.6745    147.846  0.000e+00
    146.424     7.9012    33.6832    26.2542 3.7851e-01     0.1261      0.018    1482.90     55.075     5.2510 113.684919     3.6743    147.866  0.000e+00
    146.449     7.9015    33.6834    26.2543 3.2967e-01     0.1273      0.015    1482.90     55.073     5.2508 113.684919     3.6742    147.891  0.000e+00
    146.454     7.9013    33.6834    26.2543 2.8083e-01     0.1261      0.018    1482.90     55.072     5.2506 113.684920     3.6741    147.896  0.000e+00
    146.485     7.9015    33.6834    26.2543 2.5641e-01     0.1261      0.018    1482.90     55.070     5.2505 113.684920     3.6740    147.928  0.000e+00
    146.510     7.9013    33.6833    26.2543 2.3199e-01     0.1261      0.018    1482.90     55.069     5.2504 113.684921     3.6739    147.952  0.000e+00
    146.515     7.9015    33.6831    26.2541 2.1978e-01     0.1261      0.018    1482.90     55.131     5.2563 113.684921     3.6780    147.957  0.000e+00
    146.559     7.9012    33.6834    26.2544 2.0757e-01     0.1261      0.018    1482.90     55.138     5.2570 113.684922     3.6785    148.002  0.000e+00
    146.552     7.9012    33.6836    26.2545 2.1978e-01     0.1261      0.018    1482.90     55.082     5.2516 113.684922     3.6748    147.995  0.000e+00
    146.595     7.9015    33.6829    26.2539 2.3199e-01     0.1261      0.018    1482.90     55.144     5.2575 113.684923     3.6789    148.038  0.000e+00
    146.608     7.9015    33.6830    26.2540 2.6862e-01     0.1261      0.018    1482.90     55.088     5.2522 113.684923     3.6752    148.052  0.000e+00
    146.624     7.9013    33.6835    26.2544 2.8083e-01     0.1273      0.018    1482.90     55.151     5.2582 113.684924     3.6794    148.068  0.000e+00
    146.657     7.9016    33.6830    26.2540 2.5641e-01     0.1261      0.018    1482.90     55.158     5.2589 113.684924     3.6798    148.101  0.000e+00
    146.632     7.9013    33.6832    26.2542 4.8230e+00     0.1261      0.015    1482.90     55.165     5.2596 113.684925     3.6803    148.076  0.000e+00
    146.723     7.9013    33.6832    26.2542 8.4005e+00     0.1261      0.015    1482.90     55.103     5.2536 113.684925     3.6761    148.168  0.000e+00
    146.706     7.9015    33.6828    26.2538 6.6789e+00     0.1261      0.011    1482.90     55.102     5.2535 113.684926     3.6761    148.151  0.000e+00
    146.723     7.9014    33.6833    26.2543 4.0781e+00     0.1273      0.015    1482.90     55.102     5.2535 113.684926     3.6761    148.168  0.000e+00
    146.754     7.9015    33.6831    26.2541 2.4420e+00     0.1261      0.015    1482.90     55.103     5.2536 113.684927     3.6762    148.199  0.000e+00
    146.729     7.9015    33.6834    26.2543 1.5873e+00     0.1261      0.015    1482.90     55.103     5.2536 113.684927     3.6762    148.174  0.000e+00
    146.819     7.9015    33.6831    26.2541 1.1111e+00     0.1261      0.015    1482.90     55.105     5.2538 113.684928     3.6763    148.265  0.000e+00
    146.816     7.9013    33.6834    26.2543 8.0586e-01     0.1261      0.015    1482.90     55.098     5.2532 113.684928     3.6759    148.262  0.000e+00
    146.832     7.9015    33.6831    26.2541 5.8608e-01     0.1261      0.015    1482.90     55.100     5.2533 113.684929     3.6759    148.278  0.000e+00
    146.841     7.9015    33.6833    26.2542 9.1575e-01     0.1261      0.015    1482.90     55.101     5.2534 113.684929     3.6760    148.287  0.000e+00
    146.868     7.9015    33.6833    26.2543 1.1111e+00     0.1261      0.015    1482.90     55.103     5.2536 113.684930     3.6762    148.315  0.000e+00
    146.877     7.9015    33.6836    26.2544 8.6691e-01     0.1261      0.015    1482.90     55.098     5.2531 113.684930     3.6758    148.323  0.000e+00
    146.913     7.9013    33.6838    26.2547 5.9829e-01     0.1261      0.018    1482.91     55.100     5.2533 113.684931     3.6760    148.359  0.000e+00
    146.918     7.9016    33.6829    26.2539 4.2735e-01     0.1261      0.015    1482.91     55.095     5.2528 113.684931     3.6756    148.364  0.000e+00
    146.950     7.9015    33.6832    26.2542 3.4188e-01     0.1261      0.018    1482.91     55.152     5.2583 113.684932     3.6795    148.398  0.000e+00
    146.967     7.9013    33.6831    26.2541 2.9304e-01     0.1261      0.018    1482.91     55.154     5.2585 113.684932     3.6796    148.414  0.000e+00
    146.975     7.9013    33.6831    26.2541 2.5641e-01     0.1261      0.018    1482.91     55.164     5.2594 113.684932     3.6803    148.422  0.000e+00
    146.975     7.9017    33.6833    26.2542 2.3199e-01     0.1261      0.018    1482.91     55.103     5.2536 113.684933     3.6761    148.422  0.000e+00
    147.052     7.9015    33.6832    26.2542 2.0757e-01     0.1261      0.018    1482.91     55.168     5.2598 113.684933     3.6805    148.500  0.000e+00
    147.035     7.9016    33.6831    26.2540 1.9536e-01     0.1261      0.018    1482.91     55.169     5.2599 113.684934     3.6806    148.484  0.000e+00
    147.052     7.9016    33.6833    26.2542 1.9536e-01     0.1261      0.018    1482.91     55.171     5.2600 113.684934     3.6807    148.500  0.000e+00
    147.085     7.9015    33.6838    26.2546 2.0757e-01     0.1261      0.018    1482.91     55.172     5.2602 113.684935     3.6808    148.533  0.000e+00
    147.088     7.9015    33.6834    26.2543 3.4188e-01     0.1261      0.018    1482.91     55.110     5.2543 113.684935     3.6766    148.537  0.000e+00
    147.121     7.9015    33.6835    26.2544 6.1050e-01     0.1261      0.015    1482.91     55.174     5.2603 113.684936     3.6809    148.570  0.000e+00
    147.137     7.9016    33.6834    26.2543 5.6166e-01     0.1261      0.015    1482.91     55.182     5.2611 113.684936     3.6814    148.586  0.000e+00
    147.145     7.9020    33.6830    26.2540 4.2735e-01     0.1261      0.018    1482.91     55.191     5.2619 113.684937     3.6820    148.594  0.000e+00
    147.181     7.9020    33.6835    26.2544 3.6630e-01     0.1261      0.018    1482.91     55.192     5.2620 113.684937     3.6820    148.631  0.000e+00
    147.186     7.9018    33.6843    26.2550 3.9072e-01     0.1261      0.018    1482.91     55.192     5.2620 113.684938     3.6821    148.636  0.000e+00
    147.219     7.9023    33.6838    26.2545 3.6630e-01     0.1261      0.015    1482.91     55.137     5.2568 113.684938     3.6784    148.669  0.000e+00
    147.222     7.9023    33.6830    26.2539 3.1746e-01     0.1261      0.018    1482.91     55.201     5.2628 113.684939     3.6826    148.672  0.000e+00
    147.244     7.9020    33.6838    26.2545 2.8083e-01     0.1261      0.018    1482.91     55.138     5.2569 113.684939     3.6785    148.694  0.000e+00
    147.271     7.9021    33.6835    26.2543 2.5641e-01     0.1261      0.015    1482.91     55.202     5.2630 113.684940     3.6827    148.722  0.000e+00
    147.280     7.9019    33.6835    26.2543 2.3199e-01     0.1273      0.018    1482.91     55.210     5.2638 113.684940     3.6833    148.730  0.000e+00
    147.307     7.9020    33.6835    26.2544 2.1978e-01     0.1261      0.018    1482.91     55.219     5.2646 113.684941     3.6838    148.758  0.000e+00
    147.329     7.9018    33.6838    26.2546 2.0757e-01     0.1261      0.018    1482.91     55.156     5.2586 113.684941     3.6797    148.780  0.000e+00
    147.345     7.9020    33.6834    26.2542 1.9536e-01     0.1261      0.018    1482.91     55.220     5.2647 113.684942     3.6839    148.796  0.000e+00
    147.365     7.9018    33.6835    26.2543 1.9536e-01     0.1261      0.018    1482.91     55.220     5.2647 113.684942     3.6840    148.816  0.000e+00
    147.378     7.9018    33.6835    26.2543 2.0757e-01     0.1261      0.018    1482.91     55.220     5.2647 113.684943     3.6840    148.830  0.000e+00
    147.406     7.9020    33.6835    26.2543 1.9536e-01     0.1261      0.018    1482.92     55.157     5.2587 113.684943     3.6798    148.858  0.000e+00
    147.425     7.9019    33.6834    26.2543 1.9536e-01     0.1261      0.018    1482.92     55.150     5.2580 113.684944     3.6792    148.877  0.000e+00
    147.442     7.9021    33.6829    26.2538 1.8315e-01     0.1261      0.018    1482.92     55.142     5.2573 113.684944     3.6787    148.894  0.000e+00
    147.463     7.9018    33.6831    26.2540 1.8315e-01     0.1261      0.018    1482.92     55.197     5.2626 113.684945     3.6824    148.916  0.000e+00
    147.491     7.9018    33.6831    26.2540 1.8315e-01     0.1261      0.018    1482.92     55.205     5.2633 113.684945     3.6829    148.944  0.000e+00
    147.488     7.9020    33.6831    26.2540 1.8315e-01     0.1261      0.018    1482.92     55.212     5.2639 113.684946     3.6834    148.940  0.000e+00
    147.515     7.9018    33.6836    26.2544 1.7094e-01     0.1261      0.018    1482.92     55.211     5.2639 113.684946     3.6834    148.969  0.000e+00
