Fl1_200519_down.cnv
* Sea-Bird SBE 9 Data File:
* FileName = C:\CTD Brukere\NIVA\IO2019\20190520\Fl1_200519.hex
* Software Version Seasave V 7.23.2
* Temperature SN = 5352
* Conductivity SN = 3840
* Number of Bytes Per Scan = 28
* Number of Voltage Words = 4
* Number of Scans Averaged by the Deck Unit = 1
* NMEA baud rate = 4800
** Ship: R/V Trygve Braarud
** Cruise:
** Station:
** Operator:
# nquan = 14
# nvalues = 7720                                  
# units = specified
# name 0 = depSM: Depth [salt water, m], lat = 59.60
# name 1 = t090C: Temperature [ITS-90, deg C]
# name 2 = sal00: Salinity, Practical [PSU]
# name 3 = sigma-t00: Density [sigma-t, kg/m^3 ]
# name 4 = flSP: Fluorescence, Seapoint
# name 5 = wetStar: Fluorescence, WET Labs WETstar [mg/m^3]
# name 6 = seaTurbMtr: Turbidity, Seapoint [FTU]
# name 7 = svCM: Sound Velocity [Chen-Millero, m/s]
# name 8 = sbeox0PS: Oxygen, SBE 43 [% saturation]
# name 9 = sbeox0Mg/L: Oxygen, SBE 43 [mg/l]
# name 10 = timeJ: Julian Days
# name 11 = sbeox0ML/L: Oxygen, SBE 43 [ml/l]
# name 12 = prDM: Pressure, Digiquartz [db]
# name 13 = flag:  0.000e+00
# span 0 =      0.027,    161.756                 
# span 1 =     6.6130,    12.4221                 
# span 2 =    25.9257,    33.5901                 
# span 3 =    19.4800,    26.2202                 
# span 4 = 3.6630e-02, 4.6642e+00                 
# span 5 =     0.1249,     0.1273                 
# span 6 =      0.007,      0.018                 
# span 7 =    1473.86,    1487.54                 
# span 8 =     50.547,     97.135                 
# span 9 =     4.9980,     9.2149                 
# span 10 = 140.615139, 140.618861                
# span 11 =     3.4973,     6.4480                
# span 12 =      0.028,    163.355                
# span 13 = 0.0000e+00, 0.0000e+00                
# interval = seconds: 0.0416667
# start_time = May 20 2019 14:45:48 [System UpLoad Time]
# bad_flag = -9.990e-29
*END*
[from data line 2994]
     60.590     7.6255    33.4516    26.1120 1.5873e-01     0.1261      0.015    1480.13     58.107     5.5832 140.616583     3.9068     61.174  0.000e+00
     60.615     7.6259    33.4486    26.1096 1.5873e-01     0.1249      0.015    1480.13     58.109     5.5834 140.616583     3.9070     61.199  0.000e+00
     60.637     7.6243    33.4488    26.1100 1.5873e-01     0.1261      0.018    1480.13     58.112     5.5839 140.616584     3.9073     61.222  0.000e+00
     60.650     7.6238    33.4504    26.1113 1.5873e-01     0.1261      0.018    1480.13     58.116     5.5843 140.616584     3.9076     61.235  0.000e+00
     60.680     7.6239    33.4543    26.1144 1.7094e-01     0.1273      0.018    1480.13     58.060     5.5787 140.616585     3.9037     61.264  0.000e+00
     60.686     7.6254    33.4557    26.1153 1.7094e-01     0.1261      0.015    1480.14     58.059     5.5784 140.616585     3.9035     61.271  0.000e+00
     60.722     7.6264    33.4578    26.1168 1.5873e-01     0.1273      0.015    1480.15     58.060     5.5783 140.616586     3.9034     61.307  0.000e+00
     60.746     7.6269    33.4593    26.1179 1.5873e-01     0.1261      0.015    1480.15     58.125     5.5844 140.616586     3.9077     61.332  0.000e+00
     60.771     7.6272    33.4591    26.1177 1.7094e-01     0.1261      0.018    1480.15     58.066     5.5788 140.616587     3.9037     61.356  0.000e+00
     60.777     7.6274    33.4586    26.1173 1.8315e-01     0.1261      0.018    1480.15     58.064     5.5785 140.616587     3.9035     61.363  0.000e+00
     60.806     7.6271    33.4592    26.1178 1.8315e-01     0.1273      0.018    1480.15     58.062     5.5784 140.616588     3.9034     61.392  0.000e+00
     60.818     7.6269    33.4599    26.1184 1.7094e-01     0.1261      0.015    1480.15     58.070     5.5791 140.616588     3.9040     61.404  0.000e+00
     60.855     7.6268    33.4587    26.1175 1.7094e-01     0.1261      0.015    1480.15     58.071     5.5793 140.616589     3.9041     61.442  0.000e+00
     60.855     7.6264    33.4575    26.1165 1.9536e-01     0.1261      0.015    1480.15     58.012     5.5737 140.616589     3.9002     61.442  0.000e+00
     60.902     7.6260    33.4568    26.1160 1.8315e-01     0.1261      0.018    1480.15     58.009     5.5735 140.616590     3.9000     61.489  0.000e+00
     60.898     7.6256    33.4560    26.1155 1.7094e-01     0.1261      0.018    1480.14     58.007     5.5734 140.616590     3.8999     61.484  0.000e+00
     60.938     7.6254    33.4554    26.1151 1.7094e-01     0.1261      0.015    1480.14     57.945     5.5675 140.616590     3.8958     61.525  0.000e+00
     60.976     7.6254    33.4554    26.1151 1.7094e-01     0.1261      0.018    1480.14     58.001     5.5729 140.616591     3.8996     61.563  0.000e+00
     60.976     7.6252    33.4557    26.1153 1.7094e-01     0.1261      0.015    1480.14     57.997     5.5725 140.616591     3.8993     61.563  0.000e+00
     61.000     7.6252    33.4557    26.1153 1.5873e-01     0.1261      0.015    1480.14     58.001     5.5729 140.616592     3.8996     61.588  0.000e+00
     61.023     7.6254    33.4553    26.1149 1.5873e-01     0.1261      0.015    1480.15     58.007     5.5735 140.616592     3.9000     61.611  0.000e+00
     61.047     7.6252    33.4551    26.1148 1.7094e-01     0.1261      0.018    1480.14     58.015     5.5742 140.616593     3.9005     61.635  0.000e+00
     61.078     7.6251    33.4556    26.1153 1.7094e-01     0.1261      0.018    1480.15     57.962     5.5692 140.616593     3.8970     61.667  0.000e+00
     61.083     7.6254    33.4569    26.1162 1.7094e-01     0.1261      0.018    1480.15     57.958     5.5687 140.616594     3.8966     61.672  0.000e+00
     61.120     7.6260    33.4576    26.1167 1.5873e-01     0.1273      0.015    1480.15     57.955     5.5683 140.616594     3.8964     61.709  0.000e+00
     61.132     7.6263    33.4574    26.1165 1.5873e-01     0.1261      0.018    1480.15     57.954     5.5682 140.616595     3.8963     61.721  0.000e+00
     61.168     7.6262    33.4569    26.1161 1.5873e-01     0.1261      0.015    1480.15     57.955     5.5683 140.616595     3.8963     61.757  0.000e+00
     61.168     7.6262    33.4569    26.1161 1.5873e-01     0.1261      0.015    1480.15     57.949     5.5677 140.616596     3.8959     61.757  0.000e+00
     61.216     7.6262    33.4578    26.1168 1.5873e-01     0.1261      0.018    1480.15     57.952     5.5680 140.616596     3.8962     61.806  0.000e+00
     61.210     7.6262    33.4585    26.1174 1.5873e-01     0.1261      0.015    1480.16     57.949     5.5677 140.616597     3.8959     61.800  0.000e+00
     61.264     7.6265    33.4584    26.1172 1.7094e-01     0.1273      0.015    1480.16     57.886     5.5615 140.616597     3.8916     61.854  0.000e+00
     61.264     7.6269    33.4583    26.1171 1.5873e-01     0.1261      0.015    1480.16     57.878     5.5608 140.616598     3.8911     61.854  0.000e+00
     61.301     7.6271    33.4581    26.1170 1.5873e-01     0.1261      0.015    1480.16     57.872     5.5602 140.616598     3.8907     61.892  0.000e+00
     61.324     7.6270    33.4584    26.1172 1.5873e-01     0.1261      0.018    1480.16     57.867     5.5597 140.616599     3.8904     61.915  0.000e+00
     61.348     7.6271    33.4582    26.1170 1.7094e-01     0.1261      0.018    1480.16     57.865     5.5595 140.616599     3.8902     61.939  0.000e+00
     61.372     7.6274    33.4581    26.1169 1.7094e-01     0.1273      0.018    1480.16     57.863     5.5593 140.616600     3.8901     61.964  0.000e+00
     61.408     7.6274    33.4584    26.1171 1.7094e-01     0.1261      0.018    1480.16     57.863     5.5593 140.616600     3.8901     62.000  0.000e+00
     61.433     7.6275    33.4592    26.1177 1.5873e-01     0.1273      0.015    1480.16     57.803     5.5535 140.616601     3.8860     62.025  0.000e+00
     61.439     7.6278    33.4591    26.1176 1.5873e-01     0.1261      0.015    1480.17     57.799     5.5531 140.616601     3.8857     62.031  0.000e+00
     61.481     7.6278    33.4593    26.1178 1.5873e-01     0.1249      0.015    1480.17     57.797     5.5529 140.616602     3.8856     62.074  0.000e+00
     61.493     7.6278    33.4591    26.1176 1.5873e-01     0.1261      0.018    1480.17     57.789     5.5521 140.616602     3.8850     62.085  0.000e+00
     61.517     7.6280    33.4587    26.1173 1.7094e-01     0.1261      0.015    1480.17     57.783     5.5515 140.616603     3.8846     62.110  0.000e+00
     61.542     7.6280    33.4585    26.1172 1.5873e-01     0.1261      0.018    1480.17     57.778     5.5511 140.616603     3.8843     62.135  0.000e+00
     61.566     7.6278    33.4595    26.1179 1.7094e-01     0.1261      0.015    1480.17     57.775     5.5507 140.616603     3.8841     62.159  0.000e+00
     61.613     7.6280    33.4589    26.1174 1.7094e-01     0.1261      0.015    1480.17     57.712     5.5446 140.616604     3.8798     62.207  0.000e+00
     61.638     7.6283    33.4588    26.1173 1.7094e-01     0.1261      0.015    1480.17     57.704     5.5439 140.616604     3.8793     62.232  0.000e+00
     61.649     7.6288    33.4588    26.1173 1.7094e-01     0.1273      0.018    1480.17     57.699     5.5433 140.616605     3.8789     62.243  0.000e+00
     61.698     7.6286    33.4587    26.1172 1.7094e-01     0.1261      0.018    1480.17     57.696     5.5430 140.616605     3.8787     62.292  0.000e+00
     61.698     7.6286    33.4587    26.1172 1.7094e-01     0.1273      0.018    1480.17     57.694     5.5428 140.616606     3.8786     62.292  0.000e+00
     61.729     7.6287    33.4587    26.1172 1.5873e-01     0.1261      0.015    1480.17     57.632     5.5369 140.616606     3.8744     62.324  0.000e+00
     61.758     7.6285    33.4590    26.1174 1.5873e-01     0.1261      0.015    1480.17     57.627     5.5364 140.616607     3.8741     62.353  0.000e+00
     61.782     7.6288    33.4584    26.1169 1.5873e-01     0.1261      0.018    1480.17     57.624     5.5361 140.616607     3.8739     62.378  0.000e+00
     61.794     7.6285    33.4587    26.1172 1.5873e-01     0.1261      0.015    1480.17     57.623     5.5361 140.616608     3.8738     62.389  0.000e+00
     61.843     7.6286    33.4595    26.1178 1.5873e-01     0.1261      0.018    1480.18     57.617     5.5355 140.616608     3.8734     62.439  0.000e+00
     61.854     7.6288    33.4598    26.1180 1.7094e-01     0.1261      0.018    1480.18     57.551     5.5290 140.616609     3.8689     62.450  0.000e+00
     61.878     7.6285    33.4597    26.1180 1.5873e-01     0.1273      0.018    1480.18     57.541     5.5281 140.616609     3.8683     62.475  0.000e+00
     61.914     7.6286    33.4599    26.1181 1.5873e-01     0.1273      0.018    1480.18     57.541     5.5281 140.616610     3.8683     62.511  0.000e+00
     61.927     7.6283    33.4614    26.1194 1.5873e-01     0.1261      0.015    1480.18     57.536     5.5276 140.616610     3.8679     62.524  0.000e+00
     61.963     7.6286    33.4622    26.1199 1.5873e-01     0.1261      0.015    1480.18     57.471     5.5213 140.616611     3.8635     62.560  0.000e+00
     61.974     7.6283    33.4629    26.1206 1.7094e-01     0.1273      0.018    1480.18     57.463     5.5206 140.616611     3.8630     62.572  0.000e+00
     61.999     7.6282    33.4632    26.1208 1.5873e-01     0.1261      0.018    1480.18     57.458     5.5201 140.616612     3.8626     62.596  0.000e+00
     62.023     7.6284    33.4624    26.1201 1.7094e-01     0.1261      0.018    1480.18     57.455     5.5198 140.616612     3.8624     62.621  0.000e+00
     62.048     7.6283    33.4618    26.1197 1.5873e-01     0.1261      0.015    1480.18     57.447     5.5191 140.616613     3.8619     62.646  0.000e+00
     62.096     7.6282    33.4623    26.1201 1.5873e-01     0.1261      0.018    1480.18     57.441     5.5185 140.616613     3.8615     62.695  0.000e+00
     62.108     7.6278    33.4628    26.1205 1.5873e-01     0.1261      0.015    1480.18     57.437     5.5182 140.616614     3.8613     62.706  0.000e+00
     62.132     7.6278    33.4633    26.1209 1.5873e-01     0.1261      0.018    1480.18     57.428     5.5172 140.616614     3.8606     62.731  0.000e+00
     62.156     7.6271    33.4647    26.1221 1.5873e-01     0.1273      0.018    1480.18     57.366     5.5113 140.616615     3.8565     62.756  0.000e+00
     62.168     7.6262    33.4656    26.1230 1.5873e-01     0.1261      0.018    1480.18     57.361     5.5110 140.616615     3.8562     62.767  0.000e+00
     62.204     7.6257    33.4663    26.1236 1.5873e-01     0.1261      0.015    1480.18     57.359     5.5108 140.616616     3.8561     62.803  0.000e+00
     62.212     7.6254    33.4669    26.1241 1.5873e-01     0.1273      0.018    1480.18     57.359     5.5108 140.616616     3.8561     62.811  0.000e+00
     62.228     7.6249    33.4675    26.1246 1.5873e-01     0.1261      0.015    1480.18     57.300     5.5051 140.616617     3.8522     62.828  0.000e+00
     62.288     7.6252    33.4667    26.1239 1.5873e-01     0.1261      0.015    1480.18     57.290     5.5042 140.616617     3.8515     62.889  0.000e+00
     62.288     7.6249    33.4668    26.1241 1.5873e-01     0.1261      0.018    1480.18     57.345     5.5095 140.616617     3.8552     62.889  0.000e+00
     62.313     7.6249    33.4666    26.1239 1.7094e-01     0.1261      0.018    1480.18     57.285     5.5038 140.616618     3.8512     62.913  0.000e+00
     62.337     7.6248    33.4668    26.1241 1.7094e-01     0.1261      0.018    1480.18     57.283     5.5035 140.616618     3.8511     62.938  0.000e+00
     62.361     7.6251    33.4664    26.1237 1.5873e-01     0.1261      0.015    1480.18     57.283     5.5035 140.616619     3.8510     62.963  0.000e+00
     62.384     7.6249    33.4664    26.1237 1.5873e-01     0.1261      0.015    1480.18     57.161     5.4918 140.616619     3.8429     62.986  0.000e+00
     62.409     7.6251    33.4665    26.1238 1.5873e-01     0.1261      0.015    1480.18     57.214     5.4969 140.616620     3.8464     63.010  0.000e+00
     62.433     7.6252    33.4659    26.1234 1.7094e-01     0.1261      0.018    1480.18     57.276     5.5029 140.616620     3.8506     63.035  0.000e+00
     62.469     7.6256    33.4656    26.1231 1.5873e-01     0.1261      0.018    1480.18     57.217     5.4972 140.616621     3.8466     63.071  0.000e+00
     62.482     7.6256    33.4657    26.1231 1.7094e-01     0.1261      0.018    1480.18     57.215     5.4970 140.616621     3.8465     63.084  0.000e+00
     62.493     7.6256    33.4655    26.1230 1.7094e-01     0.1261      0.015    1480.18     57.154     5.4911 140.616622     3.8423     63.096  0.000e+00
     62.529     7.6255    33.4657    26.1231 1.5873e-01     0.1261      0.015    1480.18     57.150     5.4907 140.616622     3.8421     63.132  0.000e+00
     62.553     7.6256    33.4657    26.1231 1.5873e-01     0.1261      0.015    1480.18     57.148     5.4906 140.616623     3.8420     63.156  0.000e+00
     62.565     7.6254    33.4659    26.1233 1.5873e-01     0.1273      0.018    1480.18     57.150     5.4907 140.616623     3.8421     63.168  0.000e+00
     62.589     7.6254    33.4658    26.1232 1.7094e-01     0.1261      0.018    1480.18     57.154     5.4911 140.616624     3.8424     63.193  0.000e+00
     62.625     7.6254    33.4658    26.1232 1.5873e-01     0.1261      0.015    1480.18     57.153     5.4910 140.616624     3.8423     63.229  0.000e+00
     62.638     7.6254    33.4660    26.1234 1.5873e-01     0.1261      0.018    1480.19     57.093     5.4852 140.616625     3.8382     63.242  0.000e+00
     62.674     7.6252    33.4663    26.1237 1.5873e-01     0.1261      0.018    1480.19     57.090     5.4850 140.616625     3.8381     63.278  0.000e+00
     62.698     7.6251    33.4662    26.1236 1.5873e-01     0.1261      0.015    1480.19     57.028     5.4790 140.616626     3.8339     63.303  0.000e+00
     62.723     7.6255    33.4656    26.1231 1.5873e-01     0.1261      0.018    1480.19     57.085     5.4845 140.616626     3.8377     63.327  0.000e+00
     62.734     7.6252    33.4662    26.1236 1.7094e-01     0.1261      0.018    1480.19     57.029     5.4791 140.616627     3.8340     63.339  0.000e+00
     62.775     7.6256    33.4660    26.1233 1.7094e-01     0.1261      0.018    1480.19     57.030     5.4792 140.616627     3.8340     63.380  0.000e+00
     62.794     7.6251    33.4664    26.1238 1.7094e-01     0.1261      0.015    1480.19     57.027     5.4790 140.616628     3.8339     63.400  0.000e+00
     62.830     7.6251    33.4661    26.1235 1.5873e-01     0.1261      0.018    1480.19     56.965     5.4730 140.616628     3.8297     63.436  0.000e+00
     62.843     7.6249    33.4664    26.1238 1.5873e-01     0.1273      0.018    1480.19     56.960     5.4725 140.616629     3.8294     63.449  0.000e+00
     62.854     7.6248    33.4667    26.1240 1.5873e-01     0.1261      0.018    1480.19     56.958     5.4724 140.616629     3.8292     63.460  0.000e+00
     62.903     7.6248    33.4664    26.1238 1.7094e-01     0.1261      0.018    1480.19     56.960     5.4725 140.616630     3.8294     63.510  0.000e+00
     62.915     7.6244    33.4671    26.1244 1.5873e-01     0.1261      0.018    1480.19     56.957     5.4722 140.616630     3.8291     63.521  0.000e+00
     62.939     7.6244    33.4667    26.1241 1.5873e-01     0.1261      0.015    1480.19     56.956     5.4722 140.616630     3.8291     63.546  0.000e+00
     62.975     7.6246    33.4666    26.1240 1.5873e-01     0.1261      0.015    1480.19     56.897     5.4665 140.616631     3.8251     63.582  0.000e+00
     62.999     7.6240    33.4676    26.1248 1.7094e-01     0.1261      0.015    1480.19     56.895     5.4663 140.616631     3.8250     63.607  0.000e+00
