Gk1_230419_down.cnv
* Sea-Bird SBE 9 Data File:
* FileName = C:\CTD Brukere\NIVA\IO2019\20190423\Gk1_230419.hex
* Software Version Seasave V 7.23.2
* Temperature SN = 5352
* Conductivity SN = 3840
* Number of Bytes Per Scan = 28
* Number of Voltage Words = 4
* Number of Scans Averaged by the Deck Unit = 1
* NMEA baud rate = 4800
** Ship: R/V Trygve Braarud
** Cruise:
** Station:
** Operator:
# nquan = 14
# nvalues = 6883                                  
# units = specified
# name 0 = depSM: Depth [salt water, m], lat = 59.60
# name 1 = t090C: Temperature [ITS-90, deg C]
# name 2 = sal00: Salinity, Practical [PSU]
# name 3 = sigma-t00: Density [sigma-t, kg/m^3 ]
# name 4 = flSP: Fluorescence, Seapoint
# name 5 = wetStar: Fluorescence, WET Labs WETstar [mg/m^3]
# name 6 = seaTurbMtr: Turbidity, Seapoint [FTU]
# name 7 = svCM: Sound Velocity [Chen-Millero, m/s]
# name 8 = sbeox0PS: Oxygen, SBE 43 [% saturation]
# name 9 = sbeox0Mg/L: Oxygen, SBE 43 [mg/l]
# name 10 = timeJ: Julian Days
# name 11 = sbeox0ML/L: Oxygen, SBE 43 [ml/l]
# name 12 = prDM: Pressure, Digiquartz [db]
# name 13 = flag:  0.000e+00
# span 0 =      0.735,    110.062                 
# span 1 =     5.4507,     9.3685                 
# span 2 =    25.8682,    33.5822                 
# span 3 =    19.9508,    26.2104                 
# span 4 = 1.8315e-01, 2.3065e+01                 
# span 5 =     0.1237,     0.1273                 
# span 6 =      0.007,      0.018                 
# span 7 =    1466.16,    1481.23                 
# span 8 =     54.375,    128.812                 
# span 9 =     5.2165,    13.0541                 
# span 10 = 113.720012, 113.723330                
# span 11 =     3.6502,     9.1345                
# span 12 =      0.742,    111.136                
# span 13 = 0.0000e+00, 0.0000e+00                
# interval = seconds: 0.0416667
# start_time = Apr 23 2019 17:16:49 [System UpLoad Time]
# bad_flag = -9.990e-29
*END*
[from data line 620]
      3.147     8.1350    26.6804    20.7308 3.9560e+00     0.1261      0.015    1472.76    113.121    11.2290 113.720311     7.8574      3.177  0.000e+00
      3.184     8.1264    26.6864    20.7366 3.8584e+00     0.1261      0.011    1472.73    113.114    11.2300 113.720311     7.8581      3.214  0.000e+00
      3.147     8.1121    26.6993    20.7486 3.6996e+00     0.1261      0.015    1472.69    113.165    11.2379 113.720312     7.8636      3.177  0.000e+00
      3.254     8.1282    26.6918    20.7406 3.8706e+00     0.1261      0.011    1472.75    113.143    11.2320 113.720312     7.8595      3.285  0.000e+00
      3.255     8.1564    26.6728    20.7220 4.0537e+00     0.1261      0.015    1472.83    113.172    11.2291 113.720313     7.8575      3.286  0.000e+00
      3.242     8.1567    26.6680    20.7182 4.0049e+00     0.1261      0.011    1472.83    113.157    11.2279 113.720313     7.8566      3.273  0.000e+00
      3.280     8.0786    26.7299    20.7770 3.7973e+00     0.1273      0.011    1472.60    113.165    11.2442 113.720313     7.8680      3.311  0.000e+00
      3.291     7.9831    26.8261    20.8648 3.9560e+00     0.1261      0.011    1472.35    113.238    11.2691 113.720314     7.8855      3.322  0.000e+00
      3.315     7.9394    26.8954    20.9248 3.9560e+00     0.1261      0.015    1472.27    113.237    11.2751 113.720314     7.8897      3.347  0.000e+00
      3.327     7.9090    26.9534    20.9743 3.8462e+00     0.1261      0.011    1472.22    113.229    11.2780 113.720315     7.8916      3.358  0.000e+00
      3.362     7.8834    26.9908    21.0069 4.1514e+00     0.1261      0.015    1472.17    113.274    11.2863 113.720315     7.8975      3.394  0.000e+00
      3.362     7.8632    27.0125    21.0265 4.5177e+00     0.1261      0.011    1472.12    113.254    11.2880 113.720316     7.8987      3.394  0.000e+00
      3.398     7.8544    27.0285    21.0402 4.6398e+00     0.1261      0.011    1472.11    113.285    11.2922 113.720316     7.9016      3.430  0.000e+00
      3.422     7.8465    27.0431    21.0527 4.2979e+00     0.1261      0.015    1472.09    113.262    11.2909 113.720317     7.9007      3.455  0.000e+00
      3.433     7.8343    27.0599    21.0674 4.3101e+00     0.1261      0.011    1472.07    113.234    11.2900 113.720317     7.9001      3.466  0.000e+00
      3.458     7.8359    27.0668    21.0726 4.8596e+00     0.1261      0.015    1472.08    113.264    11.2920 113.720318     7.9015      3.491  0.000e+00
      3.471     7.8497    27.0626    21.0675 5.5678e+00     0.1261      0.011    1472.13    113.236    11.2861 113.720318     7.8973      3.504  0.000e+00
      3.493     7.8673    27.0471    21.0530 5.8364e+00     0.1261      0.011    1472.18    113.203    11.2793 113.720319     7.8926      3.526  0.000e+00
      3.506     7.8900    27.0176    21.0270 5.4457e+00     0.1261      0.011    1472.23    113.170    11.2723 113.720319     7.8877      3.540  0.000e+00
      3.529     7.8999    26.9990    21.0111 5.0183e+00     0.1261      0.015    1472.25    113.192    11.2733 113.720320     7.8884      3.562  0.000e+00
      3.553     7.9050    26.9880    21.0018 4.5299e+00     0.1261      0.011    1472.25    113.111    11.2647 113.720320     7.8824      3.587  0.000e+00
      3.566     7.9023    26.9909    21.0044 4.3223e+00     0.1261      0.011    1472.25    113.083    11.2624 113.720321     7.8808      3.600  0.000e+00
      3.589     7.8999    26.9965    21.0091 4.2735e+00     0.1249      0.011    1472.25    113.060    11.2603 113.720321     7.8793      3.623  0.000e+00
      3.602     7.8867    27.0108    21.0221 4.3712e+00     0.1261      0.011    1472.21    112.976    11.2543 113.720322     7.8751      3.636  0.000e+00
      3.637     7.8532    27.0438    21.0523 4.5543e+00     0.1249      0.011    1472.12    112.898    11.2528 113.720322     7.8741      3.672  0.000e+00
      3.637     7.8306    27.0787    21.0826 5.8120e+00     0.1273      0.011    1472.08    112.869    11.2532 113.720323     7.8743      3.672  0.000e+00
      3.649     7.8301    27.0981    21.0979 9.2063e+00     0.1261      0.015    1472.10    112.771    11.2421 113.720323     7.8666      3.683  0.000e+00
      3.673     7.8396    27.0992    21.0975 8.7546e+00     0.1261      0.011    1472.14    112.723    11.2348 113.720324     7.8615      3.708  0.000e+00
      3.720     7.8524    27.0826    21.0828 6.9231e+00     0.1261      0.011    1472.17    112.614    11.2219 113.720324     7.8524      3.755  0.000e+00
      3.722     7.8627    27.0617    21.0651 5.7265e+00     0.1273      0.011    1472.18    112.622    11.2216 113.720325     7.8522      3.757  0.000e+00
      3.744     7.8660    27.0506    21.0560 5.5678e+00     0.1261      0.011    1472.18    112.579    11.2172 113.720325     7.8491      3.780  0.000e+00
      3.768     7.8566    27.0554    21.0609 6.1661e+00     0.1261      0.011    1472.15    112.610    11.2224 113.720326     7.8528      3.804  0.000e+00
      3.768     7.8471    27.0688    21.0727 6.2027e+00     0.1261      0.015    1472.13    112.527    11.2155 113.720326     7.8480      3.804  0.000e+00
      3.793     7.8433    27.0804    21.0823 5.2747e+00     0.1261      0.011    1472.13    112.498    11.2128 113.720326     7.8461      3.829  0.000e+00
      3.817     7.8399    27.0915    21.0914 4.4567e+00     0.1261      0.015    1472.13    112.464    11.2095 113.720327     7.8437      3.853  0.000e+00
      3.817     7.8414    27.0955    21.0943 4.1148e+00     0.1261      0.011    1472.14    112.438    11.2063 113.720327     7.8415      3.853  0.000e+00
      3.862     7.8335    27.1038    21.1019 4.4322e+00     0.1273      0.015    1472.13    112.350    11.1989 113.720328     7.8363      3.899  0.000e+00
      3.888     7.8199    27.1167    21.1137 5.1404e+00     0.1261      0.011    1472.09    112.321    11.1985 113.720328     7.8361      3.925  0.000e+00
      3.913     7.8005    27.1422    21.1362 5.1526e+00     0.1261      0.011    1472.05    112.296    11.1992 113.720329     7.8365      3.950  0.000e+00
      3.935     7.7772    27.1808    21.1695 4.9939e+00     0.1261      0.011    1472.00    112.223    11.1951 113.720329     7.8336      3.973  0.000e+00
      3.948     7.7582    27.2190    21.2019 4.8230e+00     0.1273      0.015    1471.98    112.207    11.1956 113.720330     7.8340      3.986  0.000e+00
      3.959     7.7449    27.2497    21.2277 4.9084e+00     0.1261      0.011    1471.96    112.125    11.1886 113.720330     7.8291      3.997  0.000e+00
      3.971     7.7410    27.2674    21.2421 5.5556e+00     0.1261      0.011    1471.97    112.162    11.1920 113.720331     7.8315      4.008  0.000e+00
      3.995     7.7390    27.2765    21.2495 7.4115e+00     0.1261      0.011    1471.97    112.089    11.1845 113.720331     7.8263      4.033  0.000e+00
      4.031     7.7305    27.2880    21.2596 9.3407e+00     0.1261      0.011    1471.96    112.077    11.1847 113.720332     7.8264      4.069  0.000e+00
      4.055     7.7171    27.3038    21.2737 1.0635e+01     0.1261      0.011    1471.92    112.073    11.1866 113.720332     7.8277      4.093  0.000e+00
      4.066     7.7045    27.3244    21.2914 9.3773e+00     0.1261      0.011    1471.90    112.067    11.1878 113.720333     7.8285      4.105  0.000e+00
      4.091     7.7061    27.3353    21.2998 7.1917e+00     0.1261      0.011    1471.92    112.003    11.1802 113.720333     7.8232      4.129  0.000e+00
      4.126     7.7209    27.3306    21.2942 5.9341e+00     0.1261      0.011    1471.97    112.059    11.1823 113.720334     7.8247      4.165  0.000e+00
      4.126     7.7317    27.3174    21.2825 4.8718e+00     0.1273      0.011    1472.00    112.007    11.1753 113.720334     7.8198      4.165  0.000e+00
      4.162     7.7383    27.3025    21.2700 3.8828e+00     0.1261      0.015    1472.01    112.011    11.1751 113.720335     7.8197      4.201  0.000e+00
      4.184     7.7442    27.2894    21.2589 3.6874e+00     0.1273      0.015    1472.01    111.962    11.1696 113.720335     7.8158      4.224  0.000e+00
      4.210     7.7480    27.2832    21.2536 3.4066e+00     0.1261      0.011    1472.02    112.029    11.1758 113.720336     7.8202      4.250  0.000e+00
      4.222     7.7466    27.2831    21.2537 3.9316e+00     0.1261      0.011    1472.02    112.052    11.1784 113.720336     7.8220      4.262  0.000e+00
      4.235     7.7377    27.2903    21.2605 4.6886e+00     0.1261      0.011    1471.99    112.077    11.1827 113.720337     7.8250      4.275  0.000e+00
      4.270     7.7270    27.3014    21.2705 4.2979e+00     0.1261      0.011    1471.96    112.104    11.1873 113.720337     7.8282      4.311  0.000e+00
      4.282     7.7201    27.3111    21.2790 3.9683e+00     0.1261      0.011    1471.95    112.138    11.1918 113.720338     7.8314      4.322  0.000e+00
      4.316     7.7182    27.3172    21.2841 3.5409e+00     0.1261      0.015    1471.95    112.172    11.1952 113.720338     7.8338      4.357  0.000e+00
      4.317     7.7216    27.3159    21.2826 3.9438e+00     0.1261      0.011    1471.96    112.206    11.1979 113.720339     7.8356      4.358  0.000e+00
      4.354     7.7150    27.3201    21.2868 4.5910e+00     0.1261      0.015    1471.94    112.190    11.1977 113.720339     7.8355      4.396  0.000e+00
      4.366     7.6763    27.3504    21.3155 4.6886e+00     0.1261      0.011    1471.83    112.238    11.2102 113.720340     7.8442      4.407  0.000e+00
      4.401     7.6477    27.3813    21.3434 4.5299e+00     0.1261      0.011    1471.76    112.292    11.2207 113.720340     7.8516      4.443  0.000e+00
      4.413     7.6301    27.4100    21.3682 4.6032e+00     0.1261      0.007    1471.72    112.346    11.2286 113.720340     7.8571      4.455  0.000e+00
      4.424     7.6145    27.4376    21.3918 4.0781e+00     0.1273      0.015    1471.70    112.401    11.2361 113.720341     7.8623      4.466  0.000e+00
      4.461     7.6071    27.4560    21.4072 3.6386e+00     0.1261      0.015    1471.69    112.465    11.2430 113.720341     7.8672      4.504  0.000e+00
      4.473     7.6074    27.4641    21.4135 3.4188e+00     0.1261      0.015    1471.70    112.529    11.2487 113.720342     7.8712      4.515  0.000e+00
      4.497     7.6171    27.4608    21.4096 3.1013e+00     0.1261      0.011    1471.74    112.654    11.2590 113.720342     7.8784      4.540  0.000e+00
      4.521     7.6457    27.4379    21.3880 2.9304e+00     0.1273      0.015    1471.82    112.723    11.2601 113.720343     7.8792      4.564  0.000e+00
      4.544     7.6675    27.4119    21.3648 3.0769e+00     0.1261      0.011    1471.87    112.803    11.2644 113.720343     7.8821      4.587  0.000e+00
      4.568     7.6787    27.3890    21.3455 3.3578e+00     0.1273      0.015    1471.89    112.880    11.2709 113.720344     7.8867      4.611  0.000e+00
      4.581     7.6869    27.3682    21.3281 3.5287e+00     0.1261      0.015    1471.90    112.960    11.2783 113.720344     7.8919      4.625  0.000e+00
      4.604     7.6877    27.3565    21.3188 3.3211e+00     0.1261      0.011    1471.88    113.045    11.2873 113.720345     7.8982      4.647  0.000e+00
      4.628     7.6668    27.3633    21.3269 2.8571e+00     0.1261      0.011    1471.81    113.129    11.3007 113.720345     7.9075      4.672  0.000e+00
      4.628     7.6178    27.4065    21.3670 3.6386e+00     0.1261      0.015    1471.67    113.214    11.3188 113.720346     7.9202      4.672  0.000e+00
      4.675     7.5667    27.4679    21.4217 4.1514e+00     0.1273      0.011    1471.55    113.302    11.3364 113.720346     7.9325      4.719  0.000e+00
      4.688     7.5097    27.5425    21.4874 3.5531e+00     0.1261      0.015    1471.42    113.385    11.3541 113.720347     7.9449      4.732  0.000e+00
      4.724     7.4702    27.6062    21.5424 2.8449e+00     0.1261      0.015    1471.35    113.465    11.3677 113.720347     7.9545      4.768  0.000e+00
      4.736     7.4452    27.6536    21.5828 2.5031e+00     0.1261      0.015    1471.31    113.474    11.3717 113.720348     7.9572      4.781  0.000e+00
      4.770     7.4235    27.6916    21.6154 2.2833e+00     0.1273      0.015    1471.27    113.606    11.3878 113.720348     7.9685      4.816  0.000e+00
      4.772     7.4076    27.7169    21.6372 2.1978e+00     0.1261      0.015    1471.24    113.623    11.3917 113.720349     7.9713      4.817  0.000e+00
      4.808     7.3997    27.7318    21.6499 2.1734e+00     0.1261      0.015    1471.23    113.700    11.4005 113.720349     7.9774      4.853  0.000e+00
      4.832     7.3935    27.7456    21.6616 2.3321e+00     0.1261      0.015    1471.22    113.833    11.4144 113.720350     7.9872      4.878  0.000e+00
      4.843     7.3853    27.7622    21.6757 2.6129e+00     0.1261      0.015    1471.21    113.852    11.4173 113.720350     7.9891      4.889  0.000e+00
      4.866     7.3657    27.7886    21.6988 2.8327e+00     0.1261      0.015    1471.17    113.930    11.4283 113.720351     7.9968      4.912  0.000e+00
      4.892     7.3372    27.8237    21.7300 2.8083e+00     0.1261      0.011    1471.10    114.012    11.4414 113.720351     8.0060      4.938  0.000e+00
      4.927     7.3098    27.8560    21.7588 4.0537e+00     0.1261      0.015    1471.03    114.088    11.4538 113.720352     8.0147      4.974  0.000e+00
      4.927     7.2828    27.8835    21.7837 5.1648e+00     0.1261      0.011    1470.96    114.226    11.4728 113.720352     8.0280      4.974  0.000e+00
      4.973     7.2437    27.9127    21.8116 4.4567e+00     0.1261      0.011    1470.85    114.315    11.4899 113.720353     8.0400      5.020  0.000e+00
      4.963     7.1982    27.9401    21.8387 3.3333e+00     0.1261      0.015    1470.70    114.398    11.5084 113.720353     8.0529      5.010  0.000e+00
      4.999     7.1632    27.9582    21.8573 2.5885e+00     0.1261      0.015    1470.59    114.479    11.5245 113.720353     8.0642      5.046  0.000e+00
      5.034     7.1440    27.9664    21.8662 2.3810e+00     0.1261      0.015    1470.52    114.549    11.5361 113.720354     8.0723      5.082  0.000e+00
      5.059     7.1483    27.9551    21.8567 3.9927e+00     0.1261      0.011    1470.53    114.621    11.5430 113.720354     8.0771      5.107  0.000e+00
      5.068     7.1666    27.9284    21.8335 4.2247e+00     0.1273      0.011    1470.56    114.619    11.5400 113.720355     8.0750      5.116  0.000e+00
      5.083     7.1878    27.8982    21.8071 3.7363e+00     0.1261      0.011    1470.61    114.671    11.5419 113.720355     8.0763      5.131  0.000e+00
      5.118     7.2090    27.8691    21.7816 3.2845e+00     0.1273      0.011    1470.66    114.725    11.5438 113.720356     8.0776      5.167  0.000e+00
      5.141     7.1993    27.8661    21.7805 2.7961e+00     0.1261      0.015    1470.62    114.787    11.5529 113.720356     8.0840      5.190  0.000e+00
      5.164     7.1922    27.8664    21.7816 2.6129e+00     0.1273      0.011    1470.59    114.904    11.5665 113.720357     8.0935      5.213  0.000e+00
      5.165     7.1934    27.8651    21.7804 2.4542e+00     0.1261      0.015    1470.59    114.909    11.5668 113.720357     8.0938      5.215  0.000e+00
      5.214     7.2007    27.8596    21.7752 2.2833e+00     0.1261      0.011    1470.62    115.023    11.5767 113.720358     8.1007      5.264  0.000e+00
      5.214     7.2408    27.8243    21.7425 2.1368e+00     0.1261      0.011    1470.73    115.010    11.5673 113.720358     8.0941      5.264  0.000e+00
      5.248     7.2108    27.8445    21.7621 2.0879e+00     0.1261      0.015    1470.64    115.065    11.5793 113.720359     8.1025      5.298  0.000e+00
      5.261     7.1723    27.8717    21.7882 2.1001e+00     0.1261      0.015    1470.52    115.191    11.6003 113.720359     8.1172      5.311  0.000e+00
