Gk1_230419_down.cnv
* Sea-Bird SBE 9 Data File:
* FileName = C:\CTD Brukere\NIVA\IO2019\20190423\Gk1_230419.hex
* Software Version Seasave V 7.23.2
* Temperature SN = 5352
* Conductivity SN = 3840
* Number of Bytes Per Scan = 28
* Number of Voltage Words = 4
* Number of Scans Averaged by the Deck Unit = 1
* NMEA baud rate = 4800
** Ship: R/V Trygve Braarud
** Cruise:
** Station:
** Operator:
# nquan = 14
# nvalues = 6883                                  
# units = specified
# name 0 = depSM: Depth [salt water, m], lat = 59.60
# name 1 = t090C: Temperature [ITS-90, deg C]
# name 2 = sal00: Salinity, Practical [PSU]
# name 3 = sigma-t00: Density [sigma-t, kg/m^3 ]
# name 4 = flSP: Fluorescence, Seapoint
# name 5 = wetStar: Fluorescence, WET Labs WETstar [mg/m^3]
# name 6 = seaTurbMtr: Turbidity, Seapoint [FTU]
# name 7 = svCM: Sound Velocity [Chen-Millero, m/s]
# name 8 = sbeox0PS: Oxygen, SBE 43 [% saturation]
# name 9 = sbeox0Mg/L: Oxygen, SBE 43 [mg/l]
# name 10 = timeJ: Julian Days
# name 11 = sbeox0ML/L: Oxygen, SBE 43 [ml/l]
# name 12 = prDM: Pressure, Digiquartz [db]
# name 13 = flag:  0.000e+00
# span 0 =      0.735,    110.062                 
# span 1 =     5.4507,     9.3685                 
# span 2 =    25.8682,    33.5822                 
# span 3 =    19.9508,    26.2104                 
# span 4 = 1.8315e-01, 2.3065e+01                 
# span 5 =     0.1237,     0.1273                 
# span 6 =      0.007,      0.018                 
# span 7 =    1466.16,    1481.23                 
# span 8 =     54.375,    128.812                 
# span 9 =     5.2165,    13.0541                 
# span 10 = 113.720012, 113.723330                
# span 11 =     3.6502,     9.1345                
# span 12 =      0.742,    111.136                
# span 13 = 0.0000e+00, 0.0000e+00                
# interval = seconds: 0.0416667
# start_time = Apr 23 2019 17:16:49 [System UpLoad Time]
# bad_flag = -9.990e-29
*END*
[from data line 5575]
     99.308     7.6335    33.5615    26.1972 1.9536e-01     0.1273      0.018    1480.94     55.421     5.3204 113.722700     3.7229    100.274  0.000e+00
     99.329     7.6339    33.5609    26.1968 1.9536e-01     0.1261      0.018    1480.94     55.480     5.3259 113.722701     3.7268    100.295  0.000e+00
     99.343     7.6341    33.5605    26.1964 1.9536e-01     0.1261      0.018    1480.94     55.421     5.3203 113.722701     3.7228    100.310  0.000e+00
     99.355     7.6339    33.5608    26.1967 1.9536e-01     0.1261      0.018    1480.94     55.480     5.3259 113.722702     3.7268    100.322  0.000e+00
     99.379     7.6338    33.5610    26.1968 1.9536e-01     0.1261      0.018    1480.94     55.476     5.3256 113.722702     3.7265    100.346  0.000e+00
     99.402     7.6339    33.5606    26.1965 1.9536e-01     0.1261      0.018    1480.94     55.417     5.3199 113.722703     3.7226    100.370  0.000e+00
     99.417     7.6341    33.5605    26.1965 1.9536e-01     0.1261      0.018    1480.95     55.413     5.3196 113.722703     3.7223    100.384  0.000e+00
     99.428     7.6341    33.5609    26.1968 1.9536e-01     0.1261      0.018    1480.95     55.410     5.3192 113.722704     3.7221    100.396  0.000e+00
     99.463     7.6344    33.5605    26.1964 1.9536e-01     0.1261      0.015    1480.95     55.470     5.3249 113.722704     3.7261    100.431  0.000e+00
     99.464     7.6341    33.5607    26.1966 1.9536e-01     0.1273      0.018    1480.95     55.474     5.3254 113.722704     3.7264    100.432  0.000e+00
     99.489     7.6341    33.5604    26.1964 1.9536e-01     0.1261      0.018    1480.95     55.471     5.3251 113.722705     3.7262    100.457  0.000e+00
     99.512     7.6338    33.5606    26.1965 1.9536e-01     0.1261      0.015    1480.95     55.475     5.3255 113.722705     3.7265    100.480  0.000e+00
     99.525     7.6337    33.5607    26.1966 1.9536e-01     0.1261      0.018    1480.95     55.479     5.3259 113.722706     3.7267    100.493  0.000e+00
     99.538     7.6339    33.5607    26.1966 2.1978e-01     0.1261      0.018    1480.95     55.483     5.3263 113.722706     3.7270    100.506  0.000e+00
     99.547     7.6337    33.5607    26.1967 2.4420e-01     0.1273      0.018    1480.95     55.425     5.3207 113.722707     3.7231    100.516  0.000e+00
     99.598     7.6340    33.5609    26.1968 2.8083e-01     0.1261      0.015    1480.95     55.422     5.3204 113.722707     3.7229    100.567  0.000e+00
     99.598     7.6337    33.5614    26.1972 3.2967e-01     0.1261      0.018    1480.95     55.482     5.3261 113.722708     3.7269    100.567  0.000e+00
     99.623     7.6342    33.5611    26.1969 3.2967e-01     0.1261      0.018    1480.95     55.479     5.3258 113.722708     3.7267    100.592  0.000e+00
     99.632     7.6341    33.5610    26.1968 2.9304e-01     0.1261      0.018    1480.95     55.483     5.3262 113.722709     3.7270    100.602  0.000e+00
     99.658     7.6343    33.5608    26.1966 2.5641e-01     0.1261      0.018    1480.95     55.488     5.3267 113.722709     3.7273    100.628  0.000e+00
     99.670     7.6341    33.5610    26.1968 2.3199e-01     0.1261      0.018    1480.95     55.492     5.3271 113.722710     3.7276    100.640  0.000e+00
     99.693     7.6342    33.5605    26.1964 2.1978e-01     0.1261      0.018    1480.95     55.497     5.3275 113.722710     3.7279    100.663  0.000e+00
     99.719     7.6340    33.5602    26.1962 2.1978e-01     0.1261      0.018    1480.95     55.501     5.3280 113.722711     3.7282    100.689  0.000e+00
     99.719     7.6337    33.5603    26.1963 2.3199e-01     0.1261      0.015    1480.95     55.506     5.3285 113.722711     3.7285    100.689  0.000e+00
     99.755     7.6334    33.5603    26.1963 2.3199e-01     0.1261      0.018    1480.95     55.510     5.3290 113.722712     3.7289    100.726  0.000e+00
     99.766     7.6337    33.5601    26.1962 2.1978e-01     0.1261      0.018    1480.95     55.515     5.3293 113.722712     3.7292    100.737  0.000e+00
     99.779     7.6335    33.5606    26.1966 2.0757e-01     0.1261      0.018    1480.95     55.519     5.3298 113.722713     3.7295    100.750  0.000e+00
     99.804     7.6336    33.5604    26.1964 2.0757e-01     0.1273      0.018    1480.95     55.524     5.3302 113.722713     3.7298    100.775  0.000e+00
     99.828     7.6336    33.5606    26.1965 1.9536e-01     0.1261      0.018    1480.95     55.466     5.3247 113.722714     3.7259    100.800  0.000e+00
     99.826     7.6334    33.5606    26.1966 2.0757e-01     0.1261      0.018    1480.95     55.526     5.3304 113.722714     3.7299    100.798  0.000e+00
     99.864     7.6338    33.5603    26.1963 2.0757e-01     0.1261      0.018    1480.95     55.530     5.3308 113.722715     3.7302    100.836  0.000e+00
     99.877     7.6339    33.5602    26.1962 2.0757e-01     0.1261      0.018    1480.95     55.535     5.3313 113.722715     3.7305    100.849  0.000e+00
     99.902     7.6337    33.5604    26.1964 2.0757e-01     0.1261      0.018    1480.95     55.540     5.3318 113.722716     3.7309    100.874  0.000e+00
     99.911     7.6337    33.5605    26.1965 2.9304e-01     0.1261      0.015    1480.95     55.482     5.3262 113.722716     3.7270    100.884  0.000e+00
     99.937     7.6338    33.5604    26.1964 3.9072e-01     0.1261      0.018    1480.95     55.543     5.3320 113.722717     3.7310    100.910  0.000e+00
     99.962     7.6336    33.5606    26.1966 4.0293e-01     0.1261      0.018    1480.95     55.540     5.3318 113.722717     3.7309    100.935  0.000e+00
     99.972     7.6339    33.5611    26.1969 3.6630e-01     0.1273      0.018    1480.95     55.482     5.3262 113.722717     3.7269    100.945  0.000e+00
     99.998     7.6340    33.5610    26.1968 3.0525e-01     0.1261      0.018    1480.96     55.542     5.3319 113.722718     3.7310    100.971  0.000e+00
    100.022     7.6339    33.5607    26.1966 2.6862e-01     0.1261      0.015    1480.96     55.477     5.3257 113.722718     3.7266    100.996  0.000e+00
    100.022     7.6341    33.5604    26.1964 2.3199e-01     0.1261      0.018    1480.96     55.475     5.3255 113.722719     3.7264    100.996  0.000e+00
    100.057     7.6339    33.5608    26.1967 2.3199e-01     0.1261      0.018    1480.96     55.473     5.3253 113.722719     3.7263    101.030  0.000e+00
    100.071     7.6343    33.5606    26.1965 2.1978e-01     0.1261      0.018    1480.96     55.534     5.3311 113.722720     3.7304    101.045  0.000e+00
    100.094     7.6337    33.5616    26.1973 2.0757e-01     0.1261      0.018    1480.96     55.469     5.3249 113.722720     3.7261    101.068  0.000e+00
    100.119     7.6344    33.5610    26.1968 1.9536e-01     0.1249      0.018    1480.96     55.460     5.3239 113.722721     3.7254    101.093  0.000e+00
    100.132     7.6345    33.5615    26.1971 1.9536e-01     0.1261      0.018    1480.96     55.512     5.3290 113.722721     3.7289    101.106  0.000e+00
    100.141     7.6348    33.5622    26.1976 1.9536e-01     0.1261      0.018    1480.96     55.448     5.3227 113.722722     3.7245    101.116  0.000e+00
    100.168     7.6349    33.5620    26.1975 1.9536e-01     0.1261      0.015    1480.96     55.446     5.3225 113.722722     3.7244    101.142  0.000e+00
    100.203     7.6353    33.5617    26.1972 1.9536e-01     0.1261      0.015    1480.96     55.444     5.3223 113.722723     3.7242    101.179  0.000e+00
    100.203     7.6354    33.5615    26.1970 1.9536e-01     0.1261      0.018    1480.97     55.435     5.3214 113.722723     3.7236    101.179  0.000e+00
    100.215     7.6353    33.5613    26.1968 1.9536e-01     0.1261      0.015    1480.96     55.425     5.3205 113.722724     3.7230    101.190  0.000e+00
    100.241     7.6350    33.5609    26.1966 1.9536e-01     0.1261      0.018    1480.96     55.424     5.3204 113.722724     3.7229    101.217  0.000e+00
    100.264     7.6345    33.5613    26.1970 2.0757e-01     0.1261      0.018    1480.96     55.415     5.3196 113.722725     3.7224    101.240  0.000e+00
    100.277     7.6345    33.5611    26.1968 9.1575e-01     0.1273      0.018    1480.96     55.414     5.3195 113.722725     3.7223    101.253  0.000e+00
    100.311     7.6345    33.5614    26.1971 1.1844e+00     0.1261      0.015    1480.96     55.413     5.3195 113.722726     3.7222    101.288  0.000e+00
    100.326     7.6342    33.5619    26.1975 9.1575e-01     0.1261      0.015    1480.96     55.405     5.3187 113.722726     3.7217    101.302  0.000e+00
    100.337     7.6347    33.5622    26.1977 6.2271e-01     0.1273      0.018    1480.97     55.397     5.3178 113.722727     3.7211    101.314  0.000e+00
    100.362     7.6349    33.5630    26.1982 4.5177e-01     0.1261      0.015    1480.97     55.388     5.3170 113.722727     3.7205    101.339  0.000e+00
    100.373     7.6353    33.5622    26.1976 3.5409e-01     0.1261      0.015    1480.97     55.388     5.3169 113.722728     3.7204    101.350  0.000e+00
    100.385     7.6357    33.5620    26.1973 3.0525e-01     0.1261      0.018    1480.97     55.388     5.3168 113.722728     3.7204    101.362  0.000e+00
    100.398     7.6359    33.5616    26.1970 2.6862e-01     0.1261      0.018    1480.97     55.388     5.3168 113.722729     3.7204    101.375  0.000e+00
    100.422     7.6353    33.5616    26.1971 2.4420e-01     0.1261      0.018    1480.97     55.388     5.3169 113.722729     3.7205    101.400  0.000e+00
    100.434     7.6350    33.5612    26.1968 2.5641e-01     0.1261      0.018    1480.97     55.389     5.3171 113.722730     3.7206    101.411  0.000e+00
    100.458     7.6347    33.5613    26.1970 3.0525e-01     0.1261      0.018    1480.97     55.390     5.3172 113.722730     3.7207    101.436  0.000e+00
    100.481     7.6346    33.5609    26.1966 3.6630e-01     0.1261      0.018    1480.97     55.384     5.3166 113.722731     3.7203    101.459  0.000e+00
    100.494     7.6345    33.5608    26.1966 3.6630e-01     0.1261      0.018    1480.97     55.377     5.3160 113.722731     3.7198    101.472  0.000e+00
    100.494     7.6344    33.5612    26.1969 3.4188e-01     0.1261      0.015    1480.97     55.316     5.3102 113.722731     3.7157    101.472  0.000e+00
    100.531     7.6347    33.5606    26.1964 3.1746e-01     0.1261      0.018    1480.97     55.373     5.3156 113.722732     3.7195    101.510  0.000e+00
    100.518     7.6346    33.5607    26.1965 2.8083e-01     0.1261      0.018    1480.97     55.313     5.3098 113.722732     3.7155    101.497  0.000e+00
    100.541     7.6342    33.5611    26.1969 2.6862e-01     0.1261      0.018    1480.97     55.371     5.3154 113.722733     3.7194    101.520  0.000e+00
    100.543     7.6344    33.5610    26.1967 2.4420e-01     0.1261      0.018    1480.97     55.311     5.3097 113.722733     3.7154    101.522  0.000e+00
    100.579     7.6344    33.5611    26.1969 2.3199e-01     0.1261      0.015    1480.97     55.308     5.3094 113.722734     3.7152    101.558  0.000e+00
    100.592     7.6343    33.5611    26.1969 2.1978e-01     0.1261      0.015    1480.97     55.305     5.3091 113.722734     3.7150    101.571  0.000e+00
    100.603     7.6344    33.5611    26.1969 2.3199e-01     0.1261      0.018    1480.97     55.365     5.3148 113.722735     3.7190    101.583  0.000e+00
    100.639     7.6344    33.5612    26.1970 2.1978e-01     0.1261      0.018    1480.97     55.308     5.3094 113.722735     3.7152    101.619  0.000e+00
    100.641     7.6345    33.5612    26.1969 2.0757e-01     0.1261      0.015    1480.97     55.307     5.3092 113.722736     3.7151    101.620  0.000e+00
    100.652     7.6345    33.5611    26.1968 2.0757e-01     0.1261      0.018    1480.97     55.368     5.3151 113.722736     3.7192    101.632  0.000e+00
    100.677     7.6344    33.5614    26.1971 2.1978e-01     0.1261      0.018    1480.97     55.313     5.3098 113.722737     3.7155    101.657  0.000e+00
    100.688     7.6345    33.5619    26.1974 2.0757e-01     0.1273      0.018    1480.97     55.305     5.3090 113.722737     3.7150    101.668  0.000e+00
    100.700     7.6346    33.5621    26.1976 1.9536e-01     0.1261      0.018    1480.97     55.305     5.3091 113.722738     3.7150    101.680  0.000e+00
    100.713     7.6349    33.5617    26.1973 1.9536e-01     0.1261      0.018    1480.97     55.306     5.3091 113.722738     3.7150    101.693  0.000e+00
    100.748     7.6347    33.5623    26.1978 1.8315e-01     0.1261      0.015    1480.97     55.308     5.3093 113.722739     3.7151    101.729  0.000e+00
    100.773     7.6347    33.5625    26.1979 1.8315e-01     0.1261      0.018    1480.97     55.311     5.3095 113.722739     3.7153    101.754  0.000e+00
    100.786     7.6351    33.5624    26.1977 1.8315e-01     0.1261      0.018    1480.97     55.306     5.3090 113.722740     3.7149    101.767  0.000e+00
    100.811     7.6352    33.5624    26.1977 1.9536e-01     0.1261      0.018    1480.98     55.309     5.3093 113.722740     3.7152    101.792  0.000e+00
    100.820     7.6357    33.5629    26.1981 1.9536e-01     0.1261      0.018    1480.98     55.313     5.3096 113.722741     3.7154    101.802  0.000e+00
    100.833     7.6361    33.5631    26.1982 1.9536e-01     0.1261      0.015    1480.98     55.309     5.3092 113.722741     3.7151    101.815  0.000e+00
    100.858     7.6364    33.5639    26.1988 2.0757e-01     0.1261      0.018    1480.98     55.314     5.3096 113.722742     3.7154    101.840  0.000e+00
    100.895     7.6367    33.5637    26.1986 2.1978e-01     0.1261      0.018    1480.98     55.312     5.3094 113.722742     3.7152    101.878  0.000e+00
    100.931     7.6370    33.5638    26.1986 2.1978e-01     0.1261      0.018    1480.99     55.310     5.3092 113.722743     3.7150    101.914  0.000e+00
    100.956     7.6372    33.5639    26.1987 2.0757e-01     0.1261      0.018    1480.99     55.308     5.3090 113.722743     3.7149    101.939  0.000e+00
    100.979     7.6373    33.5636    26.1984 2.0757e-01     0.1261      0.015    1480.99     55.252     5.3036 113.722744     3.7111    101.962  0.000e+00
    100.992     7.6375    33.5637    26.1985 2.1978e-01     0.1261      0.015    1480.99     55.307     5.3088 113.722744     3.7148    101.975  0.000e+00
    101.028     7.6375    33.5646    26.1991 2.3199e-01     0.1261      0.018    1480.99     55.307     5.3088 113.722745     3.7148    102.011  0.000e+00
    101.028     7.6377    33.5644    26.1990 2.1978e-01     0.1273      0.018    1480.99     55.314     5.3095 113.722745     3.7153    102.011  0.000e+00
    101.052     7.6376    33.5648    26.1993 2.1978e-01     0.1261      0.018    1480.99     55.315     5.3096 113.722745     3.7153    102.036  0.000e+00
    101.077     7.6379    33.5645    26.1990 2.1978e-01     0.1261      0.015    1480.99     55.379     5.3156 113.722746     3.7196    102.061  0.000e+00
    101.112     7.6377    33.5643    26.1989 2.1978e-01     0.1273      0.018    1480.99     55.263     5.3045 113.722746     3.7118    102.097  0.000e+00
    101.124     7.6378    33.5639    26.1986 2.1978e-01     0.1261      0.018    1480.99     55.319     5.3099 113.722747     3.7156    102.108  0.000e+00
    101.161     7.6378    33.5636    26.1983 2.1978e-01     0.1261      0.018    1480.99     55.321     5.3102 113.722747     3.7157    102.146  0.000e+00
    101.186     7.6376    33.5637    26.1984 2.1978e-01     0.1261      0.018    1480.99     55.261     5.3044 113.722748     3.7117    102.171  0.000e+00
    101.197     7.6375    33.5637    26.1985 2.1978e-01     0.1261      0.018    1480.99     55.319     5.3100 113.722748     3.7156    102.183  0.000e+00
    101.222     7.6375    33.5640    26.1987 2.1978e-01     0.1261      0.018    1480.99     55.322     5.3103 113.722749     3.7158    102.207  0.000e+00
