Gk1_230419_down.cnv
* Sea-Bird SBE 9 Data File:
* FileName = C:\CTD Brukere\NIVA\IO2019\20190423\Gk1_230419.hex
* Software Version Seasave V 7.23.2
* Temperature SN = 5352
* Conductivity SN = 3840
* Number of Bytes Per Scan = 28
* Number of Voltage Words = 4
* Number of Scans Averaged by the Deck Unit = 1
* NMEA baud rate = 4800
** Ship: R/V Trygve Braarud
** Cruise:
** Station:
** Operator:
# nquan = 14
# nvalues = 6883                                  
# units = specified
# name 0 = depSM: Depth [salt water, m], lat = 59.60
# name 1 = t090C: Temperature [ITS-90, deg C]
# name 2 = sal00: Salinity, Practical [PSU]
# name 3 = sigma-t00: Density [sigma-t, kg/m^3 ]
# name 4 = flSP: Fluorescence, Seapoint
# name 5 = wetStar: Fluorescence, WET Labs WETstar [mg/m^3]
# name 6 = seaTurbMtr: Turbidity, Seapoint [FTU]
# name 7 = svCM: Sound Velocity [Chen-Millero, m/s]
# name 8 = sbeox0PS: Oxygen, SBE 43 [% saturation]
# name 9 = sbeox0Mg/L: Oxygen, SBE 43 [mg/l]
# name 10 = timeJ: Julian Days
# name 11 = sbeox0ML/L: Oxygen, SBE 43 [ml/l]
# name 12 = prDM: Pressure, Digiquartz [db]
# name 13 = flag:  0.000e+00
# span 0 =      0.735,    110.062                 
# span 1 =     5.4507,     9.3685                 
# span 2 =    25.8682,    33.5822                 
# span 3 =    19.9508,    26.2104                 
# span 4 = 1.8315e-01, 2.3065e+01                 
# span 5 =     0.1237,     0.1273                 
# span 6 =      0.007,      0.018                 
# span 7 =    1466.16,    1481.23                 
# span 8 =     54.375,    128.812                 
# span 9 =     5.2165,    13.0541                 
# span 10 = 113.720012, 113.723330                
# span 11 =     3.6502,     9.1345                
# span 12 =      0.742,    111.136                
# span 13 = 0.0000e+00, 0.0000e+00                
# interval = seconds: 0.0416667
# start_time = Apr 23 2019 17:16:49 [System UpLoad Time]
# bad_flag = -9.990e-29
*END*
[from data line 3304]
     54.722     7.2206    33.2164    25.9838 1.0134e+00     0.1261      0.015    1478.19     57.049     5.5409 113.721605     3.8772     55.249  0.000e+00
     54.769     7.2171    33.2168    25.9846 8.5470e-01     0.1261      0.015    1478.17     57.046     5.5411 113.721605     3.8773     55.296  0.000e+00
     54.782     7.2167    33.2193    25.9866 6.9597e-01     0.1261      0.015    1478.18     57.041     5.5405 113.721606     3.8769     55.309  0.000e+00
     54.795     7.2199    33.2241    25.9900 8.1807e-01     0.1273      0.015    1478.19     57.034     5.5393 113.721606     3.8760     55.322  0.000e+00
     54.818     7.2259    33.2284    25.9926 9.8901e-01     0.1261      0.015    1478.22     57.025     5.5375 113.721607     3.8748     55.345  0.000e+00
     54.841     7.2311    33.2336    25.9959 1.0623e+00     0.1273      0.015    1478.25     57.015     5.5356 113.721607     3.8735     55.368  0.000e+00
     54.855     7.2347    33.2377    25.9986 1.1722e+00     0.1261      0.015    1478.27     57.065     5.5399 113.721608     3.8765     55.383  0.000e+00
     54.878     7.2379    33.2393    25.9995 1.1722e+00     0.1261      0.015    1478.28     56.997     5.5328 113.721608     3.8716     55.406  0.000e+00
     54.878     7.2403    33.2397    25.9995 9.6459e-01     0.1261      0.015    1478.29     56.982     5.5310 113.721609     3.8703     55.406  0.000e+00
     54.903     7.2417    33.2396    25.9991 9.5238e-01     0.1261      0.015    1478.30     57.035     5.5360 113.721609     3.8738     55.431  0.000e+00
     54.912     7.2427    33.2369    25.9969 8.7912e-01     0.1261      0.015    1478.30     57.032     5.5357 113.721610     3.8736     55.441  0.000e+00
     54.951     7.2422    33.2325    25.9935 7.4481e-01     0.1261      0.015    1478.29     57.028     5.5356 113.721610     3.8735     55.480  0.000e+00
     54.951     7.2401    33.2290    25.9910 6.4713e-01     0.1261      0.015    1478.28     57.022     5.5354 113.721611     3.8734     55.480  0.000e+00
     54.987     7.2377    33.2302    25.9923 5.7387e-01     0.1261      0.015    1478.27     57.015     5.5350 113.721611     3.8731     55.516  0.000e+00
     54.997     7.2379    33.2342    25.9954 5.3724e-01     0.1273      0.015    1478.28     57.006     5.5339 113.721612     3.8723     55.526  0.000e+00
     55.023     7.2390    33.2357    25.9965 4.8840e-01     0.1261      0.018    1478.29     56.996     5.5327 113.721612     3.8715     55.552  0.000e+00
     55.023     7.2387    33.2331    25.9945 4.3956e-01     0.1261      0.015    1478.28     56.992     5.5324 113.721613     3.8713     55.552  0.000e+00
     55.047     7.2371    33.2311    25.9931 4.0293e-01     0.1261      0.015    1478.27     56.986     5.5322 113.721613     3.8711     55.577  0.000e+00
     55.070     7.2357    33.2304    25.9927 3.9072e-01     0.1261      0.018    1478.27     57.042     5.5378 113.721614     3.8750     55.600  0.000e+00
     55.096     7.2342    33.2307    25.9932 3.7851e-01     0.1261      0.018    1478.26     57.041     5.5379 113.721614     3.8751     55.626  0.000e+00
     55.107     7.2337    33.2333    25.9953 3.6630e-01     0.1261      0.018    1478.26     57.047     5.5384 113.721615     3.8754     55.638  0.000e+00
     55.130     7.2350    33.2379    25.9988 3.5409e-01     0.1273      0.018    1478.28     57.051     5.5385 113.721615     3.8755     55.661  0.000e+00
     55.143     7.2384    33.2416    26.0012 3.6630e-01     0.1261      0.015    1478.29     57.053     5.5382 113.721616     3.8753     55.674  0.000e+00
     55.168     7.2413    33.2432    26.0021 3.7851e-01     0.1273      0.015    1478.31     57.055     5.5379 113.721616     3.8751     55.698  0.000e+00
     55.181     7.2433    33.2438    26.0022 3.5409e-01     0.1261      0.015    1478.32     57.055     5.5376 113.721617     3.8749     55.712  0.000e+00
     55.202     7.2449    33.2432    26.0016 3.5409e-01     0.1261      0.015    1478.32     57.054     5.5373 113.721617     3.8747     55.733  0.000e+00
     55.228     7.2464    33.2429    26.0011 3.5409e-01     0.1261      0.015    1478.33     57.052     5.5370 113.721617     3.8744     55.759  0.000e+00
     55.252     7.2471    33.2439    26.0018 3.5409e-01     0.1261      0.015    1478.33     57.041     5.5358 113.721618     3.8736     55.784  0.000e+00
     55.252     7.2486    33.2449    26.0024 1.5751e+00     0.1273      0.015    1478.34     57.036     5.5350 113.721618     3.8731     55.784  0.000e+00
     55.286     7.2505    33.2465    26.0034 1.1770e+01     0.1261      0.011    1478.35     57.037     5.5349 113.721619     3.8730     55.818  0.000e+00
     55.312     7.2522    33.2480    26.0044 1.4151e+01     0.1261      0.011    1478.36     57.038     5.5347 113.721619     3.8728     55.845  0.000e+00
     55.312     7.2536    33.2490    26.0049 1.0281e+01     0.1261      0.011    1478.36     57.038     5.5344 113.721620     3.8727     55.845  0.000e+00
     55.346     7.2542    33.2480    26.0040 6.5446e+00     0.1261      0.011    1478.37     57.099     5.5403 113.721620     3.8768     55.879  0.000e+00
     55.372     7.2537    33.2449    26.0017 4.3101e+00     0.1261      0.015    1478.36     57.034     5.5342 113.721621     3.8725     55.905  0.000e+00
     55.384     7.2519    33.2445    26.0016 3.0159e+00     0.1261      0.015    1478.35     57.023     5.5334 113.721621     3.8719     55.917  0.000e+00
     55.397     7.2518    33.2484    26.0047 2.1734e+00     0.1261      0.015    1478.36     57.080     5.5388 113.721622     3.8757     55.930  0.000e+00
     55.418     7.2546    33.2542    26.0088 1.6117e+00     0.1261      0.015    1478.38     57.081     5.5383 113.721622     3.8754     55.951  0.000e+00
     55.457     7.2587    33.2566    26.0102 1.2332e+00     0.1273      0.015    1478.40     57.019     5.5317 113.721623     3.8708     55.991  0.000e+00
     55.457     7.2616    33.2577    26.0107 9.4017e-01     0.1261      0.015    1478.41     57.072     5.5365 113.721623     3.8741     55.991  0.000e+00
     55.491     7.2646    33.2581    26.0106 7.4481e-01     0.1261      0.015    1478.42     57.016     5.5306 113.721624     3.8700     56.025  0.000e+00
     55.504     7.2668    33.2593    26.0112 6.1050e-01     0.1261      0.015    1478.43     57.075     5.5361 113.721624     3.8738     56.038  0.000e+00
     55.528     7.2684    33.2614    26.0126 5.1282e-01     0.1261      0.018    1478.44     57.072     5.5354 113.721625     3.8734     56.063  0.000e+00
     55.551     7.2697    33.2646    26.0149 4.3956e-01     0.1261      0.015    1478.45     57.067     5.5347 113.721625     3.8728     56.086  0.000e+00
     55.566     7.2726    33.2678    26.0171 3.9072e-01     0.1261      0.018    1478.47     57.068     5.5343 113.721626     3.8726     56.101  0.000e+00
     55.589     7.2756    33.2709    26.0191 3.5409e-01     0.1273      0.018    1478.48     57.069     5.5339 113.721626     3.8723     56.124  0.000e+00
     55.602     7.2783    33.2738    26.0210 3.2967e-01     0.1261      0.015    1478.50     57.068     5.5334 113.721627     3.8719     56.137  0.000e+00
     55.623     7.2814    33.2747    26.0213 3.1746e-01     0.1273      0.015    1478.51     57.067     5.5328 113.721627     3.8716     56.158  0.000e+00
     55.649     7.2844    33.2747    26.0209 3.1746e-01     0.1261      0.018    1478.52     57.127     5.5383 113.721628     3.8753     56.184  0.000e+00
     55.673     7.2865    33.2740    26.0201 3.1746e-01     0.1261      0.015    1478.53     57.131     5.5384 113.721628     3.8755     56.209  0.000e+00
     55.683     7.2879    33.2740    26.0198 3.2967e-01     0.1261      0.015    1478.53     57.072     5.5325 113.721629     3.8713     56.219  0.000e+00
     55.709     7.2892    33.2745    26.0201 3.5409e-01     0.1261      0.015    1478.54     57.128     5.5378 113.721629     3.8750     56.245  0.000e+00
     55.722     7.2902    33.2749    26.0202 3.4188e-01     0.1273      0.018    1478.54     57.067     5.5317 113.721630     3.8707     56.258  0.000e+00
     55.754     7.2911    33.2729    26.0185 3.2967e-01     0.1261      0.015    1478.55     57.059     5.5309 113.721630     3.8702     56.291  0.000e+00
     55.769     7.2906    33.2682    26.0149 3.1746e-01     0.1261      0.015    1478.54     57.112     5.5363 113.721630     3.8740     56.306  0.000e+00
     55.769     7.2890    33.2668    26.0141 3.2967e-01     0.1261      0.015    1478.53     57.110     5.5363 113.721631     3.8740     56.306  0.000e+00
     55.803     7.2884    33.2676    26.0148 4.3956e-01     0.1261      0.018    1478.53     57.114     5.5368 113.721631     3.8743     56.340  0.000e+00
     55.829     7.2871    33.2672    26.0146 7.0818e-01     0.1261      0.015    1478.53     57.110     5.5366 113.721632     3.8742     56.367  0.000e+00
     55.829     7.2850    33.2681    26.0156 1.0989e+00     0.1261      0.015    1478.52     57.104     5.5362 113.721632     3.8739     56.367  0.000e+00
     55.863     7.2847    33.2695    26.0167 1.8437e+00     0.1261      0.015    1478.52     57.105     5.5363 113.721633     3.8740     56.401  0.000e+00
     55.867     7.2857    33.2721    26.0186 1.9048e+00     0.1261      0.015    1478.53     57.105     5.5361 113.721633     3.8738     56.404  0.000e+00
     55.902     7.2868    33.2699    26.0167 1.5263e+00     0.1261      0.015    1478.53     57.104     5.5359 113.721634     3.8737     56.440  0.000e+00
     55.912     7.2833    33.2637    26.0124 1.1844e+00     0.1261      0.015    1478.51     57.102     5.5364 113.721634     3.8740     56.450  0.000e+00
     55.938     7.2789    33.2615    26.0112 1.0989e+00     0.1261      0.015    1478.49     57.099     5.5368 113.721635     3.8743     56.477  0.000e+00
     55.938     7.2775    33.2662    26.0152 1.1111e+00     0.1261      0.015    1478.49     57.095     5.5364 113.721635     3.8740     56.477  0.000e+00
     55.959     7.2812    33.2725    26.0196 9.7680e-01     0.1261      0.015    1478.51     57.090     5.5352 113.721636     3.8732     56.498  0.000e+00
     55.998     7.2855    33.2768    26.0224 7.8144e-01     0.1261      0.015    1478.53     57.084     5.5339 113.721636     3.8723     56.537  0.000e+00
     55.987     7.2900    33.2790    26.0235 6.1050e-01     0.1273      0.015    1478.55     57.077     5.5326 113.721637     3.8714     56.526  0.000e+00
     56.032     7.2940    33.2791    26.0230 5.1282e-01     0.1261      0.015    1478.57     57.077     5.5321 113.721637     3.8710     56.572  0.000e+00
     56.047     7.2968    33.2782    26.0219 4.6398e-01     0.1261      0.018    1478.58     57.076     5.5317 113.721638     3.8707     56.587  0.000e+00
     56.068     7.2965    33.2779    26.0217 4.3956e-01     0.1261      0.018    1478.58     57.075     5.5316 113.721638     3.8707     56.608  0.000e+00
     56.083     7.2965    33.2782    26.0220 4.3956e-01     0.1261      0.018    1478.58     57.073     5.5314 113.721639     3.8706     56.623  0.000e+00
     56.083     7.2970    33.2789    26.0224 4.5177e-01     0.1273      0.015    1478.58     57.071     5.5311 113.721639     3.8703     56.623  0.000e+00
     56.115     7.2976    33.2787    26.0222 1.6484e+00     0.1261      0.015    1478.58     57.068     5.5307 113.721640     3.8701     56.655  0.000e+00
     56.132     7.2977    33.2782    26.0218 2.6129e+00     0.1273      0.015    1478.58     57.064     5.5304 113.721640     3.8698     56.672  0.000e+00
     56.154     7.2973    33.2773    26.0211 2.2955e+00     0.1273      0.015    1478.58     57.060     5.5301 113.721641     3.8696     56.695  0.000e+00
     56.153     7.2970    33.2748    26.0192 1.6850e+00     0.1261      0.015    1478.58     57.055     5.5297 113.721641     3.8694     56.693  0.000e+00
     56.203     7.2951    33.2717    26.0171 1.2821e+00     0.1261      0.015    1478.57     57.112     5.5356 113.721642     3.8735     56.744  0.000e+00
     56.192     7.2946    33.2695    26.0154 1.0989e+00     0.1261      0.015    1478.56     57.051     5.5298 113.721642     3.8694     56.733  0.000e+00
     56.224     7.2940    33.2705    26.0162 9.1575e-01     0.1261      0.015    1478.56     57.044     5.5292 113.721643     3.8690     56.765  0.000e+00
     56.252     7.2917    33.2690    26.0154 7.4481e-01     0.1261      0.015    1478.55     57.099     5.5348 113.721643     3.8729     56.793  0.000e+00
     56.249     7.2862    33.2657    26.0136 6.2271e-01     0.1261      0.018    1478.53     57.098     5.5356 113.721644     3.8735     56.790  0.000e+00
     56.275     7.2820    33.2666    26.0148 5.4945e-01     0.1261      0.018    1478.51     57.104     5.5367 113.721644     3.8742     56.816  0.000e+00
     56.299     7.2823    33.2702    26.0176 5.6166e-01     0.1261      0.015    1478.52     57.101     5.5362 113.721644     3.8739     56.841  0.000e+00
     56.309     7.2846    33.2715    26.0184 6.5934e-01     0.1261      0.015    1478.53     57.098     5.5355 113.721645     3.8734     56.851  0.000e+00
     56.337     7.2858    33.2712    26.0180 6.3492e-01     0.1261      0.015    1478.53     57.101     5.5357 113.721645     3.8735     56.879  0.000e+00
     56.345     7.2857    33.2712    26.0180 6.3492e-01     0.1261      0.018    1478.53     57.103     5.5359 113.721646     3.8737     56.887  0.000e+00
     56.372     7.2849    33.2766    26.0223 7.6923e-01     0.1261      0.015    1478.54     57.098     5.5353 113.721646     3.8733     56.915  0.000e+00
     56.384     7.2881    33.2797    26.0243 7.2039e-01     0.1273      0.015    1478.55     57.098     5.5349 113.721647     3.8730     56.926  0.000e+00
     56.405     7.2921    33.2808    26.0246 6.2271e-01     0.1261      0.015    1478.57     57.091     5.5336 113.721647     3.8721     56.948  0.000e+00
     56.419     7.2959    33.2818    26.0249 5.2503e-01     0.1273      0.015    1478.59     57.090     5.5330 113.721648     3.8716     56.962  0.000e+00
     56.408     7.2980    33.2830    26.0255 4.5177e-01     0.1261      0.015    1478.60     57.089     5.5325 113.721648     3.8713     56.951  0.000e+00
     56.489     7.2996    33.2835    26.0257 4.0293e-01     0.1273      0.018    1478.60     57.087     5.5322 113.721649     3.8711     57.033  0.000e+00
     56.480     7.3008    33.2834    26.0254 3.6630e-01     0.1261      0.018    1478.61     57.084     5.5318 113.721649     3.8708     57.023  0.000e+00
     56.489     7.3018    33.2835    26.0254 3.4188e-01     0.1261      0.015    1478.61     57.081     5.5313 113.721650     3.8705     57.033  0.000e+00
     56.517     7.3027    33.2830    26.0249 3.2967e-01     0.1261      0.015    1478.62     57.078     5.5309 113.721650     3.8702     57.061  0.000e+00
     56.525     7.3030    33.2830    26.0248 3.2967e-01     0.1261      0.018    1478.62     57.073     5.5304 113.721651     3.8699     57.069  0.000e+00
     56.553     7.3033    33.2827    26.0246 3.1746e-01     0.1261      0.015    1478.62     57.076     5.5307 113.721651     3.8701     57.097  0.000e+00
     56.564     7.3038    33.2828    26.0246 3.2967e-01     0.1261      0.018    1478.62     57.079     5.5309 113.721652     3.8702     57.109  0.000e+00
     56.585     7.3034    33.2830    26.0248 3.4188e-01     0.1261      0.018    1478.62     57.073     5.5304 113.721652     3.8698     57.130  0.000e+00
     56.613     7.3028    33.2838    26.0255 3.6630e-01     0.1261      0.015    1478.62     57.075     5.5306 113.721653     3.8700     57.158  0.000e+00
     56.621     7.3030    33.2852    26.0265 3.5409e-01     0.1273      0.018    1478.62     57.069     5.5299 113.721653     3.8695     57.166  0.000e+00
     56.649     7.3039    33.2860    26.0271 3.5409e-01     0.1273      0.018    1478.63     57.062     5.5291 113.721654     3.8689     57.194  0.000e+00
