Gk1_230419_down.cnv
* Sea-Bird SBE 9 Data File:
* FileName = C:\CTD Brukere\NIVA\IO2019\20190423\Gk1_230419.hex
* Software Version Seasave V 7.23.2
* Temperature SN = 5352
* Conductivity SN = 3840
* Number of Bytes Per Scan = 28
* Number of Voltage Words = 4
* Number of Scans Averaged by the Deck Unit = 1
* NMEA baud rate = 4800
** Ship: R/V Trygve Braarud
** Cruise:
** Station:
** Operator:
# nquan = 14
# nvalues = 6883                                  
# units = specified
# name 0 = depSM: Depth [salt water, m], lat = 59.60
# name 1 = t090C: Temperature [ITS-90, deg C]
# name 2 = sal00: Salinity, Practical [PSU]
# name 3 = sigma-t00: Density [sigma-t, kg/m^3 ]
# name 4 = flSP: Fluorescence, Seapoint
# name 5 = wetStar: Fluorescence, WET Labs WETstar [mg/m^3]
# name 6 = seaTurbMtr: Turbidity, Seapoint [FTU]
# name 7 = svCM: Sound Velocity [Chen-Millero, m/s]
# name 8 = sbeox0PS: Oxygen, SBE 43 [% saturation]
# name 9 = sbeox0Mg/L: Oxygen, SBE 43 [mg/l]
# name 10 = timeJ: Julian Days
# name 11 = sbeox0ML/L: Oxygen, SBE 43 [ml/l]
# name 12 = prDM: Pressure, Digiquartz [db]
# name 13 = flag:  0.000e+00
# span 0 =      0.735,    110.062                 
# span 1 =     5.4507,     9.3685                 
# span 2 =    25.8682,    33.5822                 
# span 3 =    19.9508,    26.2104                 
# span 4 = 1.8315e-01, 2.3065e+01                 
# span 5 =     0.1237,     0.1273                 
# span 6 =      0.007,      0.018                 
# span 7 =    1466.16,    1481.23                 
# span 8 =     54.375,    128.812                 
# span 9 =     5.2165,    13.0541                 
# span 10 = 113.720012, 113.723330                
# span 11 =     3.6502,     9.1345                
# span 12 =      0.742,    111.136                
# span 13 = 0.0000e+00, 0.0000e+00                
# interval = seconds: 0.0416667
# start_time = Apr 23 2019 17:16:49 [System UpLoad Time]
# bad_flag = -9.990e-29
*END*
[from data line 4955]
     87.014     7.6047    33.5338    26.1796 3.7851e-01     0.1261      0.018    1480.59     55.425     5.3251 113.722401     3.7262     87.858  0.000e+00
     87.051     7.6049    33.5346    26.1802 5.0061e-01     0.1261      0.018    1480.60     55.423     5.3249 113.722402     3.7260     87.896  0.000e+00
     87.051     7.6051    33.5344    26.1801 4.6398e-01     0.1261      0.015    1480.60     55.428     5.3254 113.722402     3.7264     87.896  0.000e+00
     87.087     7.6057    33.5342    26.1798 5.7387e-01     0.1261      0.018    1480.60     55.365     5.3192 113.722403     3.7221     87.932  0.000e+00
     87.112     7.6054    33.5347    26.1802 5.4945e-01     0.1261      0.018    1480.60     55.419     5.3244 113.722403     3.7257     87.957  0.000e+00
     87.123     7.6064    33.5341    26.1796 4.5177e-01     0.1261      0.015    1480.60     55.418     5.3243 113.722404     3.7256     87.968  0.000e+00
     87.161     7.6068    33.5341    26.1796 3.5409e-01     0.1261      0.015    1480.61     55.418     5.3242 113.722404     3.7256     88.006  0.000e+00
     87.159     7.6071    33.5347    26.1800 3.0525e-01     0.1261      0.018    1480.61     55.426     5.3249 113.722405     3.7261     88.004  0.000e+00
     87.196     7.6076    33.5345    26.1797 2.9304e-01     0.1261      0.018    1480.61     55.372     5.3197 113.722405     3.7224     88.042  0.000e+00
     87.208     7.6078    33.5346    26.1798 2.6862e-01     0.1261      0.018    1480.61     55.366     5.3191 113.722405     3.7220     88.054  0.000e+00
     87.245     7.6079    33.5345    26.1797 2.6862e-01     0.1261      0.018    1480.61     55.424     5.3246 113.722406     3.7258     88.092  0.000e+00
     87.244     7.6078    33.5344    26.1796 2.8083e-01     0.1273      0.018    1480.61     55.426     5.3249 113.722406     3.7260     88.090  0.000e+00
     87.270     7.6076    33.5344    26.1797 2.9304e-01     0.1261      0.018    1480.61     55.429     5.3252 113.722407     3.7262     88.116  0.000e+00
     87.293     7.6071    33.5352    26.1804 2.8083e-01     0.1273      0.015    1480.61     55.370     5.3195 113.722407     3.7223     88.139  0.000e+00
     87.317     7.6070    33.5351    26.1803 2.5641e-01     0.1261      0.018    1480.61     55.367     5.3192 113.722408     3.7221     88.164  0.000e+00
     87.328     7.6067    33.5358    26.1810 2.5641e-01     0.1261      0.018    1480.61     55.426     5.3249 113.722408     3.7261     88.176  0.000e+00
     87.355     7.6067    33.5362    26.1812 2.5641e-01     0.1261      0.015    1480.61     55.368     5.3194 113.722409     3.7222     88.202  0.000e+00
     87.364     7.6071    33.5361    26.1811 2.4420e-01     0.1261      0.015    1480.61     55.429     5.3251 113.722409     3.7262     88.212  0.000e+00
     87.390     7.6078    33.5358    26.1808 2.5641e-01     0.1261      0.018    1480.61     55.380     5.3204 113.722410     3.7229     88.238  0.000e+00
     87.413     7.6084    33.5353    26.1803 2.8083e-01     0.1261      0.018    1480.62     55.441     5.3262 113.722410     3.7270     88.261  0.000e+00
     87.439     7.6079    33.5360    26.1809 2.9304e-01     0.1261      0.018    1480.62     55.386     5.3209 113.722411     3.7233     88.288  0.000e+00
     87.449     7.6077    33.5355    26.1806 2.9304e-01     0.1261      0.018    1480.62     55.386     5.3210 113.722411     3.7233     88.297  0.000e+00
     87.487     7.6078    33.5352    26.1803 2.9304e-01     0.1261      0.018    1480.62     55.379     5.3203 113.722412     3.7229     88.335  0.000e+00
     87.487     7.6071    33.5356    26.1807 2.8083e-01     0.1261      0.018    1480.61     55.442     5.3265 113.722412     3.7271     88.335  0.000e+00
     87.524     7.6071    33.5357    26.1808 3.1746e-01     0.1261      0.015    1480.61     55.389     5.3213 113.722413     3.7236     88.373  0.000e+00
     87.547     7.6075    33.5355    26.1806 3.2967e-01     0.1261      0.015    1480.62     55.391     5.3215 113.722413     3.7237     88.396  0.000e+00
     87.549     7.6076    33.5355    26.1806 3.0525e-01     0.1261      0.015    1480.62     55.394     5.3217 113.722414     3.7238     88.398  0.000e+00
     87.594     7.6077    33.5357    26.1807 2.8083e-01     0.1261      0.018    1480.62     55.397     5.3220 113.722414     3.7240     88.444  0.000e+00
     87.596     7.6078    33.5358    26.1807 2.8083e-01     0.1261      0.018    1480.62     55.401     5.3224 113.722415     3.7243     88.446  0.000e+00
     87.632     7.6079    33.5361    26.1810 2.8083e-01     0.1261      0.018    1480.62     55.405     5.3228 113.722415     3.7246     88.482  0.000e+00
     87.645     7.6083    33.5360    26.1808 2.6862e-01     0.1261      0.018    1480.62     55.340     5.3165 113.722416     3.7202     88.495  0.000e+00
     87.668     7.6083    33.5362    26.1810 2.5641e-01     0.1273      0.018    1480.62     55.393     5.3216 113.722416     3.7237     88.518  0.000e+00
     87.694     7.6080    33.5363    26.1811 2.5641e-01     0.1261      0.018    1480.62     55.392     5.3214 113.722417     3.7236     88.544  0.000e+00
     87.703     7.6083    33.5362    26.1810 2.6862e-01     0.1261      0.018    1480.62     55.390     5.3213 113.722417     3.7235     88.554  0.000e+00
     87.729     7.6086    33.5368    26.1814 3.4188e-01     0.1273      0.018    1480.62     55.389     5.3211 113.722418     3.7234     88.581  0.000e+00
     87.752     7.6089    33.5372    26.1817 3.6630e-01     0.1261      0.018    1480.63     55.388     5.3210 113.722418     3.7233     88.604  0.000e+00
     87.778     7.6089    33.5371    26.1817 4.3956e-01     0.1261      0.018    1480.63     55.388     5.3209 113.722418     3.7233     88.630  0.000e+00
     87.788     7.6089    33.5363    26.1810 5.2503e-01     0.1261      0.015    1480.63     55.388     5.3210 113.722419     3.7233     88.640  0.000e+00
     87.814     7.6088    33.5360    26.1808 5.0061e-01     0.1261      0.015    1480.63     55.388     5.3210 113.722419     3.7233     88.666  0.000e+00
     87.848     7.6089    33.5365    26.1812 4.2735e-01     0.1261      0.015    1480.63     55.396     5.3218 113.722420     3.7239     88.701  0.000e+00
     87.850     7.6089    33.5361    26.1808 3.7851e-01     0.1261      0.018    1480.63     55.397     5.3219 113.722420     3.7239     88.702  0.000e+00
     87.884     7.6087    33.5358    26.1807 3.2967e-01     0.1261      0.018    1480.63     55.398     5.3220 113.722421     3.7241     88.737  0.000e+00
     87.910     7.6086    33.5356    26.1805 2.9304e-01     0.1261      0.018    1480.63     55.400     5.3222 113.722421     3.7242     88.763  0.000e+00
     87.922     7.6083    33.5353    26.1803 3.2967e-01     0.1261      0.018    1480.63     55.402     5.3225 113.722422     3.7243     88.775  0.000e+00
     87.933     7.6083    33.5349    26.1800 4.2735e-01     0.1261      0.018    1480.62     55.404     5.3227 113.722422     3.7245     88.786  0.000e+00
     87.959     7.6079    33.5347    26.1798 4.0293e-01     0.1261      0.018    1480.62     55.407     5.3230 113.722423     3.7247     88.813  0.000e+00
     87.994     7.6075    33.5353    26.1804 3.4188e-01     0.1261      0.015    1480.62     55.410     5.3233 113.722423     3.7250     88.847  0.000e+00
     88.008     7.6073    33.5355    26.1806 2.9304e-01     0.1273      0.015    1480.62     55.413     5.3237 113.722424     3.7252     88.862  0.000e+00
     88.029     7.6077    33.5361    26.1810 2.6862e-01     0.1261      0.018    1480.63     55.417     5.3239 113.722424     3.7254     88.884  0.000e+00
     88.056     7.6083    33.5368    26.1815 2.6862e-01     0.1261      0.018    1480.63     55.421     5.3242 113.722425     3.7256     88.910  0.000e+00
     88.067     7.6086    33.5374    26.1819 2.5641e-01     0.1261      0.015    1480.63     55.425     5.3246 113.722425     3.7258     88.921  0.000e+00
     88.080     7.6087    33.5374    26.1819 2.8083e-01     0.1261      0.015    1480.63     55.429     5.3250 113.722426     3.7261     88.935  0.000e+00
     88.114     7.6091    33.5371    26.1816 3.0525e-01     0.1261      0.018    1480.63     55.364     5.3187 113.722426     3.7217     88.969  0.000e+00
     88.127     7.6094    33.5377    26.1821 2.9304e-01     0.1261      0.018    1480.64     55.362     5.3184 113.722427     3.7215     88.982  0.000e+00
     88.140     7.6100    33.5377    26.1820 2.6862e-01     0.1261      0.018    1480.64     55.422     5.3241 113.722427     3.7255     88.996  0.000e+00
     88.175     7.6101    33.5379    26.1821 2.6862e-01     0.1261      0.018    1480.64     55.428     5.3247 113.722428     3.7259     89.030  0.000e+00
     88.201     7.6101    33.5381    26.1822 2.8083e-01     0.1273      0.018    1480.64     55.435     5.3253 113.722428     3.7263     89.056  0.000e+00
     88.212     7.6105    33.5378    26.1820 3.6630e-01     0.1261      0.018    1480.64     55.434     5.3251 113.722429     3.7262     89.068  0.000e+00
     88.238     7.6104    33.5383    26.1823 3.7851e-01     0.1261      0.015    1480.64     55.370     5.3191 113.722429     3.7220     89.094  0.000e+00
     88.259     7.6104    33.5378    26.1820 3.4188e-01     0.1261      0.018    1480.64     55.370     5.3190 113.722430     3.7219     89.116  0.000e+00
     88.284     7.6105    33.5378    26.1819 2.9304e-01     0.1261      0.018    1480.64     55.370     5.3190 113.722430     3.7219     89.140  0.000e+00
     88.285     7.6104    33.5378    26.1820 2.5641e-01     0.1261      0.018    1480.64     55.371     5.3191 113.722431     3.7220     89.142  0.000e+00
     88.320     7.6105    33.5378    26.1819 2.4420e-01     0.1261      0.018    1480.64     55.364     5.3185 113.722431     3.7216     89.177  0.000e+00
     88.323     7.6104    33.5380    26.1822 2.3199e-01     0.1261      0.018    1480.64     55.358     5.3179 113.722432     3.7212     89.180  0.000e+00
     88.357     7.6108    33.5376    26.1818 2.3199e-01     0.1261      0.015    1480.64     55.423     5.3241 113.722432     3.7255     89.215  0.000e+00
     88.370     7.6104    33.5380    26.1821 2.3199e-01     0.1261      0.018    1480.64     55.425     5.3243 113.722432     3.7256     89.228  0.000e+00
     88.404     7.6105    33.5381    26.1821 2.3199e-01     0.1261      0.018    1480.64     55.372     5.3192 113.722433     3.7221     89.262  0.000e+00
     88.417     7.6113    33.5386    26.1825 2.3199e-01     0.1261      0.015    1480.65     55.367     5.3186 113.722433     3.7217     89.275  0.000e+00
     88.443     7.6116    33.5403    26.1838 2.1978e-01     0.1261      0.018    1480.65     55.371     5.3189 113.722434     3.7218     89.302  0.000e+00
     88.466     7.6128    33.5425    26.1853 2.1978e-01     0.1261      0.018    1480.66     55.367     5.3183 113.722434     3.7214     89.325  0.000e+00
     88.479     7.6145    33.5435    26.1858 2.3199e-01     0.1261      0.015    1480.67     55.363     5.3177 113.722435     3.7210     89.338  0.000e+00
     88.502     7.6163    33.5428    26.1851 2.9304e-01     0.1261      0.018    1480.67     55.359     5.3171 113.722435     3.7206     89.361  0.000e+00
     88.527     7.6169    33.5416    26.1840 2.9304e-01     0.1273      0.018    1480.68     55.364     5.3176 113.722436     3.7209     89.386  0.000e+00
     88.540     7.6167    33.5403    26.1830 2.6862e-01     0.1261      0.018    1480.67     55.362     5.3174 113.722436     3.7208     89.399  0.000e+00
     88.563     7.6160    33.5396    26.1826 3.0525e-01     0.1261      0.015    1480.67     55.422     5.3233 113.722437     3.7249     89.422  0.000e+00
     88.589     7.6147    33.5400    26.1830 4.1514e-01     0.1261      0.018    1480.67     55.365     5.3180 113.722437     3.7212     89.448  0.000e+00
     88.587     7.6140    33.5402    26.1833 4.0293e-01     0.1261      0.018    1480.66     55.364     5.3179 113.722438     3.7212     89.447  0.000e+00
     88.634     7.6139    33.5404    26.1835 3.4188e-01     0.1261      0.018    1480.66     55.362     5.3178 113.722438     3.7211     89.494  0.000e+00
     88.624     7.6140    33.5406    26.1837 3.5409e-01     0.1261      0.018    1480.67     55.361     5.3176 113.722439     3.7210     89.485  0.000e+00
     88.672     7.6138    33.5407    26.1838 3.5409e-01     0.1261      0.015    1480.67     55.353     5.3169 113.722439     3.7204     89.532  0.000e+00
     88.683     7.6140    33.5406    26.1837 3.2967e-01     0.1261      0.015    1480.67     55.352     5.3168 113.722440     3.7204     89.544  0.000e+00
     88.698     7.6142    33.5406    26.1836 3.0525e-01     0.1273      0.018    1480.67     55.351     5.3167 113.722440     3.7203     89.559  0.000e+00
     88.708     7.6137    33.5412    26.1842 2.6862e-01     0.1261      0.015    1480.67     55.351     5.3167 113.722441     3.7203     89.568  0.000e+00
     88.734     7.6140    33.5412    26.1842 2.5641e-01     0.1261      0.018    1480.67     55.351     5.3167 113.722441     3.7203     89.595  0.000e+00
     88.768     7.6139    33.5417    26.1845 2.4420e-01     0.1261      0.018    1480.67     55.352     5.3167 113.722442     3.7203     89.629  0.000e+00
     88.768     7.6142    33.5416    26.1844 2.3199e-01     0.1261      0.018    1480.67     55.353     5.3168 113.722442     3.7204     89.629  0.000e+00
     88.794     7.6139    33.5421    26.1848 2.3199e-01     0.1261      0.018    1480.67     55.354     5.3169 113.722443     3.7205     89.656  0.000e+00
     88.817     7.6140    33.5418    26.1846 2.1978e-01     0.1261      0.018    1480.67     55.355     5.3170 113.722443     3.7205     89.679  0.000e+00
     88.828     7.6139    33.5419    26.1847 2.1978e-01     0.1261      0.018    1480.67     55.357     5.3172 113.722444     3.7207     89.690  0.000e+00
     88.854     7.6138    33.5416    26.1845 2.1978e-01     0.1261      0.018    1480.67     55.359     5.3174 113.722444     3.7208     89.717  0.000e+00
     88.864     7.6139    33.5415    26.1843 2.1978e-01     0.1261      0.015    1480.67     55.361     5.3176 113.722445     3.7210     89.727  0.000e+00
     88.892     7.6137    33.5408    26.1838 2.4420e-01     0.1261      0.018    1480.67     55.364     5.3179 113.722445     3.7212     89.755  0.000e+00
     88.913     7.6137    33.5408    26.1838 3.1746e-01     0.1261      0.018    1480.67     55.367     5.3182 113.722446     3.7214     89.776  0.000e+00
     88.937     7.6136    33.5405    26.1837 3.5409e-01     0.1273      0.018    1480.67     55.370     5.3186 113.722446     3.7216     89.801  0.000e+00
     88.952     7.6136    33.5405    26.1837 3.7851e-01     0.1261      0.015    1480.67     55.436     5.3249 113.722446     3.7260     89.815  0.000e+00
     88.973     7.6136    33.5409    26.1840 3.4188e-01     0.1261      0.018    1480.67     55.385     5.3199 113.722447     3.7226     89.837  0.000e+00
     88.973     7.6136    33.5412    26.1842 3.0525e-01     0.1261      0.018    1480.67     55.388     5.3203 113.722447     3.7228     89.837  0.000e+00
     89.012     7.6139    33.5411    26.1840 2.8083e-01     0.1261      0.018    1480.67     55.393     5.3207 113.722448     3.7231     89.876  0.000e+00
     89.034     7.6136    33.5413    26.1843 4.5177e-01     0.1261      0.018    1480.67     55.397     5.3211 113.722448     3.7234     89.898  0.000e+00
     89.047     7.6133    33.5418    26.1847 8.5470e-01     0.1261      0.015    1480.67     55.402     5.3216 113.722449     3.7237     89.911  0.000e+00
     89.061     7.6139    33.5416    26.1845 8.0586e-01     0.1261      0.015    1480.67     55.407     5.3220 113.722449     3.7240     89.926  0.000e+00
     89.083     7.6139    33.5422    26.1849 5.9829e-01     0.1261      0.018    1480.67     55.405     5.3218 113.722450     3.7239     89.947  0.000e+00
     89.118     7.6144    33.5419    26.1846 4.2735e-01     0.1273      0.018    1480.68     55.402     5.3215 113.722450     3.7237     89.983  0.000e+00
