Gl2_230419_down.cnv
* Sea-Bird SBE 9 Data File:
* FileName = C:\CTD Brukere\NIVA\IO2019\20190423\Gl2_230419.hex
* Software Version Seasave V 7.23.2
* Temperature SN = 5352
* Conductivity SN = 3840
* Number of Bytes Per Scan = 28
* Number of Voltage Words = 4
* Number of Scans Averaged by the Deck Unit = 1
* NMEA baud rate = 4800
** Ship: R/V Trygve Braarud
** Cruise:
** Station:
** Operator:
# nquan = 14
# nvalues = 7244                                  
# units = specified
# name 0 = depSM: Depth [salt water, m], lat = 59.60
# name 1 = t090C: Temperature [ITS-90, deg C]
# name 2 = sal00: Salinity, Practical [PSU]
# name 3 = sigma-t00: Density [sigma-t, kg/m^3 ]
# name 4 = flSP: Fluorescence, Seapoint
# name 5 = wetStar: Fluorescence, WET Labs WETstar [mg/m^3]
# name 6 = seaTurbMtr: Turbidity, Seapoint [FTU]
# name 7 = svCM: Sound Velocity [Chen-Millero, m/s]
# name 8 = sbeox0PS: Oxygen, SBE 43 [% saturation]
# name 9 = sbeox0Mg/L: Oxygen, SBE 43 [mg/l]
# name 10 = timeJ: Julian Days
# name 11 = sbeox0ML/L: Oxygen, SBE 43 [ml/l]
# name 12 = prDM: Pressure, Digiquartz [db]
# name 13 = flag:  0.000e+00
# span 0 =      0.644,    136.227                 
# span 1 =     5.8331,     9.3185                 
# span 2 =    25.0904,    33.5947                 
# span 3 =    19.3336,    26.2072                 
# span 4 = 2.3199e-01, 1.8755e+01                 
# span 5 =     0.1249,     0.1273                 
# span 6 =      0.011,      0.018                 
# span 7 =    1468.04,    1482.02                 
# span 8 =     55.773,    107.021                 
# span 9 =     5.3395,    10.6949                 
# span 10 = 113.702257, 113.705750                
# span 11 =     3.7363,     7.4836                
# span 12 =      0.650,    137.565                
# span 13 = 0.0000e+00, 0.0000e+00                
# interval = seconds: 0.0416667
# start_time = Apr 23 2019 16:51:15 [System UpLoad Time]
# bad_flag = -9.990e-29
*END*
[from data line 2684]
     50.116     6.9165    33.0468    25.8916 5.4945e-01     0.1261      0.015    1476.72     61.190     5.9914 113.703551     4.1924     50.598  0.000e+00
     50.128     6.9149    33.0495    25.8939 4.8840e-01     0.1261      0.015    1476.72     61.242     5.9967 113.703552     4.1961     50.609  0.000e+00
     50.152     6.9124    33.0520    25.8962 4.5177e-01     0.1261      0.018    1476.71     61.242     5.9969 113.703552     4.1963     50.634  0.000e+00
     50.164     6.9132    33.0543    25.8980 4.1514e-01     0.1261      0.018    1476.72     61.181     5.9907 113.703553     4.1919     50.646  0.000e+00
     50.188     6.9157    33.0557    25.8987 3.9072e-01     0.1261      0.018    1476.73     61.176     5.9898 113.703553     4.1913     50.670  0.000e+00
     50.201     6.9180    33.0585    25.9006 3.6630e-01     0.1261      0.018    1476.74     61.165     5.9884 113.703554     4.1903     50.683  0.000e+00
     50.225     6.9201    33.0635    25.9043 3.9072e-01     0.1261      0.018    1476.75     61.164     5.9877 113.703554     4.1899     50.708  0.000e+00
     50.248     6.9246    33.0662    25.9057 3.8462e+00     0.1261      0.015    1476.78     61.165     5.9871 113.703555     4.1894     50.731  0.000e+00
     50.261     6.9297    33.0659    25.9048 5.7143e+00     0.1261      0.015    1476.80     61.159     5.9858 113.703555     4.1885     50.744  0.000e+00
     50.272     6.9326    33.0666    25.9050 4.5543e+00     0.1261      0.011    1476.81     61.093     5.9789 113.703556     4.1837     50.756  0.000e+00
     50.285     6.9347    33.0667    25.9048 2.9182e+00     0.1261      0.015    1476.82     61.083     5.9777 113.703556     4.1828     50.769  0.000e+00
     50.321     6.9361    33.0670    25.9048 1.8681e+00     0.1261      0.015    1476.82     61.076     5.9768 113.703557     4.1822     50.805  0.000e+00
     50.320     6.9371    33.0676    25.9052 1.3065e+00     0.1261      0.015    1476.83     61.070     5.9760 113.703557     4.1817     50.803  0.000e+00
     50.346     6.9368    33.0699    25.9071 9.8901e-01     0.1261      0.018    1476.83     61.004     5.9696 113.703558     4.1771     50.829  0.000e+00
     50.368     6.9369    33.0713    25.9081 7.8144e-01     0.1261      0.015    1476.83     60.995     5.9686 113.703558     4.1765     50.852  0.000e+00
     50.381     6.9385    33.0716    25.9082 6.4713e-01     0.1261      0.015    1476.84     60.988     5.9677 113.703559     4.1758     50.865  0.000e+00
     50.391     6.9410    33.0722    25.9082 5.9829e-01     0.1261      0.018    1476.85     60.921     5.9608 113.703559     4.1710     50.875  0.000e+00
     50.417     6.9449    33.0718    25.9075 5.8608e-01     0.1261      0.018    1476.86     60.912     5.9593 113.703560     4.1700     50.902  0.000e+00
     50.428     6.9486    33.0729    25.9078 1.4652e+00     0.1261      0.015    1476.88     60.904     5.9580 113.703560     4.1691     50.913  0.000e+00
     50.441     6.9518    33.0781    25.9115 1.6728e+00     0.1261      0.015    1476.90     60.899     5.9569 113.703560     4.1683     50.926  0.000e+00
     50.477     6.9581    33.0818    25.9136 1.3187e+00     0.1261      0.015    1476.93     60.897     5.9557 113.703561     4.1674     50.962  0.000e+00
     50.476     6.9647    33.0825    25.9133 9.2796e-01     0.1261      0.015    1476.96     60.897     5.9547 113.703561     4.1668     50.961  0.000e+00
     50.513     6.9675    33.0810    25.9116 6.9597e-01     0.1261      0.018    1476.97     60.892     5.9539 113.703562     4.1662     50.998  0.000e+00
     50.526     6.9688    33.0802    25.9108 5.6166e-01     0.1261      0.018    1476.97     60.827     5.9474 113.703562     4.1616     51.011  0.000e+00
     50.537     6.9701    33.0801    25.9106 5.0061e-01     0.1261      0.015    1476.98     60.819     5.9465 113.703563     4.1610     51.023  0.000e+00
     50.549     6.9699    33.0821    25.9122 4.6398e-01     0.1273      0.015    1476.98     60.814     5.9459 113.703563     4.1606     51.034  0.000e+00
     50.573     6.9697    33.0848    25.9143 5.8608e-01     0.1261      0.018    1476.98     60.811     5.9455 113.703564     4.1603     51.059  0.000e+00
     50.586     6.9702    33.0882    25.9169 5.8608e-01     0.1261      0.018    1476.99     60.811     5.9453 113.703564     4.1602     51.072  0.000e+00
     50.609     6.9716    33.0923    25.9200 5.0061e-01     0.1261      0.018    1477.00     60.743     5.9384 113.703565     4.1553     51.095  0.000e+00
     50.633     6.9729    33.0951    25.9220 4.3956e-01     0.1261      0.018    1477.01     60.732     5.9370 113.703565     4.1544     51.120  0.000e+00
     50.646     6.9747    33.0963    25.9228 3.9072e-01     0.1261      0.018    1477.02     60.724     5.9359 113.703566     4.1536     51.133  0.000e+00
     50.658     6.9761    33.0971    25.9232 3.7851e-01     0.1261      0.015    1477.02     60.711     5.9344 113.703566     4.1525     51.144  0.000e+00
     50.680     6.9773    33.0972    25.9231 3.9072e-01     0.1261      0.015    1477.03     60.645     5.9278 113.703567     4.1479     51.167  0.000e+00
     50.706     6.9781    33.0965    25.9224 4.2735e-01     0.1261      0.018    1477.03     60.637     5.9269 113.703567     4.1473     51.194  0.000e+00
     50.718     6.9779    33.0958    25.9219 4.2735e-01     0.1273      0.015    1477.03     60.632     5.9265 113.703568     4.1470     51.205  0.000e+00
     50.729     6.9776    33.0958    25.9220 4.3956e-01     0.1261      0.015    1477.03     60.629     5.9263 113.703568     4.1469     51.217  0.000e+00
     50.753     6.9777    33.0943    25.9207 4.3956e-01     0.1261      0.018    1477.03     60.622     5.9256 113.703569     4.1464     51.241  0.000e+00
     50.765     6.9774    33.0941    25.9206 4.1514e-01     0.1261      0.015    1477.02     60.563     5.9199 113.703569     4.1424     51.253  0.000e+00
     50.789     6.9769    33.0949    25.9213 4.0293e-01     0.1261      0.015    1477.02     60.553     5.9190 113.703570     4.1417     51.277  0.000e+00
     50.802     6.9771    33.0955    25.9218 3.9072e-01     0.1261      0.018    1477.03     60.539     5.9175 113.703570     4.1407     51.290  0.000e+00
     50.827     6.9768    33.0960    25.9222 6.1050e-01     0.1261      0.015    1477.03     60.535     5.9172 113.703571     4.1405     51.315  0.000e+00
     50.849     6.9763    33.0990    25.9247 2.4420e+00     0.1261      0.015    1477.03     60.542     5.9178 113.703571     4.1409     51.338  0.000e+00
     50.862     6.9760    33.1046    25.9291 2.6496e+00     0.1261      0.015    1477.03     60.490     5.9125 113.703572     4.1372     51.351  0.000e+00
     50.874     6.9763    33.1068    25.9308 1.8926e+00     0.1273      0.015    1477.04     60.472     5.9106 113.703572     4.1359     51.363  0.000e+00
     50.909     6.9764    33.1053    25.9296 1.2332e+00     0.1261      0.015    1477.04     60.464     5.9099 113.703573     4.1354     51.399  0.000e+00
     50.934     6.9764    33.1034    25.9281 8.6691e-01     0.1261      0.015    1477.04     60.460     5.9096 113.703573     4.1352     51.423  0.000e+00
     50.934     6.9749    33.1006    25.9261 6.8376e-01     0.1261      0.018    1477.03     60.404     5.9044 113.703573     4.1316     51.423  0.000e+00
     50.958     6.9718    33.0962    25.9231 5.7387e-01     0.1261      0.015    1477.01     60.406     5.9052 113.703574     4.1321     51.448  0.000e+00
     50.970     6.9684    33.0937    25.9216 5.0061e-01     0.1261      0.015    1476.99     60.404     5.9055 113.703574     4.1324     51.459  0.000e+00
     50.994     6.9669    33.0935    25.9216 4.6398e-01     0.1261      0.018    1476.99     60.397     5.9051 113.703575     4.1320     51.484  0.000e+00
     51.030     6.9655    33.0946    25.9227 4.3956e-01     0.1261      0.015    1476.98     60.400     5.9056 113.703575     4.1324     51.520  0.000e+00
     51.043     6.9635    33.0942    25.9226 4.0293e-01     0.1261      0.015    1476.98     60.345     5.9005 113.703576     4.1288     51.533  0.000e+00
     51.067     6.9608    33.0939    25.9227 3.7851e-01     0.1261      0.018    1476.97     60.340     5.9004 113.703576     4.1287     51.558  0.000e+00
     51.078     6.9597    33.0932    25.9223 3.5409e-01     0.1261      0.015    1476.96     60.338     5.9003 113.703577     4.1287     51.569  0.000e+00
     51.103     6.9595    33.0940    25.9230 3.4188e-01     0.1261      0.018    1476.96     60.339     5.9004 113.703577     4.1288     51.594  0.000e+00
     51.114     6.9600    33.0958    25.9243 3.5409e-01     0.1261      0.015    1476.97     60.343     5.9007 113.703578     4.1290     51.605  0.000e+00
     51.139     6.9610    33.0968    25.9250 3.9072e-01     0.1261      0.018    1476.97     60.351     5.9013 113.703578     4.1294     51.630  0.000e+00
     51.161     6.9621    33.0964    25.9245 3.7851e-01     0.1261      0.018    1476.97     60.299     5.8961 113.703579     4.1257     51.653  0.000e+00
     51.187     6.9627    33.0976    25.9254 3.6630e-01     0.1261      0.015    1476.98     60.298     5.8958 113.703579     4.1255     51.679  0.000e+00
     51.199     6.9638    33.1001    25.9272 6.8376e-01     0.1273      0.015    1476.99     60.299     5.8957 113.703580     4.1255     51.691  0.000e+00
     51.223     6.9650    33.1034    25.9296 6.8864e+00     0.1261      0.015    1477.00     60.304     5.8959 113.703580     4.1256     51.715  0.000e+00
     51.247     6.9664    33.1062    25.9317 8.5348e+00     0.1261      0.011    1477.01     60.312     5.8964 113.703581     4.1260     51.740  0.000e+00
     51.270     6.9679    33.1100    25.9344 6.1050e+00     0.1261      0.015    1477.02     60.316     5.8964 113.703581     4.1259     51.763  0.000e+00
     51.270     6.9691    33.1157    25.9387 3.7118e+00     0.1261      0.015    1477.03     60.321     5.8966 113.703582     4.1261     51.763  0.000e+00
     51.308     6.9699    33.1166    25.9394 2.3565e+00     0.1261      0.015    1477.03     60.268     5.8912 113.703582     4.1223     51.801  0.000e+00
     51.330     6.9694    33.1121    25.9359 1.9170e+00     0.1261      0.015    1477.03     60.265     5.8912 113.703583     4.1223     51.824  0.000e+00
     51.355     6.9687    33.1114    25.9354 1.8559e+00     0.1261      0.015    1477.02     60.265     5.8912 113.703583     4.1223     51.848  0.000e+00
     51.368     6.9704    33.1107    25.9347 1.4896e+00     0.1261      0.015    1477.03     60.267     5.8913 113.703584     4.1224     51.861  0.000e+00
     51.390     6.9715    33.1093    25.9334 1.2210e+00     0.1261      0.015    1477.03     60.210     5.8856 113.703584     4.1184     51.884  0.000e+00
     51.415     6.9715    33.1087    25.9329 1.7582e+00     0.1261      0.015    1477.03     60.273     5.8918 113.703585     4.1227     51.909  0.000e+00
     51.439     6.9707    33.1092    25.9334 1.6972e+00     0.1249      0.015    1477.03     60.222     5.8869 113.703585     4.1193     51.934  0.000e+00
     51.464     6.9704    33.1097    25.9339 1.2576e+00     0.1261      0.015    1477.03     60.229     5.8876 113.703586     4.1198     51.958  0.000e+00
     51.488     6.9696    33.1100    25.9342 9.0354e-01     0.1273      0.015    1477.03     60.231     5.8879 113.703586     4.1200     51.983  0.000e+00
     51.499     6.9696    33.1081    25.9327 6.9597e-01     0.1261      0.015    1477.02     60.236     5.8884 113.703587     4.1204     51.994  0.000e+00
     51.524     6.9693    33.1070    25.9319 1.2454e+00     0.1261      0.015    1477.02     60.244     5.8893 113.703587     4.1210     52.019  0.000e+00
     51.548     6.9697    33.1063    25.9313 1.9780e+00     0.1261      0.015    1477.02     60.254     5.8903 113.703587     4.1217     52.044  0.000e+00
     51.571     6.9702    33.1054    25.9305 1.6728e+00     0.1261      0.015    1477.02     60.268     5.8916 113.703588     4.1226     52.067  0.000e+00
     51.595     6.9704    33.1048    25.9300 1.1477e+00     0.1261      0.015    1477.02     60.276     5.8924 113.703588     4.1231     52.091  0.000e+00
     51.620     6.9707    33.1044    25.9296 8.0586e-01     0.1261      0.015    1477.03     60.287     5.8934 113.703589     4.1239     52.116  0.000e+00
     51.631     6.9705    33.1045    25.9297 6.2271e-01     0.1261      0.015    1477.03     60.301     5.8948 113.703589     4.1248     52.127  0.000e+00
     51.655     6.9705    33.1040    25.9294 6.8376e-01     0.1261      0.018    1477.03     60.254     5.8903 113.703590     4.1217     52.152  0.000e+00
     51.680     6.9698    33.1048    25.9301 8.6691e-01     0.1261      0.015    1477.02     60.258     5.8907 113.703590     4.1219     52.177  0.000e+00
     51.704     6.9693    33.1052    25.9304 8.3028e-01     0.1261      0.015    1477.02     60.264     5.8913 113.703591     4.1224     52.201  0.000e+00
     51.729     6.9691    33.1047    25.9301 6.7155e-01     0.1261      0.018    1477.02     60.272     5.8922 113.703591     4.1230     52.226  0.000e+00
     51.740     6.9688    33.1043    25.9298 6.3492e-01     0.1261      0.015    1477.02     60.283     5.8933 113.703592     4.1238     52.237  0.000e+00
     51.776     6.9685    33.1040    25.9296 9.1575e-01     0.1261      0.018    1477.02     60.297     5.8947 113.703592     4.1247     52.273  0.000e+00
     51.789     6.9686    33.1044    25.9299 1.5873e+00     0.1261      0.015    1477.02     60.305     5.8954 113.703593     4.1253     52.287  0.000e+00
     51.800     6.9688    33.1044    25.9299 2.0513e+00     0.1261      0.015    1477.02     60.253     5.8903 113.703593     4.1217     52.298  0.000e+00
     51.836     6.9693    33.1045    25.9299 1.8193e+00     0.1261      0.015    1477.02     60.258     5.8908 113.703594     4.1220     52.334  0.000e+00
     51.849     6.9692    33.1048    25.9302 1.3309e+00     0.1261      0.015    1477.02     60.266     5.8915 113.703594     4.1225     52.347  0.000e+00
     51.885     6.9691    33.1053    25.9306 9.7680e-01     0.1261      0.015    1477.03     60.276     5.8925 113.703595     4.1232     52.383  0.000e+00
     51.885     6.9694    33.1046    25.9300 7.6923e-01     0.1261      0.015    1477.03     60.281     5.8930 113.703595     4.1236     52.383  0.000e+00
     51.920     6.9693    33.1049    25.9302 6.8376e-01     0.1261      0.015    1477.03     60.226     5.8876 113.703596     4.1198     52.419  0.000e+00
     51.932     6.9691    33.1051    25.9304 2.8083e+00     0.1261      0.015    1477.03     60.290     5.8939 113.703596     4.1242     52.431  0.000e+00
     51.956     6.9691    33.1047    25.9301 4.5055e+00     0.1261      0.015    1477.03     60.240     5.8890 113.703597     4.1208     52.456  0.000e+00
     51.980     6.9694    33.1049    25.9302 3.7729e+00     0.1261      0.015    1477.03     60.239     5.8888 113.703597     4.1207     52.480  0.000e+00
     52.005     6.9694    33.1053    25.9306 2.5031e+00     0.1261      0.015    1477.03     60.240     5.8889 113.703598     4.1207     52.505  0.000e+00
     52.005     6.9695    33.1045    25.9299 1.6361e+00     0.1261      0.015    1477.03     60.243     5.8893 113.703598     4.1210     52.505  0.000e+00
     52.041     6.9693    33.1051    25.9304 1.1600e+00     0.1261      0.015    1477.03     60.249     5.8898 113.703599     4.1214     52.541  0.000e+00
     52.065     6.9693    33.1052    25.9305 8.7912e-01     0.1261      0.015    1477.03     60.256     5.8906 113.703599     4.1219     52.566  0.000e+00
     52.076     6.9693    33.1054    25.9307 6.9597e-01     0.1261      0.015    1477.03     60.196     5.8847 113.703600     4.1178     52.577  0.000e+00
     52.101     6.9693    33.1055    25.9307 6.1050e-01     0.1261      0.015    1477.03     60.193     5.8844 113.703600     4.1175     52.602  0.000e+00
     52.114     6.9693    33.1056    25.9308 5.3724e-01     0.1261      0.015    1477.03     60.192     5.8843 113.703601     4.1175     52.615  0.000e+00
