Gl2_230419_down.cnv
* Sea-Bird SBE 9 Data File:
* FileName = C:\CTD Brukere\NIVA\IO2019\20190423\Gl2_230419.hex
* Software Version Seasave V 7.23.2
* Temperature SN = 5352
* Conductivity SN = 3840
* Number of Bytes Per Scan = 28
* Number of Voltage Words = 4
* Number of Scans Averaged by the Deck Unit = 1
* NMEA baud rate = 4800
** Ship: R/V Trygve Braarud
** Cruise:
** Station:
** Operator:
# nquan = 14
# nvalues = 7244                                  
# units = specified
# name 0 = depSM: Depth [salt water, m], lat = 59.60
# name 1 = t090C: Temperature [ITS-90, deg C]
# name 2 = sal00: Salinity, Practical [PSU]
# name 3 = sigma-t00: Density [sigma-t, kg/m^3 ]
# name 4 = flSP: Fluorescence, Seapoint
# name 5 = wetStar: Fluorescence, WET Labs WETstar [mg/m^3]
# name 6 = seaTurbMtr: Turbidity, Seapoint [FTU]
# name 7 = svCM: Sound Velocity [Chen-Millero, m/s]
# name 8 = sbeox0PS: Oxygen, SBE 43 [% saturation]
# name 9 = sbeox0Mg/L: Oxygen, SBE 43 [mg/l]
# name 10 = timeJ: Julian Days
# name 11 = sbeox0ML/L: Oxygen, SBE 43 [ml/l]
# name 12 = prDM: Pressure, Digiquartz [db]
# name 13 = flag:  0.000e+00
# span 0 =      0.644,    136.227                 
# span 1 =     5.8331,     9.3185                 
# span 2 =    25.0904,    33.5947                 
# span 3 =    19.3336,    26.2072                 
# span 4 = 2.3199e-01, 1.8755e+01                 
# span 5 =     0.1249,     0.1273                 
# span 6 =      0.011,      0.018                 
# span 7 =    1468.04,    1482.02                 
# span 8 =     55.773,    107.021                 
# span 9 =     5.3395,    10.6949                 
# span 10 = 113.702257, 113.705750                
# span 11 =     3.7363,     7.4836                
# span 12 =      0.650,    137.565                
# span 13 = 0.0000e+00, 0.0000e+00                
# interval = seconds: 0.0416667
# start_time = Apr 23 2019 16:51:15 [System UpLoad Time]
# bad_flag = -9.990e-29
*END*
[from data line 6917]
    134.483     7.7445    33.5937    26.2066 1.0256e+00     0.1261      0.018    1481.99     56.055     5.3665 113.705593     3.7552    135.803  0.000e+00
    134.507     7.7447    33.5934    26.2064 8.5470e-01     0.1261      0.018    1481.99     56.052     5.3662 113.705593     3.7550    135.828  0.000e+00
    134.522     7.7451    33.5933    26.2063 7.5702e-01     0.1261      0.018    1481.99     56.056     5.3666 113.705594     3.7552    135.843  0.000e+00
    134.532     7.7447    33.5937    26.2066 6.2271e-01     0.1261      0.015    1481.99     56.052     5.3662 113.705594     3.7550    135.852  0.000e+00
    134.569     7.7449    33.5937    26.2066 5.1282e-01     0.1261      0.018    1481.99     56.111     5.3719 113.705595     3.7589    135.891  0.000e+00
    134.581     7.7447    33.5936    26.2065 4.2735e-01     0.1273      0.018    1481.99     56.051     5.3662 113.705595     3.7549    135.902  0.000e+00
    134.581     7.7449    33.5931    26.2062 3.9072e-01     0.1261      0.018    1481.99     56.046     5.3657 113.705596     3.7546    135.902  0.000e+00
    134.618     7.7446    33.5933    26.2063 4.1514e-01     0.1273      0.015    1481.99     56.104     5.3712 113.705596     3.7585    135.940  0.000e+00
    134.641     7.7444    33.5933    26.2063 4.6398e-01     0.1261      0.018    1481.99     56.106     5.3714 113.705597     3.7586    135.963  0.000e+00
    134.641     7.7442    33.5925    26.2057 4.8840e-01     0.1273      0.018    1481.99     56.044     5.3656 113.705597     3.7545    135.963  0.000e+00
    134.679     7.7439    33.5928    26.2060 4.3956e-01     0.1261      0.018    1481.99     56.100     5.3709 113.705598     3.7583    136.001  0.000e+00
    134.690     7.7439    33.5932    26.2063 4.0293e-01     0.1261      0.015    1481.99     56.100     5.3709 113.705598     3.7583    136.013  0.000e+00
    134.703     7.7436    33.5928    26.2061 3.6630e-01     0.1261      0.018    1481.99     56.100     5.3709 113.705598     3.7583    136.026  0.000e+00
    134.726     7.7438    33.5928    26.2061 3.2967e-01     0.1261      0.018    1481.99     56.036     5.3648 113.705599     3.7540    136.049  0.000e+00
    134.739     7.7437    33.5926    26.2059 3.4188e-01     0.1261      0.015    1481.99     56.035     5.3647 113.705599     3.7539    136.062  0.000e+00
    134.764     7.7434    33.5926    26.2059 3.5409e-01     0.1261      0.018    1481.99     56.096     5.3707 113.705600     3.7581    136.087  0.000e+00
    134.789     7.7434    33.5929    26.2062 3.5409e-01     0.1261      0.018    1481.99     56.103     5.3712 113.705600     3.7585    136.112  0.000e+00
    134.789     7.7437    33.5929    26.2061 4.5177e-01     0.1261      0.015    1481.99     56.100     5.3710 113.705601     3.7583    136.112  0.000e+00
    134.812     7.7434    33.5926    26.2059 7.8144e-01     0.1273      0.015    1481.99     56.106     5.3715 113.705601     3.7587    136.135  0.000e+00
    134.825     7.7436    33.5930    26.2062 8.4249e-01     0.1261      0.018    1481.99     56.110     5.3720 113.705602     3.7590    136.148  0.000e+00
    134.836     7.7433    33.5934    26.2066 7.4481e-01     0.1261      0.018    1481.99     56.115     5.3724 113.705602     3.7593    136.160  0.000e+00
    134.861     7.7438    33.5927    26.2060 6.3492e-01     0.1261      0.018    1481.99     56.119     5.3728 113.705603     3.7596    136.185  0.000e+00
    134.887     7.7439    33.5924    26.2057 5.6166e-01     0.1261      0.015    1481.99     56.123     5.3731 113.705603     3.7598    136.211  0.000e+00
    134.898     7.7438    33.5929    26.2061 4.8840e-01     0.1261      0.018    1481.99     56.127     5.3735 113.705604     3.7601    136.223  0.000e+00
    134.910     7.7437    33.5929    26.2061 4.5177e-01     0.1261      0.015    1481.99     56.122     5.3731 113.705604     3.7597    136.234  0.000e+00
    134.923     7.7436    33.5929    26.2061 4.2735e-01     0.1261      0.018    1481.99     56.125     5.3733 113.705605     3.7599    136.248  0.000e+00
    134.947     7.7438    33.5925    26.2058 4.2735e-01     0.1261      0.015    1481.99     56.056     5.3668 113.705605     3.7554    136.272  0.000e+00
    134.959     7.7436    33.5928    26.2061 4.0293e-01     0.1249      0.018    1481.99     56.051     5.3663 113.705606     3.7550    136.284  0.000e+00
    134.959     7.7434    33.5928    26.2061 3.9072e-01     0.1261      0.018    1481.99     56.037     5.3650 113.705606     3.7541    136.284  0.000e+00
    134.995     7.7434    33.5926    26.2060 3.9072e-01     0.1261      0.018    1481.99     56.094     5.3705 113.705607     3.7579    136.320  0.000e+00
    134.996     7.7437    33.5925    26.2058 3.9072e-01     0.1261      0.018    1481.99     56.096     5.3705 113.705607     3.7580    136.322  0.000e+00
    135.008     7.7436    33.5924    26.2058 3.7851e-01     0.1261      0.018    1481.99     56.097     5.3707 113.705608     3.7581    136.334  0.000e+00
    135.032     7.7434    33.5931    26.2063 3.6630e-01     0.1261      0.018    1481.99     56.097     5.3707 113.705608     3.7581    136.358  0.000e+00
    135.068     7.7436    33.5930    26.2062 3.6630e-01     0.1261      0.018    1482.00     56.035     5.3648 113.705609     3.7540    136.395  0.000e+00
    135.055     7.7436    33.5935    26.2066 3.5409e-01     0.1273      0.018    1482.00     56.091     5.3701 113.705609     3.7576    136.382  0.000e+00
    135.093     7.7441    33.5935    26.2065 4.6398e-01     0.1261      0.018    1482.00     56.091     5.3700 113.705610     3.7576    136.420  0.000e+00
    135.093     7.7444    33.5932    26.2063 4.6398e-01     0.1273      0.018    1482.00     56.028     5.3640 113.705610     3.7534    136.420  0.000e+00
    135.118     7.7444    33.5932    26.2063 4.0293e-01     0.1261      0.018    1482.00     56.083     5.3692 113.705611     3.7571    136.444  0.000e+00
    135.129     7.7445    33.5931    26.2062 3.6630e-01     0.1261      0.018    1482.00     56.020     5.3632 113.705611     3.7528    136.456  0.000e+00
    135.155     7.7446    33.5933    26.2063 3.5409e-01     0.1261      0.018    1482.00     56.012     5.3624 113.705611     3.7523    136.482  0.000e+00
    135.142     7.7447    33.5933    26.2063 3.6630e-01     0.1261      0.015    1482.00     56.003     5.3616 113.705612     3.7517    136.469  0.000e+00
    135.178     7.7445    33.5931    26.2062 3.7851e-01     0.1261      0.015    1482.00     55.996     5.3609 113.705612     3.7512    136.506  0.000e+00
    135.190     7.7446    33.5933    26.2063 5.1282e-01     0.1261      0.015    1482.00     55.995     5.3608 113.705613     3.7512    136.517  0.000e+00
    135.216     7.7445    33.5934    26.2064 6.9597e-01     0.1261      0.018    1482.00     56.058     5.3668 113.705613     3.7554    136.544  0.000e+00
    135.227     7.7447    33.5930    26.2061 7.0818e-01     0.1261      0.015    1482.00     55.995     5.3608 113.705614     3.7512    136.555  0.000e+00
    135.239     7.7446    33.5930    26.2061 6.2271e-01     0.1261      0.018    1482.00     55.988     5.3601 113.705614     3.7507    136.567  0.000e+00
    135.263     7.7444    33.5932    26.2063 5.4945e-01     0.1261      0.018    1482.00     55.980     5.3594 113.705615     3.7502    136.591  0.000e+00
    135.275     7.7446    33.5930    26.2061 5.1282e-01     0.1261      0.018    1482.00     55.972     5.3586 113.705615     3.7496    136.603  0.000e+00
    135.299     7.7442    33.5933    26.2064 4.6398e-01     0.1261      0.018    1482.00     55.965     5.3579 113.705616     3.7491    136.628  0.000e+00
    135.299     7.7442    33.5928    26.2060 4.1514e-01     0.1261      0.018    1482.00     55.957     5.3572 113.705616     3.7486    136.628  0.000e+00
    135.325     7.7439    33.5929    26.2061 3.9072e-01     0.1261      0.018    1482.00     55.949     5.3565 113.705617     3.7481    136.654  0.000e+00
    135.348     7.7441    33.5928    26.2060 4.6398e-01     0.1261      0.018    1482.00     55.941     5.3557 113.705617     3.7476    136.677  0.000e+00
    135.361     7.7437    33.5928    26.2060 5.6166e-01     0.1261      0.018    1482.00     55.934     5.3550 113.705618     3.7471    136.691  0.000e+00
    135.361     7.7439    33.5921    26.2055 5.8608e-01     0.1261      0.018    1482.00     55.934     5.3550 113.705618     3.7471    136.691  0.000e+00
    135.386     7.7437    33.5926    26.2059 6.1050e-01     0.1261      0.018    1482.00     55.926     5.3543 113.705619     3.7466    136.715  0.000e+00
    135.409     7.7436    33.5928    26.2061 5.7387e-01     0.1261      0.015    1482.00     55.919     5.3536 113.705619     3.7462    136.739  0.000e+00
    135.433     7.7439    33.5928    26.2060 5.2503e-01     0.1261      0.018    1482.00     55.919     5.3536 113.705620     3.7462    136.763  0.000e+00
    135.433     7.7437    33.5929    26.2061 4.7619e-01     0.1261      0.018    1482.00     55.920     5.3537 113.705620     3.7462    136.763  0.000e+00
    135.447     7.7436    33.5928    26.2060 5.6166e-01     0.1261      0.015    1482.00     55.913     5.3531 113.705621     3.7458    136.777  0.000e+00
    135.471     7.7434    33.5933    26.2065 5.6166e-01     0.1261      0.018    1482.00     55.914     5.3532 113.705621     3.7459    136.801  0.000e+00
    135.483     7.7439    33.5931    26.2063 4.8840e-01     0.1261      0.018    1482.00     55.916     5.3533 113.705622     3.7459    136.813  0.000e+00
    135.496     7.7438    33.5933    26.2064 4.1514e-01     0.1261      0.018    1482.00     55.917     5.3534 113.705622     3.7460    136.826  0.000e+00
    135.507     7.7437    33.5934    26.2065 4.0293e-01     0.1261      0.018    1482.00     55.974     5.3589 113.705623     3.7498    136.838  0.000e+00
    135.519     7.7439    33.5932    26.2063 4.5177e-01     0.1261      0.018    1482.00     55.913     5.3530 113.705623     3.7457    136.849  0.000e+00
    135.543     7.7441    33.5930    26.2062 5.6166e-01     0.1273      0.018    1482.01     55.915     5.3532 113.705624     3.7458    136.874  0.000e+00
    135.556     7.7441    33.5933    26.2064 7.8144e-01     0.1261      0.018    1482.01     55.917     5.3533 113.705624     3.7459    136.887  0.000e+00
    135.568     7.7439    33.5935    26.2065 9.5238e-01     0.1261      0.015    1482.01     55.919     5.3536 113.705625     3.7461    136.899  0.000e+00
    135.581     7.7444    33.5933    26.2063 1.0012e+00     0.1261      0.015    1482.01     55.921     5.3538 113.705625     3.7462    136.912  0.000e+00
    135.605     7.7447    33.5933    26.2063 9.0354e-01     0.1261      0.015    1482.01     55.924     5.3540 113.705625     3.7464    136.937  0.000e+00
    135.605     7.7449    33.5934    26.2064 7.4481e-01     0.1261      0.015    1482.01     55.927     5.3543 113.705626     3.7466    136.937  0.000e+00
    135.628     7.7449    33.5936    26.2065 6.3492e-01     0.1273      0.018    1482.01     55.931     5.3546 113.705626     3.7468    136.960  0.000e+00
    135.630     7.7447    33.5936    26.2066 5.4945e-01     0.1261      0.018    1482.01     55.935     5.3550 113.705627     3.7471    136.962  0.000e+00
    135.653     7.7445    33.5936    26.2066 4.8840e-01     0.1273      0.018    1482.01     55.939     5.3554 113.705627     3.7474    136.985  0.000e+00
    135.653     7.7450    33.5935    26.2065 4.3956e-01     0.1261      0.018    1482.01     55.944     5.3558 113.705628     3.7477    136.985  0.000e+00
    135.677     7.7447    33.5932    26.2062 4.1514e-01     0.1261      0.015    1482.01     55.948     5.3563 113.705628     3.7480    137.010  0.000e+00
    135.679     7.7445    33.5935    26.2065 4.0293e-01     0.1261      0.018    1482.01     55.946     5.3561 113.705629     3.7479    137.011  0.000e+00
    135.702     7.7447    33.5933    26.2063 3.9072e-01     0.1261      0.018    1482.01     55.943     5.3558 113.705629     3.7477    137.035  0.000e+00
    135.715     7.7443    33.5940    26.2070 3.9072e-01     0.1261      0.015    1482.01     55.940     5.3556 113.705630     3.7475    137.048  0.000e+00
    135.715     7.7444    33.5937    26.2067 3.9072e-01     0.1261      0.015    1482.01     55.945     5.3560 113.705630     3.7478    137.048  0.000e+00
    135.739     7.7446    33.5935    26.2065 3.6630e-01     0.1261      0.018    1482.01     55.951     5.3565 113.705631     3.7482    137.073  0.000e+00
    135.751     7.7449    33.5934    26.2063 3.6630e-01     0.1261      0.018    1482.01     55.956     5.3571 113.705631     3.7486    137.084  0.000e+00
    135.751     7.7449    33.5938    26.2067 3.9072e-01     0.1249      0.018    1482.01     55.962     5.3576 113.705632     3.7489    137.084  0.000e+00
    135.775     7.7447    33.5934    26.2064 3.7851e-01     0.1261      0.018    1482.01     55.961     5.3575 113.705632     3.7489    137.109  0.000e+00
    135.787     7.7449    33.5934    26.2064 3.6630e-01     0.1261      0.018    1482.01     55.967     5.3581 113.705633     3.7493    137.121  0.000e+00
    135.762     7.7449    33.5932    26.2062 3.4188e-01     0.1261      0.018    1482.01     55.974     5.3587 113.705633     3.7497    137.096  0.000e+00
    135.825     7.7447    33.5936    26.2065 3.2967e-01     0.1261      0.018    1482.01     55.973     5.3587 113.705634     3.7497    137.159  0.000e+00
    135.825     7.7445    33.5933    26.2063 3.1746e-01     0.1261      0.015    1482.01     55.980     5.3594 113.705634     3.7502    137.159  0.000e+00
    135.825     7.7446    33.5930    26.2061 3.1746e-01     0.1261      0.018    1482.01     55.980     5.3593 113.705635     3.7501    137.159  0.000e+00
    135.849     7.7445    33.5933    26.2064 3.1746e-01     0.1261      0.015    1482.01     55.917     5.3533 113.705635     3.7459    137.183  0.000e+00
    135.849     7.7447    33.5928    26.2059 3.2967e-01     0.1261      0.018    1482.01     55.971     5.3585 113.705636     3.7496    137.183  0.000e+00
    135.861     7.7444    33.5934    26.2065 3.2967e-01     0.1261      0.015    1482.01     55.908     5.3525 113.705636     3.7454    137.195  0.000e+00
    135.874     7.7445    33.5929    26.2060 3.4188e-01     0.1261      0.018    1482.01     55.964     5.3578 113.705637     3.7491    137.208  0.000e+00
    135.885     7.7445    33.5927    26.2059 3.4188e-01     0.1261      0.018    1482.01     55.972     5.3586 113.705637     3.7496    137.220  0.000e+00
    135.897     7.7443    33.5937    26.2067 3.2967e-01     0.1261      0.018    1482.01     55.972     5.3586 113.705638     3.7496    137.231  0.000e+00
    135.910     7.7445    33.5932    26.2063 3.2967e-01     0.1261      0.018    1482.01     55.972     5.3586 113.705638     3.7497    137.245  0.000e+00
    135.910     7.7444    33.5934    26.2064 3.5409e-01     0.1261      0.018    1482.01     55.973     5.3587 113.705639     3.7497    137.245  0.000e+00
    135.921     7.7445    33.5934    26.2064 3.9072e-01     0.1261      0.015    1482.01     55.973     5.3587 113.705639     3.7497    137.256  0.000e+00
    135.946     7.7445    33.5931    26.2062 3.9072e-01     0.1261      0.015    1482.01     55.974     5.3588 113.705639     3.7497    137.281  0.000e+00
    135.934     7.7444    33.5931    26.2062 3.5409e-01     0.1261      0.018    1482.01     55.974     5.3588 113.705640     3.7498    137.269  0.000e+00
    135.959     7.7445    33.5930    26.2061 3.2967e-01     0.1273      0.018    1482.01     55.912     5.3528 113.705640     3.7456    137.294  0.000e+00
    135.970     7.7442    33.5933    26.2064 3.1746e-01     0.1261      0.018    1482.01     55.968     5.3582 113.705641     3.7494    137.306  0.000e+00
    135.970     7.7446    33.5927    26.2059 3.2967e-01     0.1261      0.015    1482.01     55.968     5.3582 113.705641     3.7494    137.306  0.000e+00
