Gl2_230419_down.cnv
* Sea-Bird SBE 9 Data File:
* FileName = C:\CTD Brukere\NIVA\IO2019\20190423\Gl2_230419.hex
* Software Version Seasave V 7.23.2
* Temperature SN = 5352
* Conductivity SN = 3840
* Number of Bytes Per Scan = 28
* Number of Voltage Words = 4
* Number of Scans Averaged by the Deck Unit = 1
* NMEA baud rate = 4800
** Ship: R/V Trygve Braarud
** Cruise:
** Station:
** Operator:
# nquan = 14
# nvalues = 7244                                  
# units = specified
# name 0 = depSM: Depth [salt water, m], lat = 59.60
# name 1 = t090C: Temperature [ITS-90, deg C]
# name 2 = sal00: Salinity, Practical [PSU]
# name 3 = sigma-t00: Density [sigma-t, kg/m^3 ]
# name 4 = flSP: Fluorescence, Seapoint
# name 5 = wetStar: Fluorescence, WET Labs WETstar [mg/m^3]
# name 6 = seaTurbMtr: Turbidity, Seapoint [FTU]
# name 7 = svCM: Sound Velocity [Chen-Millero, m/s]
# name 8 = sbeox0PS: Oxygen, SBE 43 [% saturation]
# name 9 = sbeox0Mg/L: Oxygen, SBE 43 [mg/l]
# name 10 = timeJ: Julian Days
# name 11 = sbeox0ML/L: Oxygen, SBE 43 [ml/l]
# name 12 = prDM: Pressure, Digiquartz [db]
# name 13 = flag:  0.000e+00
# span 0 =      0.644,    136.227                 
# span 1 =     5.8331,     9.3185                 
# span 2 =    25.0904,    33.5947                 
# span 3 =    19.3336,    26.2072                 
# span 4 = 2.3199e-01, 1.8755e+01                 
# span 5 =     0.1249,     0.1273                 
# span 6 =      0.011,      0.018                 
# span 7 =    1468.04,    1482.02                 
# span 8 =     55.773,    107.021                 
# span 9 =     5.3395,    10.6949                 
# span 10 = 113.702257, 113.705750                
# span 11 =     3.7363,     7.4836                
# span 12 =      0.650,    137.565                
# span 13 = 0.0000e+00, 0.0000e+00                
# interval = seconds: 0.0416667
# start_time = Apr 23 2019 16:51:15 [System UpLoad Time]
# bad_flag = -9.990e-29
*END*
[from data line 6504]
    126.487     7.7442    33.5938    26.2068 4.6398e-01     0.1261      0.015    1481.86     55.997     5.3610 113.705394     3.7513    127.727  0.000e+00
    126.496     7.7442    33.5938    26.2068 4.7619e-01     0.1261      0.018    1481.86     56.000     5.3613 113.705394     3.7515    127.735  0.000e+00
    126.525     7.7443    33.5937    26.2067 4.5177e-01     0.1261      0.018    1481.86     55.939     5.3555 113.705394     3.7475    127.765  0.000e+00
    126.525     7.7441    33.5939    26.2069 4.2735e-01     0.1261      0.018    1481.86     55.989     5.3603 113.705395     3.7508    127.765  0.000e+00
    126.545     7.7443    33.5935    26.2065 5.4945e-01     0.1261      0.015    1481.86     55.992     5.3605 113.705395     3.7509    127.785  0.000e+00
    126.586     7.7444    33.5935    26.2065 6.1050e-01     0.1261      0.018    1481.86     55.986     5.3600 113.705396     3.7506    127.826  0.000e+00
    126.586     7.7442    33.5935    26.2066 5.3724e-01     0.1261      0.018    1481.86     55.925     5.3542 113.705396     3.7465    127.826  0.000e+00
    126.605     7.7443    33.5941    26.2070 4.8840e-01     0.1261      0.018    1481.86     55.975     5.3589 113.705397     3.7498    127.846  0.000e+00
    126.622     7.7444    33.5942    26.2071 5.1282e-01     0.1261      0.015    1481.86     55.969     5.3583 113.705397     3.7494    127.862  0.000e+00
    126.641     7.7447    33.5937    26.2066 5.2503e-01     0.1273      0.018    1481.86     55.971     5.3585 113.705398     3.7495    127.882  0.000e+00
    126.646     7.7444    33.5938    26.2068 4.8840e-01     0.1261      0.015    1481.86     55.910     5.3526 113.705398     3.7455    127.887  0.000e+00
    126.659     7.7445    33.5937    26.2067 4.2735e-01     0.1273      0.015    1481.86     55.897     5.3514 113.705399     3.7446    127.900  0.000e+00
    126.715     7.7447    33.5935    26.2065 3.7851e-01     0.1261      0.018    1481.86     55.891     5.3508 113.705399     3.7442    127.956  0.000e+00
    126.695     7.7447    33.5938    26.2067 3.7851e-01     0.1261      0.018    1481.86     55.886     5.3503 113.705400     3.7438    127.937  0.000e+00
    126.726     7.7447    33.5939    26.2068 3.7851e-01     0.1261      0.018    1481.86     55.881     5.3498 113.705400     3.7435    127.968  0.000e+00
    126.744     7.7447    33.5938    26.2067 3.6630e-01     0.1261      0.015    1481.86     55.877     5.3494 113.705401     3.7432    127.986  0.000e+00
    126.762     7.7445    33.5940    26.2069 3.4188e-01     0.1261      0.018    1481.86     55.872     5.3490 113.705401     3.7429    128.004  0.000e+00
    126.780     7.7449    33.5937    26.2066 3.9072e-01     0.1261      0.015    1481.86     55.868     5.3486 113.705402     3.7426    128.023  0.000e+00
    126.805     7.7446    33.5940    26.2068 6.1050e-01     0.1261      0.015    1481.86     55.857     5.3475 113.705402     3.7419    128.047  0.000e+00
    126.811     7.7447    33.5939    26.2068 6.5934e-01     0.1261      0.015    1481.86     55.853     5.3472 113.705403     3.7416    128.054  0.000e+00
    126.829     7.7445    33.5940    26.2069 6.1050e-01     0.1261      0.018    1481.86     55.850     5.3469 113.705403     3.7414    128.072  0.000e+00
    126.847     7.7447    33.5936    26.2065 6.3492e-01     0.1261      0.018    1481.86     55.847     5.3466 113.705404     3.7412    128.090  0.000e+00
    126.865     7.7445    33.5936    26.2066 5.9829e-01     0.1261      0.018    1481.86     55.844     5.3463 113.705404     3.7411    128.108  0.000e+00
    126.885     7.7446    33.5936    26.2066 5.3724e-01     0.1261      0.015    1481.86     55.842     5.3461 113.705405     3.7409    128.128  0.000e+00
    126.903     7.7444    33.5940    26.2069 4.8840e-01     0.1261      0.018    1481.86     55.840     5.3459 113.705405     3.7408    128.146  0.000e+00
    126.914     7.7447    33.5938    26.2067 4.2735e-01     0.1261      0.015    1481.87     55.838     5.3457 113.705406     3.7406    128.158  0.000e+00
    126.934     7.7446    33.5936    26.2066 4.7619e-01     0.1261      0.015    1481.87     55.837     5.3456 113.705406     3.7405    128.178  0.000e+00
    126.963     7.7445    33.5939    26.2068 1.0745e+00     0.1261      0.018    1481.87     55.836     5.3455 113.705407     3.7405    128.208  0.000e+00
    126.957     7.7445    33.5937    26.2067 1.3553e+00     0.1261      0.015    1481.87     55.835     5.3454 113.705407     3.7404    128.201  0.000e+00
    126.999     7.7446    33.5938    26.2067 1.1722e+00     0.1261      0.015    1481.87     55.834     5.3454 113.705408     3.7404    128.244  0.000e+00
    127.006     7.7444    33.5943    26.2072 9.1575e-01     0.1261      0.018    1481.87     55.834     5.3454 113.705408     3.7404    128.251  0.000e+00
    127.024     7.7446    33.5937    26.2066 7.4481e-01     0.1261      0.015    1481.87     55.834     5.3454 113.705408     3.7404    128.269  0.000e+00
    127.035     7.7444    33.5940    26.2069 6.1050e-01     0.1261      0.018    1481.87     55.835     5.3454 113.705409     3.7404    128.280  0.000e+00
    127.066     7.7447    33.5937    26.2067 5.8608e-01     0.1261      0.018    1481.87     55.773     5.3395 113.705409     3.7363    128.312  0.000e+00
    127.084     7.7446    33.5938    26.2067 7.6923e-01     0.1261      0.018    1481.87     55.829     5.3449 113.705410     3.7400    128.330  0.000e+00
    127.104     7.7444    33.5937    26.2067 1.0745e+00     0.1261      0.015    1481.87     55.831     5.3451 113.705410     3.7402    128.350  0.000e+00
    127.109     7.7447    33.5937    26.2066 1.1844e+00     0.1261      0.015    1481.87     55.833     5.3452 113.705411     3.7403    128.355  0.000e+00
    127.140     7.7443    33.5941    26.2070 1.3065e+00     0.1261      0.015    1481.87     55.835     5.3455 113.705411     3.7405    128.386  0.000e+00
    127.158     7.7445    33.5938    26.2068 1.4896e+00     0.1261      0.015    1481.87     55.838     5.3457 113.705412     3.7406    128.404  0.000e+00
    127.165     7.7446    33.5938    26.2067 1.3431e+00     0.1261      0.015    1481.87     55.778     5.3400 113.705412     3.7366    128.411  0.000e+00
    127.194     7.7444    33.5940    26.2069 1.0745e+00     0.1261      0.018    1481.87     55.837     5.3457 113.705413     3.7406    128.441  0.000e+00
    127.194     7.7445    33.5941    26.2070 8.3028e-01     0.1261      0.018    1481.87     55.841     5.3460 113.705413     3.7408    128.441  0.000e+00
    127.238     7.7444    33.5937    26.2067 6.8376e-01     0.1261      0.018    1481.87     55.845     5.3464 113.705414     3.7411    128.485  0.000e+00
    127.243     7.7444    33.5941    26.2070 5.6166e-01     0.1261      0.015    1481.87     55.850     5.3469 113.705414     3.7414    128.490  0.000e+00
    127.274     7.7445    33.5936    26.2066 4.8840e-01     0.1261      0.018    1481.87     55.854     5.3473 113.705415     3.7417    128.521  0.000e+00
    127.279     7.7444    33.5938    26.2068 5.3724e-01     0.1261      0.018    1481.87     55.789     5.3411 113.705415     3.7374    128.526  0.000e+00
    127.310     7.7444    33.5939    26.2068 6.1050e-01     0.1261      0.018    1481.87     55.787     5.3409 113.705416     3.7372    128.558  0.000e+00
    127.317     7.7446    33.5940    26.2069 6.3492e-01     0.1261      0.015    1481.87     55.848     5.3467 113.705416     3.7413    128.564  0.000e+00
    127.348     7.7445    33.5941    26.2069 7.3260e-01     0.1261      0.018    1481.87     55.792     5.3413 113.705417     3.7376    128.596  0.000e+00
    127.364     7.7445    33.5939    26.2068 8.3028e-01     0.1261      0.018    1481.87     55.854     5.3473 113.705417     3.7417    128.612  0.000e+00
    127.384     7.7446    33.5937    26.2066 7.6923e-01     0.1261      0.018    1481.87     55.799     5.3420 113.705418     3.7380    128.632  0.000e+00
    127.413     7.7445    33.5935    26.2065 7.8144e-01     0.1261      0.018    1481.87     55.792     5.3413 113.705418     3.7375    128.662  0.000e+00
    127.420     7.7447    33.5938    26.2067 1.3187e+00     0.1261      0.015    1481.87     55.792     5.3413 113.705419     3.7376    128.669  0.000e+00
    127.438     7.7446    33.5937    26.2067 1.3553e+00     0.1261      0.015    1481.87     55.794     5.3415 113.705419     3.7377    128.687  0.000e+00
    127.469     7.7445    33.5937    26.2066 1.0745e+00     0.1261      0.015    1481.87     55.796     5.3417 113.705420     3.7378    128.718  0.000e+00
    127.487     7.7446    33.5936    26.2066 8.0586e-01     0.1261      0.015    1481.87     55.853     5.3472 113.705420     3.7417    128.736  0.000e+00
    127.493     7.7444    33.5938    26.2068 6.2271e-01     0.1261      0.015    1481.87     55.801     5.3422 113.705421     3.7381    128.743  0.000e+00
    127.536     7.7445    33.5937    26.2066 5.1282e-01     0.1261      0.018    1481.87     55.804     5.3425 113.705421     3.7384    128.786  0.000e+00
    127.542     7.7444    33.5936    26.2065 4.6398e-01     0.1261      0.018    1481.87     55.871     5.3489 113.705421     3.7428    128.792  0.000e+00
    127.572     7.7442    33.5939    26.2068 4.2735e-01     0.1261      0.015    1481.87     55.875     5.3493 113.705422     3.7431    128.822  0.000e+00
    127.578     7.7444    33.5931    26.2062 3.9072e-01     0.1261      0.018    1481.87     55.878     5.3496 113.705422     3.7434    128.829  0.000e+00
    127.621     7.7441    33.5933    26.2064 3.5409e-01     0.1261      0.018    1481.87     55.820     5.3441 113.705423     3.7395    128.872  0.000e+00
    127.639     7.7439    33.5933    26.2064 3.4188e-01     0.1261      0.018    1481.87     55.816     5.3438 113.705423     3.7393    128.890  0.000e+00
    127.645     7.7438    33.5929    26.2061 3.2967e-01     0.1261      0.015    1481.87     55.876     5.3495 113.705424     3.7433    128.897  0.000e+00
    127.663     7.7433    33.5928    26.2061 3.1746e-01     0.1261      0.015    1481.87     55.818     5.3440 113.705424     3.7394    128.915  0.000e+00
    127.693     7.7433    33.5928    26.2061 3.4188e-01     0.1273      0.015    1481.87     55.878     5.3498 113.705425     3.7434    128.944  0.000e+00
    127.713     7.7431    33.5929    26.2062 5.3724e-01     0.1261      0.018    1481.87     55.883     5.3502 113.705425     3.7438    128.964  0.000e+00
    127.730     7.7431    33.5927    26.2060 7.0818e-01     0.1261      0.015    1481.87     55.825     5.3447 113.705426     3.7399    128.982  0.000e+00
    127.760     7.7431    33.5930    26.2063 7.4481e-01     0.1261      0.015    1481.87     55.823     5.3445 113.705426     3.7398    129.012  0.000e+00
    127.780     7.7431    33.5930    26.2063 6.4713e-01     0.1261      0.015    1481.87     55.883     5.3503 113.705427     3.7438    129.032  0.000e+00
    127.798     7.7429    33.5930    26.2064 5.3724e-01     0.1261      0.018    1481.87     55.826     5.3448 113.705427     3.7400    129.050  0.000e+00
    127.827     7.7431    33.5929    26.2062 4.5177e-01     0.1261      0.018    1481.87     55.887     5.3506 113.705428     3.7441    129.080  0.000e+00
    127.847     7.7429    33.5926    26.2060 4.2735e-01     0.1261      0.018    1481.87     55.830     5.3452 113.705428     3.7403    129.100  0.000e+00
    127.865     7.7428    33.5923    26.2058 3.9072e-01     0.1261      0.018    1481.87     55.891     5.3511 113.705429     3.7444    129.118  0.000e+00
    127.883     7.7425    33.5930    26.2064 3.5409e-01     0.1261      0.018    1481.87     55.898     5.3517 113.705429     3.7448    129.136  0.000e+00
    127.914     7.7428    33.5933    26.2066 3.4188e-01     0.1261      0.018    1481.87     55.841     5.3463 113.705430     3.7410    129.167  0.000e+00
    127.919     7.7431    33.5932    26.2064 3.4188e-01     0.1273      0.018    1481.88     55.902     5.3521 113.705430     3.7451    129.172  0.000e+00
    127.950     7.7433    33.5935    26.2067 4.5177e-01     0.1261      0.018    1481.88     55.909     5.3527 113.705431     3.7455    129.204  0.000e+00
    127.979     7.7434    33.5935    26.2067 4.8840e-01     0.1261      0.018    1481.88     55.915     5.3533 113.705431     3.7459    129.234  0.000e+00
    127.986     7.7434    33.5938    26.2069 4.2735e-01     0.1261      0.015    1481.88     55.922     5.3539 113.705432     3.7463    129.240  0.000e+00
    128.017     7.7437    33.5933    26.2065 3.7851e-01     0.1261      0.018    1481.88     55.866     5.3485 113.705432     3.7426    129.272  0.000e+00
    128.041     7.7436    33.5936    26.2067 3.9072e-01     0.1273      0.018    1481.88     55.865     5.3484 113.705433     3.7425    129.296  0.000e+00
    128.046     7.7438    33.5930    26.2062 7.3260e-01     0.1261      0.015    1481.88     55.919     5.3536 113.705433     3.7461    129.301  0.000e+00
    128.077     7.7439    33.5931    26.2063 9.8901e-01     0.1261      0.015    1481.88     55.926     5.3542 113.705434     3.7466    129.333  0.000e+00
    128.108     7.7439    33.5936    26.2066 8.7912e-01     0.1261      0.015    1481.88     55.933     5.3549 113.705434     3.7470    129.364  0.000e+00
    128.113     7.7439    33.5937    26.2067 7.2039e-01     0.1261      0.018    1481.88     55.939     5.3555 113.705435     3.7475    129.369  0.000e+00
    128.144     7.7439    33.5936    26.2067 6.5934e-01     0.1261      0.018    1481.88     55.946     5.3562 113.705435     3.7479    129.400  0.000e+00
    128.162     7.7439    33.5934    26.2065 6.7155e-01     0.1261      0.015    1481.88     55.890     5.3508 113.705435     3.7442    129.419  0.000e+00
    128.180     7.7439    33.5930    26.2062 6.3492e-01     0.1261      0.015    1481.88     55.944     5.3560 113.705436     3.7478    129.437  0.000e+00
    128.198     7.7439    33.5929    26.2061 5.8608e-01     0.1261      0.018    1481.88     55.951     5.3567 113.705436     3.7483    129.455  0.000e+00
    128.229     7.7438    33.5931    26.2063 6.3492e-01     0.1261      0.018    1481.88     55.958     5.3573 113.705437     3.7487    129.486  0.000e+00
    128.247     7.7436    33.5931    26.2063 7.5702e-01     0.1261      0.015    1481.88     55.902     5.3520 113.705437     3.7450    129.505  0.000e+00
    128.272     7.7434    33.5930    26.2062 7.0818e-01     0.1261      0.018    1481.88     55.964     5.3580 113.705438     3.7492    129.529  0.000e+00
    128.278     7.7434    33.5928    26.2061 6.2271e-01     0.1261      0.018    1481.88     55.971     5.3587 113.705438     3.7497    129.536  0.000e+00
    128.308     7.7434    33.5932    26.2064 5.8608e-01     0.1273      0.018    1481.88     55.970     5.3586 113.705439     3.7496    129.566  0.000e+00
    128.328     7.7436    33.5932    26.2064 6.2271e-01     0.1261      0.015    1481.88     55.969     5.3584 113.705439     3.7495    129.585  0.000e+00
    128.346     7.7436    33.5935    26.2066 5.9829e-01     0.1261      0.018    1481.88     55.976     5.3590 113.705440     3.7499    129.604  0.000e+00
    128.363     7.7436    33.5927    26.2060 5.7387e-01     0.1273      0.018    1481.88     55.974     5.3589 113.705440     3.7499    129.622  0.000e+00
    128.381     7.7436    33.5930    26.2062 5.4945e-01     0.1261      0.018    1481.88     55.980     5.3595 113.705441     3.7503    129.640  0.000e+00
    128.406     7.7436    33.5934    26.2066 4.8840e-01     0.1261      0.018    1481.89     55.979     5.3593 113.705441     3.7501    129.665  0.000e+00
    128.413     7.7438    33.5936    26.2067 4.2735e-01     0.1261      0.018    1481.89     55.976     5.3591 113.705442     3.7500    129.671  0.000e+00
    128.442     7.7436    33.5933    26.2065 4.5177e-01     0.1261      0.015    1481.89     55.974     5.3589 113.705442     3.7499    129.701  0.000e+00
