Gl2_230419_down.cnv
* Sea-Bird SBE 9 Data File:
* FileName = C:\CTD Brukere\NIVA\IO2019\20190423\Gl2_230419.hex
* Software Version Seasave V 7.23.2
* Temperature SN = 5352
* Conductivity SN = 3840
* Number of Bytes Per Scan = 28
* Number of Voltage Words = 4
* Number of Scans Averaged by the Deck Unit = 1
* NMEA baud rate = 4800
** Ship: R/V Trygve Braarud
** Cruise:
** Station:
** Operator:
# nquan = 14
# nvalues = 7244                                  
# units = specified
# name 0 = depSM: Depth [salt water, m], lat = 59.60
# name 1 = t090C: Temperature [ITS-90, deg C]
# name 2 = sal00: Salinity, Practical [PSU]
# name 3 = sigma-t00: Density [sigma-t, kg/m^3 ]
# name 4 = flSP: Fluorescence, Seapoint
# name 5 = wetStar: Fluorescence, WET Labs WETstar [mg/m^3]
# name 6 = seaTurbMtr: Turbidity, Seapoint [FTU]
# name 7 = svCM: Sound Velocity [Chen-Millero, m/s]
# name 8 = sbeox0PS: Oxygen, SBE 43 [% saturation]
# name 9 = sbeox0Mg/L: Oxygen, SBE 43 [mg/l]
# name 10 = timeJ: Julian Days
# name 11 = sbeox0ML/L: Oxygen, SBE 43 [ml/l]
# name 12 = prDM: Pressure, Digiquartz [db]
# name 13 = flag:  0.000e+00
# span 0 =      0.644,    136.227                 
# span 1 =     5.8331,     9.3185                 
# span 2 =    25.0904,    33.5947                 
# span 3 =    19.3336,    26.2072                 
# span 4 = 2.3199e-01, 1.8755e+01                 
# span 5 =     0.1249,     0.1273                 
# span 6 =      0.011,      0.018                 
# span 7 =    1468.04,    1482.02                 
# span 8 =     55.773,    107.021                 
# span 9 =     5.3395,    10.6949                 
# span 10 = 113.702257, 113.705750                
# span 11 =     3.7363,     7.4836                
# span 12 =      0.650,    137.565                
# span 13 = 0.0000e+00, 0.0000e+00                
# interval = seconds: 0.0416667
# start_time = Apr 23 2019 16:51:15 [System UpLoad Time]
# bad_flag = -9.990e-29
*END*
[from data line 2581]
     48.033     6.8383    33.0135    25.8757 4.8840e-01     0.1261      0.018    1476.34     62.104     6.0932 113.703502     4.2637     48.495  0.000e+00
     48.072     6.8413    33.0152    25.8767 4.8840e-01     0.1261      0.018    1476.35     62.103     6.0926 113.703502     4.2633     48.534  0.000e+00
     48.058     6.8451    33.0170    25.8776 5.0061e-01     0.1261      0.018    1476.37     62.101     6.0918 113.703503     4.2627     48.519  0.000e+00
     48.097     6.8477    33.0201    25.8797 4.8840e-01     0.1261      0.018    1476.38     62.098     6.0910 113.703503     4.2621     48.559  0.000e+00
     48.097     6.8501    33.0207    25.8799 4.5177e-01     0.1261      0.015    1476.39     62.101     6.0910 113.703504     4.2621     48.559  0.000e+00
     48.129     6.8519    33.0190    25.8783 5.7387e-01     0.1249      0.015    1476.40     62.104     6.0911 113.703504     4.2622     48.591  0.000e+00
     48.144     6.8522    33.0180    25.8774 1.0501e+00     0.1261      0.015    1476.40     62.105     6.0912 113.703505     4.2623     48.606  0.000e+00
     48.154     6.8532    33.0170    25.8765 1.0379e+00     0.1273      0.015    1476.40     62.106     6.0912 113.703505     4.2622     48.616  0.000e+00
     48.193     6.8544    33.0162    25.8757 8.4249e-01     0.1261      0.015    1476.41     62.106     6.0910 113.703505     4.2621     48.655  0.000e+00
     48.178     6.8562    33.0155    25.8749 6.8376e-01     0.1261      0.015    1476.41     62.104     6.0907 113.703506     4.2619     48.641  0.000e+00
     48.204     6.8586    33.0161    25.8751 6.1050e-01     0.1261      0.018    1476.42     62.102     6.0901 113.703506     4.2615     48.667  0.000e+00
     48.241     6.8624    33.0149    25.8737 6.7155e-01     0.1261      0.018    1476.44     62.099     6.0893 113.703507     4.2609     48.705  0.000e+00
     48.249     6.8636    33.0149    25.8735 6.5934e-01     0.1261      0.015    1476.44     62.095     6.0887 113.703507     4.2605     48.713  0.000e+00
     48.264     6.8630    33.0168    25.8751 5.9829e-01     0.1261      0.015    1476.44     62.090     6.0882 113.703508     4.2602     48.728  0.000e+00
     48.274     6.8619    33.0187    25.8767 5.1282e-01     0.1261      0.015    1476.44     62.084     6.0877 113.703508     4.2598     48.737  0.000e+00
     48.301     6.8630    33.0195    25.8772 4.6398e-01     0.1261      0.018    1476.44     62.085     6.0876 113.703509     4.2598     48.765  0.000e+00
     48.322     6.8635    33.0206    25.8780 4.6398e-01     0.1261      0.018    1476.45     62.085     6.0876 113.703509     4.2597     48.787  0.000e+00
     48.337     6.8617    33.0232    25.8803 4.5177e-01     0.1249      0.015    1476.45     62.085     6.0877 113.703510     4.2598     48.801  0.000e+00
     48.361     6.8628    33.0235    25.8804 4.7619e-01     0.1261      0.015    1476.45     62.147     6.0936 113.703510     4.2639     48.826  0.000e+00
     48.370     6.8654    33.0217    25.8786 7.9365e-01     0.1273      0.015    1476.46     62.090     6.0877 113.703511     4.2598     48.834  0.000e+00
     48.397     6.8665    33.0204    25.8775 1.3309e+00     0.1261      0.015    1476.46     62.087     6.0874 113.703511     4.2596     48.862  0.000e+00
     48.407     6.8668    33.0198    25.8769 1.4408e+00     0.1261      0.018    1476.46     62.147     6.0931 113.703512     4.2636     48.872  0.000e+00
     48.422     6.8678    33.0203    25.8772 1.1233e+00     0.1261      0.015    1476.47     62.088     6.0872 113.703512     4.2595     48.887  0.000e+00
     48.457     6.8710    33.0192    25.8759 1.0256e+00     0.1261      0.015    1476.48     62.083     6.0864 113.703513     4.2589     48.923  0.000e+00
     48.454     6.8738    33.0203    25.8764 1.1722e+00     0.1261      0.015    1476.49     62.077     6.0854 113.703513     4.2582     48.920  0.000e+00
     48.493     6.8731    33.0273    25.8820 1.0256e+00     0.1261      0.015    1476.50     62.134     6.0907 113.703514     4.2619     48.959  0.000e+00
     48.514     6.8775    33.0310    25.8844 8.5470e-01     0.1261      0.015    1476.52     62.072     6.0839 113.703514     4.2572     48.980  0.000e+00
     48.517     6.8856    33.0298    25.8823 7.4481e-01     0.1261      0.015    1476.55     62.064     6.0820 113.703515     4.2558     48.984  0.000e+00
     48.542     6.8885    33.0295    25.8817 6.5934e-01     0.1261      0.015    1476.56     62.055     6.0808 113.703515     4.2550     49.008  0.000e+00
     48.563     6.8875    33.0306    25.8827 6.4713e-01     0.1261      0.015    1476.56     62.047     6.0800 113.703516     4.2544     49.029  0.000e+00
     48.589     6.8856    33.0331    25.8849 5.8608e-01     0.1261      0.015    1476.55     62.038     6.0793 113.703516     4.2539     49.056  0.000e+00
     48.599     6.8875    33.0337    25.8851 6.3492e-01     0.1261      0.015    1476.56     62.027     6.0780 113.703517     4.2530     49.066  0.000e+00
     48.625     6.8897    33.0353    25.8861 7.2039e-01     0.1261      0.015    1476.57     62.017     6.0766 113.703517     4.2520     49.092  0.000e+00
     48.638     6.8918    33.0378    25.8878 6.5934e-01     0.1261      0.015    1476.59     62.005     6.0751 113.703518     4.2510     49.105  0.000e+00
     48.672     6.8968    33.0367    25.8862 5.7387e-01     0.1261      0.015    1476.60     62.001     6.0740 113.703518     4.2502     49.139  0.000e+00
     48.685     6.8986    33.0359    25.8854 5.3724e-01     0.1261      0.018    1476.61     61.988     6.0725 113.703519     4.2492     49.152  0.000e+00
     48.672     6.8983    33.0364    25.8858 5.1282e-01     0.1261      0.018    1476.61     61.975     6.0713 113.703519     4.2483     49.139  0.000e+00
     48.745     6.8969    33.0377    25.8870 4.8840e-01     0.1261      0.015    1476.61     61.908     6.0648 113.703519     4.2438     49.213  0.000e+00
     48.745     6.8952    33.0388    25.8881 5.4945e-01     0.1261      0.018    1476.60     61.957     6.0698 113.703520     4.2473     49.213  0.000e+00
     48.768     6.8950    33.0386    25.8880 5.7387e-01     0.1261      0.018    1476.60     61.951     6.0693 113.703520     4.2469     49.236  0.000e+00
     48.794     6.8941    33.0392    25.8886 5.3724e-01     0.1261      0.018    1476.60     61.883     6.0627 113.703521     4.2423     49.262  0.000e+00
     48.805     6.8922    33.0401    25.8895 5.0061e-01     0.1261      0.018    1476.59     61.932     6.0677 113.703521     4.2458     49.274  0.000e+00
     48.828     6.8917    33.0419    25.8910 5.3724e-01     0.1261      0.018    1476.59     61.925     6.0671 113.703522     4.2454     49.297  0.000e+00
     48.842     6.8941    33.0439    25.8922 6.3492e-01     0.1261      0.015    1476.61     61.926     6.0667 113.703522     4.2451     49.312  0.000e+00
     48.865     6.8977    33.0446    25.8923 7.0818e-01     0.1261      0.015    1476.62     61.857     6.0594 113.703523     4.2400     49.335  0.000e+00
     48.888     6.9004    33.0467    25.8937 8.5470e-01     0.1261      0.015    1476.63     61.842     6.0575 113.703523     4.2387     49.358  0.000e+00
     48.903     6.9030    33.0487    25.8949 1.3309e+00     0.1261      0.015    1476.65     61.889     6.0617 113.703524     4.2416     49.372  0.000e+00
     48.924     6.9097    33.0484    25.8938 1.2454e+00     0.1261      0.015    1476.67     61.882     6.0600 113.703524     4.2405     49.394  0.000e+00
     48.963     6.9162    33.0475    25.8922 1.0256e+00     0.1261      0.015    1476.70     61.882     6.0592 113.703525     4.2399     49.433  0.000e+00
     48.974     6.9198    33.0488    25.8927 8.4249e-01     0.1261      0.015    1476.71     61.820     6.0525 113.703525     4.2352     49.445  0.000e+00
     48.984     6.9211    33.0502    25.8936 7.0818e-01     0.1261      0.015    1476.72     61.875     6.0577 113.703526     4.2388     49.454  0.000e+00
     49.010     6.9189    33.0536    25.8966 6.8376e-01     0.1261      0.018    1476.72     61.876     6.0580 113.703526     4.2390     49.481  0.000e+00
     49.046     6.9198    33.0511    25.8945 6.8376e-01     0.1273      0.018    1476.72     61.815     6.0520 113.703527     4.2348     49.517  0.000e+00
     49.055     6.9205    33.0472    25.8913 6.9597e-01     0.1261      0.015    1476.72     61.870     6.0575 113.703527     4.2386     49.527  0.000e+00
     49.083     6.9178    33.0466    25.8913 6.5934e-01     0.1273      0.015    1476.71     61.809     6.0519 113.703528     4.2348     49.554  0.000e+00
     49.119     6.9141    33.0454    25.8907 6.8376e-01     0.1261      0.015    1476.69     61.804     6.0519 113.703528     4.2348     49.591  0.000e+00
     49.115     6.9112    33.0448    25.8907 7.5702e-01     0.1261      0.018    1476.68     61.798     6.0518 113.703529     4.2347     49.587  0.000e+00
     49.154     6.9108    33.0420    25.8886 7.0818e-01     0.1261      0.018    1476.67     61.792     6.0514 113.703529     4.2344     49.627  0.000e+00
     49.179     6.9082    33.0419    25.8888 6.2271e-01     0.1261      0.015    1476.66     61.787     6.0513 113.703530     4.2343     49.651  0.000e+00
     49.176     6.9060    33.0447    25.8913 5.7387e-01     0.1273      0.018    1476.66     61.720     6.0449 113.703530     4.2299     49.648  0.000e+00
     49.215     6.9071    33.0468    25.8928 5.4945e-01     0.1261      0.018    1476.67     61.771     6.0496 113.703531     4.2332     49.687  0.000e+00
     49.239     6.9101    33.0500    25.8950 5.0061e-01     0.1261      0.018    1476.68     61.767     6.0486 113.703531     4.2325     49.712  0.000e+00
     49.260     6.9125    33.0502    25.8948 4.6398e-01     0.1261      0.015    1476.69     61.701     6.0418 113.703532     4.2277     49.733  0.000e+00
     49.275     6.9128    33.0512    25.8955 2.8571e+00     0.1249      0.015    1476.70     61.690     6.0407 113.703532     4.2269     49.748  0.000e+00
     49.310     6.9114    33.0536    25.8976 5.2869e+00     0.1261      0.011    1476.69     61.680     6.0399 113.703533     4.2263     49.784  0.000e+00
     49.320     6.9106    33.0481    25.8934 5.1160e+00     0.1261      0.011    1476.68     61.671     6.0393 113.703533     4.2259     49.794  0.000e+00
     49.359     6.9084    33.0408    25.8879 5.3236e+00     0.1261      0.015    1476.67     61.662     6.0390 113.703533     4.2258     49.833  0.000e+00
     49.371     6.9038    33.0403    25.8881 4.1514e+00     0.1261      0.015    1476.65     61.662     6.0397 113.703534     4.2262     49.845  0.000e+00
     49.380     6.8998    33.0458    25.8930 2.7839e+00     0.1261      0.015    1476.64     61.656     6.0394 113.703534     4.2260     49.855  0.000e+00
     49.419     6.8991    33.0545    25.8999 1.9048e+00     0.1261      0.015    1476.65     61.649     6.0385 113.703535     4.2254     49.894  0.000e+00
     49.444     6.9047    33.0576    25.9017 1.3797e+00     0.1273      0.015    1476.67     61.651     6.0378 113.703535     4.2249     49.919  0.000e+00
     49.455     6.9093    33.0577    25.9011 1.0501e+00     0.1261      0.018    1476.69     61.646     6.0366 113.703536     4.2241     49.930  0.000e+00
     49.489     6.9127    33.0587    25.9015 8.0586e-01     0.1261      0.018    1476.71     61.641     6.0357 113.703536     4.2234     49.965  0.000e+00
     49.491     6.9154    33.0611    25.9030 6.3492e-01     0.1261      0.015    1476.72     61.637     6.0348 113.703537     4.2228     49.966  0.000e+00
     49.527     6.9192    33.0646    25.9052 5.3724e-01     0.1261      0.015    1476.74     61.642     6.0346 113.703537     4.2226     50.002  0.000e+00
     49.549     6.9236    33.0681    25.9074 4.6398e-01     0.1261      0.018    1476.76     61.639     6.0336 113.703538     4.2220     50.025  0.000e+00
     49.575     6.9251    33.0734    25.9113 4.5177e-01     0.1261      0.018    1476.78     61.576     6.0270 113.703538     4.2173     50.052  0.000e+00
     49.600     6.9268    33.0766    25.9136 4.2735e-01     0.1273      0.018    1476.79     61.568     6.0258 113.703539     4.2165     50.076  0.000e+00
     49.600     6.9284    33.0744    25.9117 4.3956e-01     0.1261      0.018    1476.79     61.560     6.0249 113.703539     4.2159     50.076  0.000e+00
     49.634     6.9256    33.0705    25.9090 4.6398e-01     0.1261      0.015    1476.77     61.554     6.0249 113.703540     4.2159     50.111  0.000e+00
     49.671     6.9233    33.0651    25.9051 4.3956e-01     0.1261      0.015    1476.76     61.549     6.0249 113.703540     4.2159     50.148  0.000e+00
     49.671     6.9236    33.0604    25.9013 4.2735e-01     0.1261      0.018    1476.76     61.545     6.0247 113.703541     4.2157     50.148  0.000e+00
     49.694     6.9245    33.0565    25.8982 4.1514e-01     0.1261      0.018    1476.75     61.479     6.0183 113.703541     4.2112     50.171  0.000e+00
     49.731     6.9233    33.0536    25.8960 4.1514e-01     0.1261      0.015    1476.75     61.470     6.0176 113.703542     4.2108     50.209  0.000e+00
     49.744     6.9213    33.0506    25.8939 3.9072e-01     0.1261      0.015    1476.73     61.462     6.0172 113.703542     4.2105     50.222  0.000e+00
     49.767     6.9192    33.0484    25.8924 3.9072e-01     0.1261      0.018    1476.72     61.393     6.0108 113.703543     4.2060     50.245  0.000e+00
     49.778     6.9171    33.0485    25.8928 4.0293e-01     0.1261      0.015    1476.72     61.434     6.0151 113.703543     4.2090     50.257  0.000e+00
     49.816     6.9162    33.0485    25.8930 3.9072e-01     0.1261      0.018    1476.71     61.429     6.0148 113.703544     4.2088     50.294  0.000e+00
     49.827     6.9146    33.0481    25.8928 4.3956e-01     0.1261      0.018    1476.71     61.426     6.0147 113.703544     4.2088     50.306  0.000e+00
     49.826     6.9133    33.0478    25.8928 5.0061e-01     0.1261      0.018    1476.70     61.416     6.0139 113.703545     4.2082     50.304  0.000e+00
     49.876     6.9111    33.0483    25.8935 6.1050e-01     0.1261      0.018    1476.69     61.353     6.0081 113.703545     4.2041     50.355  0.000e+00
     49.887     6.9106    33.0484    25.8936 5.6166e-01     0.1261      0.015    1476.69     61.408     6.0135 113.703546     4.2079     50.367  0.000e+00
     49.900     6.9124    33.0507    25.8952 5.2503e-01     0.1261      0.018    1476.70     61.347     6.0073 113.703546     4.2035     50.380  0.000e+00
     49.923     6.9141    33.0548    25.8982 9.8901e-01     0.1261      0.018    1476.72     61.273     5.9996 113.703546     4.1981     50.403  0.000e+00
     49.960     6.9154    33.0579    25.9004 1.2576e+00     0.1261      0.015    1476.72     61.317     6.0036 113.703547     4.2009     50.440  0.000e+00
     49.960     6.9173    33.0587    25.9008 1.3553e+00     0.1261      0.015    1476.73     61.377     6.0092 113.703547     4.2049     50.440  0.000e+00
     49.996     6.9186    33.0603    25.9019 1.1355e+00     0.1261      0.015    1476.74     61.385     6.0097 113.703548     4.2052     50.477  0.000e+00
     49.995     6.9225    33.0622    25.9029 8.6691e-01     0.1273      0.018    1476.76     61.207     5.9916 113.703548     4.1926     50.475  0.000e+00
     50.021     6.9268    33.0625    25.9025 7.0818e-01     0.1261      0.018    1476.78     61.249     5.9951 113.703549     4.1950     50.501  0.000e+00
     50.032     6.9297    33.0598    25.9001 6.4713e-01     0.1261      0.015    1476.78     61.246     5.9945 113.703549     4.1946     50.513  0.000e+00
     50.068     6.9291    33.0534    25.8951 8.0586e-01     0.1261      0.015    1476.77     61.307     6.0009 113.703550     4.1991     50.549  0.000e+00
     50.066     6.9232    33.0476    25.8913 8.0586e-01     0.1261      0.018    1476.74     61.308     6.0020 113.703550     4.1999     50.547  0.000e+00
