Gp1_230419_down.cnv
* Sea-Bird SBE 9 Data File:
* FileName = C:\CTD Brukere\NIVA\IO2019\20190423\Gp1_230419.hex
* Software Version Seasave V 7.23.2
* Temperature SN = 5352
* Conductivity SN = 3840
* Number of Bytes Per Scan = 28
* Number of Voltage Words = 4
* Number of Scans Averaged by the Deck Unit = 1
* NMEA baud rate = 4800
** Ship: R/V Trygve Braarud
** Cruise:
** Station:
** Operator:
# nquan = 14
# nvalues = 1093                                  
# units = specified
# name 0 = depSM: Depth [salt water, m], lat = 59.60
# name 1 = t090C: Temperature [ITS-90, deg C]
# name 2 = sal00: Salinity, Practical [PSU]
# name 3 = sigma-t00: Density [sigma-t, kg/m^3 ]
# name 4 = flSP: Fluorescence, Seapoint
# name 5 = wetStar: Fluorescence, WET Labs WETstar [mg/m^3]
# name 6 = seaTurbMtr: Turbidity, Seapoint [FTU]
# name 7 = svCM: Sound Velocity [Chen-Millero, m/s]
# name 8 = sbeox0PS: Oxygen, SBE 43 [% saturation]
# name 9 = sbeox0Mg/L: Oxygen, SBE 43 [mg/l]
# name 10 = timeJ: Julian Days
# name 11 = sbeox0ML/L: Oxygen, SBE 43 [ml/l]
# name 12 = prDM: Pressure, Digiquartz [db]
# name 13 = flag:  0.000e+00
# span 0 =      0.639,     14.065                 
# span 1 =     4.9799,     8.8539                 
# span 2 =    26.8167,    30.6697                 
# span 3 =    20.7422,    24.1829                 
# span 4 = 7.5702e-01, 1.5800e+01                 
# span 5 =     0.1237,     0.1261                 
# span 6 =      0.007,      0.018                 
# span 7 =    1463.40,    1475.72                 
# span 8 =     68.046,    121.546                 
# span 9 =     7.0960,    12.4161                 
# span 10 = 113.532025, 113.532552                
# span 11 =     4.9653,     8.6881                
# span 12 =      0.645,     14.199                
# span 13 = 0.0000e+00, 0.0000e+00                
# interval = seconds: 0.0416667
# start_time = Apr 23 2019 12:46:07 [System UpLoad Time]
# bad_flag = -9.990e-29
*END*
[from data line 207]
      1.140     8.7967    26.8423    20.7673 3.0037e+00     0.1249      0.011    1475.45    104.346    10.1925 113.532125     7.1321      1.151  0.000e+00
      1.165     8.7792    26.8550    20.7798 3.0159e+00     0.1249      0.011    1475.40    104.344    10.1955 113.532126     7.1342      1.176  0.000e+00
      1.176     8.7650    26.8638    20.7886 3.0281e+00     0.1249      0.011    1475.36    104.328    10.1967 113.532126     7.1350      1.187  0.000e+00
      1.200     8.7543    26.8710    20.7957 3.0037e+00     0.1249      0.015    1475.33    104.373    10.2030 113.532127     7.1395      1.212  0.000e+00
      1.213     8.7480    26.8740    20.7990 2.9915e+00     0.1237      0.011    1475.31    104.417    10.2086 113.532127     7.1434      1.225  0.000e+00
      1.247     8.7447    26.8747    20.8000 2.9304e+00     0.1249      0.011    1475.29    104.461    10.2136 113.532128     7.1469      1.259  0.000e+00
      1.260     8.7428    26.8758    20.8011 2.8449e+00     0.1249      0.011    1475.29    104.445    10.2124 113.532128     7.1460      1.272  0.000e+00
      1.296     8.7405    26.8758    20.8014 2.8327e+00     0.1237      0.007    1475.28    104.484    10.2167 113.532129     7.1491      1.308  0.000e+00
      1.284     8.7382    26.8759    20.8018 2.8694e+00     0.1249      0.015    1475.27    104.523    10.2210 113.532129     7.1521      1.297  0.000e+00
      1.331     8.7355    26.8763    20.8025 2.9792e+00     0.1249      0.011    1475.26    104.563    10.2256 113.532130     7.1553      1.344  0.000e+00
      1.344     8.7297    26.8788    20.8053 3.0525e+00     0.1249      0.011    1475.24    104.598    10.2302 113.532130     7.1585      1.357  0.000e+00
      1.356     8.7260    26.8812    20.8076 3.0403e+00     0.1249      0.011    1475.23    104.579    10.2290 113.532131     7.1577      1.368  0.000e+00
      1.356     8.7232    26.8811    20.8080 2.9792e+00     0.1249      0.011    1475.22    104.614    10.2332 113.532131     7.1606      1.368  0.000e+00
      1.415     8.7211    26.8821    20.8090 2.9426e+00     0.1249      0.015    1475.22    104.652    10.2373 113.532132     7.1634      1.429  0.000e+00
      1.404     8.7215    26.8807    20.8079 2.9304e+00     0.1249      0.007    1475.22    104.689    10.2409 113.532132     7.1660      1.417  0.000e+00
      1.440     8.7229    26.8789    20.8062 2.9060e+00     0.1249      0.015    1475.22    104.667    10.2385 113.532133     7.1643      1.453  0.000e+00
      1.451     8.7228    26.8786    20.8061 2.8816e+00     0.1249      0.011    1475.22    104.762    10.2478 113.532133     7.1708      1.465  0.000e+00
      1.475     8.7232    26.8780    20.8055 2.8694e+00     0.1237      0.011    1475.22    104.742    10.2458 113.532133     7.1694      1.489  0.000e+00
      1.487     8.7239    26.8780    20.8054 2.8449e+00     0.1249      0.011    1475.22    104.717    10.2432 113.532134     7.1676      1.501  0.000e+00
      1.500     8.7270    26.8752    20.8028 2.7717e+00     0.1237      0.011    1475.23    104.747    10.2456 113.532134     7.1693      1.514  0.000e+00
      1.522     8.7339    26.8696    20.7975 2.7961e+00     0.1249      0.011    1475.25    104.717    10.2415 113.532135     7.1664      1.537  0.000e+00
      1.547     8.7411    26.8644    20.7924 3.0159e+00     0.1237      0.011    1475.27    104.805    10.2487 113.532135     7.1714      1.561  0.000e+00
      1.571     8.7488    26.8579    20.7863 3.3211e+00     0.1237      0.011    1475.30    104.840    10.2508 113.532136     7.1729      1.586  0.000e+00
      1.582     8.7552    26.8539    20.7823 3.5409e+00     0.1249      0.011    1475.31    104.876    10.2532 113.532136     7.1746      1.597  0.000e+00
      1.606     8.7614    26.8486    20.7773 3.8584e+00     0.1249      0.011    1475.33    104.915    10.2558 113.532137     7.1764      1.622  0.000e+00
      1.642     8.7703    26.8410    20.7701 4.1026e+00     0.1237      0.011    1475.36    104.955    10.2582 113.532137     7.1781      1.658  0.000e+00
      1.631     8.7751    26.8365    20.7659 4.3223e+00     0.1261      0.015    1475.37    104.997    10.2615 113.532138     7.1804      1.646  0.000e+00
      1.666     8.7770    26.8340    20.7636 4.5543e+00     0.1249      0.011    1475.37    105.103    10.2715 113.532138     7.1874      1.682  0.000e+00
      1.691     8.7693    26.8410    20.7702 4.7375e+00     0.1249      0.011    1475.35    105.157    10.2782 113.532139     7.1921      1.707  0.000e+00
      1.713     8.7529    26.8529    20.7818 4.8230e+00     0.1249      0.011    1475.31    105.215    10.2869 113.532139     7.1982      1.729  0.000e+00
      1.713     8.7316    26.8680    20.7965 4.8840e+00     0.1261      0.015    1475.24    105.275    10.2967 113.532140     7.2050      1.729  0.000e+00
      1.749     8.7122    26.8802    20.8088 4.9451e+00     0.1249      0.007    1475.19    105.398    10.3124 113.532140     7.2160      1.765  0.000e+00
      1.773     8.6964    26.8879    20.8170 4.9695e+00     0.1249      0.011    1475.14    105.467    10.3223 113.532141     7.2230      1.790  0.000e+00
      1.786     8.6797    26.8985    20.8276 4.9573e+00     0.1249      0.015    1475.09    105.597    10.3383 113.532141     7.2342      1.803  0.000e+00
      1.809     8.6558    26.9136    20.8427 4.9817e+00     0.1237      0.007    1475.01    105.738    10.3567 113.532142     7.2470      1.826  0.000e+00
      1.822     8.6376    26.9257    20.8547 5.0305e+00     0.1249      0.015    1474.96    105.884    10.3745 113.532142     7.2595      1.839  0.000e+00
      1.833     8.6285    26.9299    20.8592 5.0183e+00     0.1249      0.011    1474.93    105.975    10.3853 113.532143     7.2670      1.850  0.000e+00
      1.857     8.6276    26.9280    20.8579 4.9817e+00     0.1249      0.011    1474.93    106.126    10.4004 113.532143     7.2776      1.875  0.000e+00
      1.882     8.6284    26.9264    20.8566 4.9328e+00     0.1249      0.011    1474.93    106.223    10.4097 113.532144     7.2841      1.899  0.000e+00
      1.893     8.6289    26.9253    20.8556 4.9451e+00     0.1249      0.007    1474.93    106.380    10.4251 113.532144     7.2949      1.911  0.000e+00
      1.917     8.6297    26.9248    20.8551 4.9817e+00     0.1249      0.011    1474.93    106.544    10.4410 113.532145     7.3060      1.935  0.000e+00
      1.928     8.6304    26.9242    20.8546 4.9328e+00     0.1237      0.007    1474.93    106.714    10.4575 113.532145     7.3176      1.947  0.000e+00
      1.940     8.6316    26.9223    20.8529 4.8962e+00     0.1249      0.011    1474.94    106.883    10.4739 113.532146     7.3290      1.958  0.000e+00
      1.975     8.6329    26.9196    20.8506 4.8718e+00     0.1261      0.015    1474.94    107.057    10.4909 113.532146     7.3409      1.994  0.000e+00
      1.977     8.6323    26.9186    20.8499 4.8718e+00     0.1249      0.015    1474.93    107.244    10.5095 113.532147     7.3539      1.996  0.000e+00
      2.000     8.6354    26.9154    20.8470 4.9084e+00     0.1249      0.011    1474.94    107.436    10.5277 113.532147     7.3667      2.019  0.000e+00
      2.024     8.6409    26.9094    20.8415 4.9084e+00     0.1249      0.011    1474.96    107.693    10.5520 113.532147     7.3837      2.043  0.000e+00
      2.035     8.6469    26.9058    20.8378 4.9328e+00     0.1249      0.011    1474.97    107.900    10.5711 113.532148     7.3970      2.055  0.000e+00
      2.073     8.6494    26.9039    20.8360 5.0549e+00     0.1249      0.011    1474.98    108.112    10.5914 113.532148     7.4112      2.092  0.000e+00
      2.073     8.6503    26.9031    20.8353 5.2137e+00     0.1249      0.011    1474.99    108.327    10.6123 113.532149     7.4259      2.092  0.000e+00
      2.108     8.6488    26.9047    20.8367 5.3846e+00     0.1249      0.007    1474.98    108.601    10.6394 113.532149     7.4448      2.128  0.000e+00
      2.119     8.6429    26.9083    20.8404 5.6288e+00     0.1249      0.011    1474.96    108.756    10.6558 113.532150     7.4563      2.140  0.000e+00
      2.144     8.6354    26.9137    20.8457 5.7998e+00     0.1249      0.011    1474.94    108.968    10.6780 113.532150     7.4718      2.164  0.000e+00
      2.168     8.6230    26.9220    20.8539 5.8730e+00     0.1249      0.011    1474.91    109.245    10.7076 113.532151     7.4925      2.189  0.000e+00
      2.191     8.6085    26.9324    20.8640 5.8730e+00     0.1249      0.011    1474.86    109.470    10.7324 113.532151     7.5099      2.211  0.000e+00
      2.191     8.5977    26.9387    20.8703 6.0562e+00     0.1249      0.011    1474.83    109.687    10.7559 113.532152     7.5263      2.211  0.000e+00
      2.226     8.5824    26.9479    20.8797 6.4591e+00     0.1249      0.011    1474.78    109.907    10.7806 113.532152     7.5436      2.247  0.000e+00
      2.251     8.5633    26.9600    20.8918 6.8742e+00     0.1249      0.011    1474.73    110.189    10.8121 113.532153     7.5657      2.272  0.000e+00
      2.263     8.5455    26.9696    20.9017 7.2405e+00     0.1249      0.011    1474.67    110.417    10.8381 113.532153     7.5839      2.285  0.000e+00
      2.299     8.5346    26.9754    20.9077 7.4847e+00     0.1249      0.011    1474.64    110.642    10.8625 113.532154     7.6009      2.321  0.000e+00
      2.286     8.5312    26.9735    20.9067 7.4115e+00     0.1249      0.011    1474.62    110.918    10.8905 113.532154     7.6205      2.308  0.000e+00
      2.335     8.5301    26.9720    20.9057 7.2772e+00     0.1249      0.011    1474.62    111.138    10.9125 113.532155     7.6359      2.357  0.000e+00
      2.346     8.5297    26.9704    20.9045 7.0085e+00     0.1249      0.011    1474.61    111.355    10.9340 113.532155     7.6510      2.368  0.000e+00
      2.359     8.5286    26.9701    20.9044 6.7277e+00     0.1249      0.011    1474.61    111.631    10.9614 113.532156     7.6701      2.381  0.000e+00
      2.382     8.5278    26.9712    20.9054 6.6178e+00     0.1249      0.011    1474.61    111.843    10.9824 113.532156     7.6848      2.404  0.000e+00
      2.406     8.5333    26.9663    20.9008 6.6422e+00     0.1249      0.007    1474.62    112.117    11.0083 113.532157     7.7029      2.429  0.000e+00
      2.417     8.5470    26.9556    20.8906 6.7766e+00     0.1261      0.015    1474.66    112.323    11.0259 113.532157     7.7153      2.440  0.000e+00
      2.442     8.5593    26.9447    20.8804 6.9231e+00     0.1249      0.011    1474.70    112.519    11.0428 113.532158     7.7271      2.465  0.000e+00
      2.454     8.5735    26.9349    20.8707 7.0452e+00     0.1249      0.011    1474.74    112.708    11.0585 113.532158     7.7381      2.478  0.000e+00
      2.466     8.5838    26.9288    20.8646 7.1062e+00     0.1249      0.011    1474.77    112.887    11.0738 113.532159     7.7488      2.489  0.000e+00
      2.490     8.5775    26.9356    20.8708 7.1306e+00     0.1249      0.011    1474.75    113.073    11.0932 113.532159     7.7623      2.514  0.000e+00
      2.501     8.5720    26.9411    20.8758 7.2772e+00     0.1249      0.011    1474.74    113.252    11.1118 113.532160     7.7754      2.525  0.000e+00
      2.526     8.5725    26.9400    20.8749 7.4725e+00     0.1249      0.011    1474.74    113.424    11.1286 113.532160     7.7871      2.550  0.000e+00
      2.550     8.5720    26.9410    20.8757 7.6435e+00     0.1261      0.011    1474.74    113.590    11.1449 113.532160     7.7985      2.574  0.000e+00
      2.561     8.5720    26.9406    20.8754 7.7656e+00     0.1249      0.011    1474.74    113.748    11.1605 113.532161     7.8095      2.586  0.000e+00
      2.586     8.5784    26.9363    20.8712 7.8266e+00     0.1261      0.015    1474.76    113.898    11.1739 113.532161     7.8188      2.610  0.000e+00
      2.597     8.5752    26.9397    20.8742 7.8755e+00     0.1249      0.011    1474.75    114.051    11.1894 113.532162     7.8297      2.622  0.000e+00
      2.621     8.5590    26.9523    20.8863 7.9853e+00     0.1261      0.015    1474.71    114.202    11.2074 113.532162     7.8423      2.646  0.000e+00
      2.633     8.5454    26.9603    20.8945 8.1074e+00     0.1249      0.011    1474.66    114.344    11.2243 113.532163     7.8541      2.657  0.000e+00
      2.657     8.5402    26.9609    20.8957 8.2295e+00     0.1249      0.011    1474.65    114.414    11.2324 113.532163     7.8598      2.682  0.000e+00
      2.668     8.5244    26.9711    20.9058 8.3028e+00     0.1249      0.011    1474.60    114.542    11.2483 113.532164     7.8709      2.693  0.000e+00
      2.692     8.5128    26.9777    20.9125 8.3394e+00     0.1261      0.007    1474.56    114.600    11.2564 113.532164     7.8766      2.718  0.000e+00
      2.717     8.4927    26.9903    20.9252 8.3394e+00     0.1261      0.011    1474.50    114.653    11.2659 113.532165     7.8832      2.742  0.000e+00
      2.741     8.4581    27.0102    20.9454 8.3028e+00     0.1249      0.011    1474.39    114.765    11.2844 113.532165     7.8961      2.767  0.000e+00
      2.764     8.4125    27.0374    20.9729 8.3150e+00     0.1249      0.015    1474.25    114.821    11.2995 113.532166     7.9067      2.790  0.000e+00
      2.777     8.3903    27.0437    20.9809 8.3883e+00     0.1249      0.011    1474.18    114.914    11.3140 113.532166     7.9168      2.803  0.000e+00
      2.788     8.3580    27.0613    20.9990 8.4737e+00     0.1261      0.011    1474.08    114.950    11.3245 113.532167     7.9242      2.814  0.000e+00
      2.812     8.3200    27.0828    21.0210 8.4615e+00     0.1249      0.011    1473.96    114.973    11.3350 113.532167     7.9316      2.839  0.000e+00
      2.836     8.2994    27.0895    21.0291 8.4249e+00     0.1261      0.011    1473.89    114.983    11.3408 113.532168     7.9356      2.863  0.000e+00
      2.859     8.2979    27.0822    21.0235 8.3516e+00     0.1249      0.011    1473.87    115.040    11.3473 113.532168     7.9402      2.886  0.000e+00
      2.883     8.3039    27.0730    21.0155 8.3150e+00     0.1261      0.011    1473.88    115.033    11.3458 113.532169     7.9391      2.911  0.000e+00
      2.883     8.3018    27.0753    21.0176 8.3150e+00     0.1249      0.011    1473.88    114.961    11.3391 113.532169     7.9344      2.911  0.000e+00
      2.919     8.2933    27.0806    21.0229 8.3150e+00     0.1249      0.011    1473.85    114.941    11.3389 113.532170     7.9343      2.947  0.000e+00
      2.919     8.2901    27.0825    21.0248 8.2784e+00     0.1261      0.011    1473.84    114.912    11.3368 113.532170     7.9328      2.947  0.000e+00
      2.955     8.2781    27.0896    21.0320 8.3150e+00     0.1249      0.007    1473.81    114.882    11.3363 113.532171     7.9325      2.983  0.000e+00
      2.968     8.2844    27.0844    21.0271 8.3761e+00     0.1249      0.015    1473.83    114.847    11.3317 113.532171     7.9292      2.996  0.000e+00
      2.992     8.3018    27.0704    21.0138 8.3883e+00     0.1249      0.011    1473.88    114.804    11.3240 113.532172     7.9238      3.020  0.000e+00
      3.014     8.3118    27.0649    21.0081 8.5348e+00     0.1249      0.011    1473.91    114.821    11.3234 113.532172     7.9235      3.043  0.000e+00
      3.027     8.3171    27.0640    21.0067 8.6935e+00     0.1249      0.011    1473.93    114.781    11.3182 113.532173     7.9198      3.056  0.000e+00
      3.039     8.3235    27.0614    21.0038 8.6935e+00     0.1261      0.011    1473.95    114.744    11.3131 113.532173     7.9163      3.068  0.000e+00
      3.074     8.3306    27.0570    20.9994 8.6325e+00     0.1249      0.011    1473.97    114.636    11.3010 113.532174     7.9077      3.104  0.000e+00
      3.087     8.3346    27.0548    20.9972 8.6203e+00     0.1249      0.011    1473.98    114.580    11.2946 113.532174     7.9033      3.117  0.000e+00
