Gp1_230419_down.cnv
* Sea-Bird SBE 9 Data File:
* FileName = C:\CTD Brukere\NIVA\IO2019\20190423\Gp1_230419.hex
* Software Version Seasave V 7.23.2
* Temperature SN = 5352
* Conductivity SN = 3840
* Number of Bytes Per Scan = 28
* Number of Voltage Words = 4
* Number of Scans Averaged by the Deck Unit = 1
* NMEA baud rate = 4800
** Ship: R/V Trygve Braarud
** Cruise:
** Station:
** Operator:
# nquan = 14
# nvalues = 1093                                  
# units = specified
# name 0 = depSM: Depth [salt water, m], lat = 59.60
# name 1 = t090C: Temperature [ITS-90, deg C]
# name 2 = sal00: Salinity, Practical [PSU]
# name 3 = sigma-t00: Density [sigma-t, kg/m^3 ]
# name 4 = flSP: Fluorescence, Seapoint
# name 5 = wetStar: Fluorescence, WET Labs WETstar [mg/m^3]
# name 6 = seaTurbMtr: Turbidity, Seapoint [FTU]
# name 7 = svCM: Sound Velocity [Chen-Millero, m/s]
# name 8 = sbeox0PS: Oxygen, SBE 43 [% saturation]
# name 9 = sbeox0Mg/L: Oxygen, SBE 43 [mg/l]
# name 10 = timeJ: Julian Days
# name 11 = sbeox0ML/L: Oxygen, SBE 43 [ml/l]
# name 12 = prDM: Pressure, Digiquartz [db]
# name 13 = flag:  0.000e+00
# span 0 =      0.639,     14.065                 
# span 1 =     4.9799,     8.8539                 
# span 2 =    26.8167,    30.6697                 
# span 3 =    20.7422,    24.1829                 
# span 4 = 7.5702e-01, 1.5800e+01                 
# span 5 =     0.1237,     0.1261                 
# span 6 =      0.007,      0.018                 
# span 7 =    1463.40,    1475.72                 
# span 8 =     68.046,    121.546                 
# span 9 =     7.0960,    12.4161                 
# span 10 = 113.532025, 113.532552                
# span 11 =     4.9653,     8.6881                
# span 12 =      0.645,     14.199                
# span 13 = 0.0000e+00, 0.0000e+00                
# interval = seconds: 0.0416667
# start_time = Apr 23 2019 12:46:07 [System UpLoad Time]
# bad_flag = -9.990e-29
*END*
[from data line 517]
      7.100     6.7694    27.8131    21.7911 6.3004e+00     0.1261      0.011    1468.88    121.250    12.3305 113.532275     8.6282      7.168  0.000e+00
      7.109     6.7506    27.8263    21.8038 6.3492e+00     0.1249      0.011    1468.83    121.238    12.3336 113.532275     8.6303      7.176  0.000e+00
      7.136     6.7149    27.8481    21.8251 6.2515e+00     0.1249      0.015    1468.71    121.224    12.3407 113.532276     8.6353      7.204  0.000e+00
      7.160     6.6834    27.8630    21.8406 6.1416e+00     0.1261      0.011    1468.61    121.211    12.3472 113.532276     8.6399      7.228  0.000e+00
      7.180     6.6630    27.8681    21.8470 6.1294e+00     0.1249      0.011    1468.53    121.251    12.3568 113.532277     8.6466      7.248  0.000e+00
      7.183     6.6502    27.8699    21.8499 6.1538e+00     0.1249      0.011    1468.48    121.237    12.3589 113.532277     8.6481      7.251  0.000e+00
      7.215     6.6490    27.8662    21.8471 6.1661e+00     0.1249      0.011    1468.47    121.215    12.3574 113.532278     8.6470      7.284  0.000e+00
      7.232     6.6482    27.8648    21.8461 6.1661e+00     0.1249      0.011    1468.47    121.195    12.3557 113.532278     8.6458      7.300  0.000e+00
      7.251     6.6504    27.8635    21.8449 6.1538e+00     0.1261      0.011    1468.48    121.168    12.3524 113.532279     8.6435      7.320  0.000e+00
      7.267     6.6475    27.8646    21.8460 6.0684e+00     0.1249      0.011    1468.47    121.208    12.3572 113.532279     8.6468      7.336  0.000e+00
      7.300     6.6646    27.8487    21.8315 5.9707e+00     0.1249      0.011    1468.52    121.183    12.3511 113.532280     8.6425      7.369  0.000e+00
      7.303     6.6624    27.8501    21.8329 5.9096e+00     0.1261      0.011    1468.51    121.157    12.3489 113.532280     8.6410      7.372  0.000e+00
      7.335     6.6264    27.8745    21.8563 5.9096e+00     0.1249      0.011    1468.40    121.142    12.3558 113.532281     8.6458      7.405  0.000e+00
      7.351     6.5998    27.8857    21.8682 5.9341e+00     0.1249      0.011    1468.30    121.119    12.3602 113.532281     8.6490      7.421  0.000e+00
      7.371     6.5834    27.8880    21.8720 5.9463e+00     0.1249      0.015    1468.24    121.096    12.3625 113.532282     8.6505      7.441  0.000e+00
      7.398     6.5517    27.9050    21.8891 5.9951e+00     0.1249      0.011    1468.14    121.072    12.3679 113.532282     8.6543      7.469  0.000e+00
      7.407     6.5164    27.9230    21.9074 6.0317e+00     0.1261      0.011    1468.02    121.114    12.3810 113.532283     8.6635      7.477  0.000e+00
      7.423     6.4924    27.9287    21.9146 6.0440e+00     0.1249      0.011    1467.93    121.095    12.3855 113.532283     8.6666      7.493  0.000e+00
      7.458     6.5040    27.9108    21.8992 5.9463e+00     0.1249      0.011    1467.95    121.071    12.3811 113.532283     8.6636      7.529  0.000e+00
      7.466     6.5424    27.8796    21.8701 5.8120e+00     0.1249      0.011    1468.07    121.036    12.3689 113.532284     8.6550      7.537  0.000e+00
      7.494     6.5852    27.8572    21.8475 5.7143e+00     0.1261      0.011    1468.21    121.058    12.3606 113.532284     8.6492      7.565  0.000e+00
      7.515     6.5877    27.8695    21.8569 5.6288e+00     0.1249      0.011    1468.24    121.038    12.3568 113.532285     8.6466      7.586  0.000e+00
      7.530     6.5418    27.9036    21.8891 5.5678e+00     0.1249      0.011    1468.10    121.093    12.3730 113.532285     8.6579      7.601  0.000e+00
      7.551     6.4942    27.9225    21.9095 5.5067e+00     0.1249      0.011    1467.93    121.091    12.3850 113.532286     8.6663      7.622  0.000e+00
      7.578     6.4527    27.9317    21.9215 5.4701e+00     0.1249      0.015    1467.78    121.082    12.3955 113.532286     8.6736      7.650  0.000e+00
      7.611     6.4116    27.9511    21.9416 5.4823e+00     0.1249      0.011    1467.64    121.077    12.4054 113.532287     8.6806      7.683  0.000e+00
      7.602     6.3815    27.9652    21.9562 5.5067e+00     0.1261      0.011    1467.54    121.073    12.4126 113.532287     8.6856      7.675  0.000e+00
      7.622     6.3674    27.9692    21.9609 5.4945e+00     0.1249      0.011    1467.48    121.062    12.4153 113.532288     8.6875      7.694  0.000e+00
      7.662     6.3763    27.9584    21.9514 5.4457e+00     0.1249      0.011    1467.51    121.050    12.4124 113.532288     8.6855      7.735  0.000e+00
      7.670     6.4016    27.9395    21.9336 5.4090e+00     0.1261      0.011    1467.58    121.023    12.4037 113.532289     8.6794      7.743  0.000e+00
      7.698     6.4433    27.9160    21.9103 5.4457e+00     0.1249      0.011    1467.72    121.059    12.3972 113.532289     8.6748      7.771  0.000e+00
      7.717     6.4498    27.9227    21.9148 5.4945e+00     0.1249      0.011    1467.76    121.044    12.3932 113.532290     8.6720      7.791  0.000e+00
      7.734     6.4264    27.9467    21.9364 5.5189e+00     0.1249      0.011    1467.69    121.040    12.3976 113.532290     8.6751      7.807  0.000e+00
      7.753     6.4022    27.9602    21.9499 5.5311e+00     0.1261      0.011    1467.61    121.032    12.4028 113.532291     8.6787      7.827  0.000e+00
      7.781     6.3860    27.9617    21.9529 5.4701e+00     0.1249      0.011    1467.55    121.019    12.4061 113.532291     8.6811      7.854  0.000e+00
      7.802     6.3745    27.9647    21.9565 5.4335e+00     0.1249      0.011    1467.51    121.010    12.4082 113.532292     8.6826      7.876  0.000e+00
      7.818     6.3836    27.9524    21.9458 5.4212e+00     0.1261      0.011    1467.53    120.993    12.4048 113.532292     8.6802      7.892  0.000e+00
      7.849     6.3926    27.9452    21.9391 5.4090e+00     0.1261      0.011    1467.56    120.981    12.4016 113.532293     8.6779      7.923  0.000e+00
      7.862     6.3815    27.9575    21.9501 5.3968e+00     0.1261      0.011    1467.53    120.970    12.4027 113.532293     8.6787      7.936  0.000e+00
      7.865     6.3591    27.9753    21.9667 5.4090e+00     0.1249      0.011    1467.46    120.958    12.4066 113.532294     8.6814      7.939  0.000e+00
      7.908     6.3394    27.9858    21.9772 5.4457e+00     0.1261      0.015    1467.40    120.952    12.4108 113.532294     8.6844      7.984  0.000e+00
      7.913     6.3236    27.9914    21.9834 5.4335e+00     0.1249      0.011    1467.34    120.942    12.4139 113.532295     8.6865      7.989  0.000e+00
      7.933     6.3143    27.9920    21.9850 5.4090e+00     0.1261      0.011    1467.30    120.936    12.4160 113.532295     8.6880      8.008  0.000e+00
      7.960     6.3108    27.9906    21.9843 5.4090e+00     0.1249      0.011    1467.29    120.926    12.4161 113.532296     8.6881      8.036  0.000e+00
      7.980     6.3171    27.9828    21.9774 5.4579e+00     0.1249      0.011    1467.31    120.912    12.4135 113.532296     8.6862      8.056  0.000e+00
      7.985     6.3390    27.9675    21.9629 5.4457e+00     0.1249      0.011    1467.37    120.830    12.4000 113.532296     8.6768      8.060  0.000e+00
      8.017     6.3660    27.9497    21.9457 5.4701e+00     0.1249      0.011    1467.46    120.739    12.3841 113.532297     8.6657      8.093  0.000e+00
      8.032     6.3914    27.9375    21.9332 5.5067e+00     0.1249      0.011    1467.55    120.700    12.3737 113.532297     8.6584      8.108  0.000e+00
      8.053     6.4113    27.9298    21.9249 5.5189e+00     0.1249      0.011    1467.62    120.668    12.3653 113.532298     8.6525      8.129  0.000e+00
      8.069     6.4299    27.9206    21.9155 5.4823e+00     0.1261      0.011    1467.68    120.636    12.3574 113.532298     8.6470      8.145  0.000e+00
      8.075     6.4519    27.9078    21.9029 5.4945e+00     0.1261      0.011    1467.75    120.540    12.3421 113.532299     8.6363      8.152  0.000e+00
      8.100     6.4554    27.9127    21.9063 5.4823e+00     0.1261      0.011    1467.77    120.501    12.3368 113.532299     8.6325      8.177  0.000e+00
      8.129     6.4083    27.9593    21.9484 5.4212e+00     0.1249      0.011    1467.64    120.471    12.3435 113.532300     8.6373      8.206  0.000e+00
      8.148     6.3645    27.9916    21.9789 5.4212e+00     0.1249      0.011    1467.51    120.385    12.3448 113.532300     8.6382      8.226  0.000e+00
      8.164     6.3426    27.9964    21.9852 5.4457e+00     0.1249      0.011    1467.43    120.348    12.3471 113.532301     8.6398      8.242  0.000e+00
      8.171     6.3384    27.9879    21.9790 5.4579e+00     0.1249      0.011    1467.40    120.308    12.3449 113.532301     8.6382      8.248  0.000e+00
      8.200     6.3397    27.9774    21.9706 5.4335e+00     0.1249      0.011    1467.39    120.205    12.3347 113.532302     8.6311      8.278  0.000e+00
      8.208     6.3492    27.9666    21.9610 5.4090e+00     0.1249      0.011    1467.42    120.154    12.3276 113.532302     8.6261      8.286  0.000e+00
      8.236     6.3450    27.9718    21.9655 5.3480e+00     0.1249      0.011    1467.41    120.052    12.3180 113.532303     8.6194      8.314  0.000e+00
      8.255     6.3302    27.9844    21.9771 5.2747e+00     0.1249      0.011    1467.36    120.007    12.3166 113.532303     8.6184      8.333  0.000e+00
      8.279     6.3154    27.9938    21.9862 5.2259e+00     0.1261      0.011    1467.32    119.900    12.3092 113.532304     8.6132      8.358  0.000e+00
      8.295     6.3046    27.9982    21.9910 5.2015e+00     0.1261      0.011    1467.28    119.786    12.3002 113.532304     8.6070      8.374  0.000e+00
      8.315     6.2976    27.9990    21.9923 5.2381e+00     0.1249      0.011    1467.25    119.726    12.2961 113.532305     8.6041      8.394  0.000e+00
      8.331     6.2921    27.9992    21.9932 5.2015e+00     0.1249      0.011    1467.23    119.606    12.2853 113.532305     8.5965      8.410  0.000e+00
      8.351     6.2881    27.9994    21.9937 5.1526e+00     0.1249      0.011    1467.22    119.541    12.2798 113.532306     8.5927      8.430  0.000e+00
      8.367     6.2871    27.9970    21.9919 5.1648e+00     0.1261      0.011    1467.21    119.423    12.2681 113.532306     8.5845      8.446  0.000e+00
      8.375     6.2786    28.0029    21.9976 5.1770e+00     0.1249      0.011    1467.18    119.301    12.2576 113.532307     8.5771      8.454  0.000e+00
      8.410     6.2667    28.0090    22.0037 5.0794e+00     0.1249      0.011    1467.14    119.237    12.2539 113.532307     8.5746      8.490  0.000e+00
      8.427     6.2519    28.0159    22.0109 5.0427e+00     0.1249      0.011    1467.09    119.113    12.2449 113.532308     8.5683      8.507  0.000e+00
      8.457     6.2373    28.0204    22.0161 5.0549e+00     0.1249      0.011    1467.04    118.992    12.2364 113.532308     8.5623      8.538  0.000e+00
      8.462     6.2209    28.0256    22.0220 5.0549e+00     0.1249      0.011    1466.98    118.868    12.2279 113.532309     8.5563      8.543  0.000e+00
      8.482     6.2060    28.0316    22.0284 4.9817e+00     0.1249      0.011    1466.93    118.809    12.2257 113.532309     8.5548      8.562  0.000e+00
      8.511     6.1887    28.0398    22.0368 4.9084e+00     0.1249      0.011    1466.87    118.631    12.2116 113.532310     8.5450      8.592  0.000e+00
      8.517     6.1697    28.0501    22.0471 4.8962e+00     0.1249      0.011    1466.81    118.504    12.2032 113.532310     8.5391      8.598  0.000e+00
      8.542     6.1515    28.0586    22.0558 4.8230e+00     0.1249      0.011    1466.74    118.374    12.1944 113.532310     8.5329      8.623  0.000e+00
      8.558     6.1371    28.0635    22.0614 4.7253e+00     0.1249      0.011    1466.69    118.179    12.1781 113.532311     8.5215      8.639  0.000e+00
      8.577     6.1255    28.0684    22.0665 4.6154e+00     0.1249      0.011    1466.65    118.099    12.1728 113.532311     8.5178      8.659  0.000e+00
      8.593     6.1153    28.0730    22.0713 4.5177e+00     0.1249      0.011    1466.62    117.962    12.1612 113.532312     8.5097      8.675  0.000e+00
      8.613     6.1076    28.0763    22.0748 4.4811e+00     0.1261      0.011    1466.59    117.824    12.1489 113.532312     8.5011      8.695  0.000e+00
      8.626     6.1022    28.0769    22.0758 4.4322e+00     0.1249      0.011    1466.57    117.630    12.1304 113.532313     8.4882      8.708  0.000e+00
      8.666     6.0977    28.0781    22.0773 4.4322e+00     0.1249      0.011    1466.55    117.491    12.1173 113.532313     8.4790      8.749  0.000e+00
      8.661     6.0920    28.0811    22.0803 4.4444e+00     0.1249      0.011    1466.53    117.414    12.1107 113.532314     8.4744      8.744  0.000e+00
      8.691     6.0852    28.0856    22.0845 4.4444e+00     0.1249      0.011    1466.51    117.283    12.0988 113.532314     8.4661      8.773  0.000e+00
      8.697     6.0779    28.0888    22.0879 4.5543e+00     0.1249      0.011    1466.49    117.091    12.0808 113.532315     8.4534      8.780  0.000e+00
      8.733     6.0711    28.0915    22.0908 4.6154e+00     0.1249      0.011    1466.46    116.892    12.0620 113.532315     8.4403      8.816  0.000e+00
      8.749     6.0657    28.0932    22.0928 4.5543e+00     0.1249      0.011    1466.44    116.811    12.0551 113.532316     8.4355      8.832  0.000e+00
      8.757     6.0564    28.0980    22.0976 4.5665e+00     0.1249      0.011    1466.41    116.678    12.0436 113.532316     8.4274      8.840  0.000e+00
      8.773     6.0463    28.1030    22.1026 4.6886e+00     0.1261      0.011    1466.38    116.548    12.0327 113.532317     8.4197      8.857  0.000e+00
      8.804     6.0396    28.1044    22.1044 4.8230e+00     0.1249      0.011    1466.35    116.357    12.0148 113.532317     8.4073      8.888  0.000e+00
      8.817     6.0371    28.1029    22.1036 4.8840e+00     0.1249      0.011    1466.34    116.224    12.0019 113.532318     8.3982      8.901  0.000e+00
      8.822     6.0328    28.1042    22.1050 4.8840e+00     0.1249      0.011    1466.33    116.094    11.9896 113.532318     8.3896      8.906  0.000e+00
      8.853     6.0284    28.1054    22.1065 4.8718e+00     0.1249      0.011    1466.31    115.969    11.9778 113.532319     8.3814      8.937  0.000e+00
      8.877     6.0235    28.1065    22.1079 4.8352e+00     0.1249      0.011    1466.29    115.786    11.9602 113.532319     8.3690      8.961  0.000e+00
      8.893     6.0205    28.1071    22.1087 4.8230e+00     0.1249      0.011    1466.28    115.661    11.9481 113.532320     8.3606      8.978  0.000e+00
      8.912     6.0154    28.1083    22.1102 4.7741e+00     0.1261      0.011    1466.26    115.534    11.9363 113.532320     8.3523      8.997  0.000e+00
      8.917     6.0112    28.1092    22.1114 4.7009e+00     0.1249      0.011    1466.25    115.403    11.9239 113.532321     8.3437      9.002  0.000e+00
      8.948     6.0076    28.1118    22.1138 4.6886e+00     0.1249      0.011    1466.24    115.278    11.9118 113.532321     8.3352      9.033  0.000e+00
      8.959     6.0040    28.1126    22.1149 4.6886e+00     0.1249      0.011    1466.22    115.097    11.8940 113.532322     8.3227      9.045  0.000e+00
      8.977     6.0019    28.1125    22.1150 4.6154e+00     0.1249      0.011    1466.21    114.975    11.8821 113.532322     8.3144      9.063  0.000e+00
      9.008     5.9995    28.1122    22.1150 4.6032e+00     0.1249      0.011    1466.21    114.852    11.8701 113.532323     8.3060      9.094  0.000e+00
      9.019     5.9975    28.1126    22.1156 4.6032e+00     0.1249      0.011    1466.20    114.736    11.8586 113.532323     8.2979      9.105  0.000e+00
      9.024     5.9960    28.1120    22.1153 4.6154e+00     0.1261      0.011    1466.19    114.564    11.8412 113.532323     8.2858      9.110  0.000e+00
