Gp1_230419_down.cnv
* Sea-Bird SBE 9 Data File:
* FileName = C:\CTD Brukere\NIVA\IO2019\20190423\Gp1_230419.hex
* Software Version Seasave V 7.23.2
* Temperature SN = 5352
* Conductivity SN = 3840
* Number of Bytes Per Scan = 28
* Number of Voltage Words = 4
* Number of Scans Averaged by the Deck Unit = 1
* NMEA baud rate = 4800
** Ship: R/V Trygve Braarud
** Cruise:
** Station:
** Operator:
# nquan = 14
# nvalues = 1093                                  
# units = specified
# name 0 = depSM: Depth [salt water, m], lat = 59.60
# name 1 = t090C: Temperature [ITS-90, deg C]
# name 2 = sal00: Salinity, Practical [PSU]
# name 3 = sigma-t00: Density [sigma-t, kg/m^3 ]
# name 4 = flSP: Fluorescence, Seapoint
# name 5 = wetStar: Fluorescence, WET Labs WETstar [mg/m^3]
# name 6 = seaTurbMtr: Turbidity, Seapoint [FTU]
# name 7 = svCM: Sound Velocity [Chen-Millero, m/s]
# name 8 = sbeox0PS: Oxygen, SBE 43 [% saturation]
# name 9 = sbeox0Mg/L: Oxygen, SBE 43 [mg/l]
# name 10 = timeJ: Julian Days
# name 11 = sbeox0ML/L: Oxygen, SBE 43 [ml/l]
# name 12 = prDM: Pressure, Digiquartz [db]
# name 13 = flag:  0.000e+00
# span 0 =      0.639,     14.065                 
# span 1 =     4.9799,     8.8539                 
# span 2 =    26.8167,    30.6697                 
# span 3 =    20.7422,    24.1829                 
# span 4 = 7.5702e-01, 1.5800e+01                 
# span 5 =     0.1237,     0.1261                 
# span 6 =      0.007,      0.018                 
# span 7 =    1463.40,    1475.72                 
# span 8 =     68.046,    121.546                 
# span 9 =     7.0960,    12.4161                 
# span 10 = 113.532025, 113.532552                
# span 11 =     4.9653,     8.6881                
# span 12 =      0.645,     14.199                
# span 13 = 0.0000e+00, 0.0000e+00                
# interval = seconds: 0.0416667
# start_time = Apr 23 2019 12:46:07 [System UpLoad Time]
# bad_flag = -9.990e-29
*END*
[from data line 310]
      3.110     8.3343    27.0570    20.9989 8.6325e+00     0.1249      0.011    1473.99    114.471    11.2837 113.532175     7.8957      3.140  0.000e+00
      3.146     8.3292    27.0611    21.0028 8.6081e+00     0.1261      0.011    1473.97    114.358    11.2736 113.532175     7.8886      3.175  0.000e+00
      3.159     8.3244    27.0633    21.0052 8.6203e+00     0.1249      0.011    1473.96    114.359    11.2747 113.532176     7.8894      3.189  0.000e+00
      3.183     8.3194    27.0660    21.0080 8.6203e+00     0.1261      0.011    1473.94    114.250    11.2652 113.532176     7.8827      3.213  0.000e+00
      3.205     8.3257    27.0597    21.0022 8.6813e+00     0.1249      0.011    1473.96    114.254    11.2643 113.532177     7.8821      3.236  0.000e+00
      3.218     8.3497    27.0425    20.9854 8.7546e+00     0.1261      0.015    1474.03    114.197    11.2538 113.532177     7.8748      3.249  0.000e+00
      3.241     8.3508    27.0445    20.9869 8.7790e+00     0.1249      0.011    1474.04    114.094    11.2432 113.532178     7.8674      3.272  0.000e+00
      3.265     8.3044    27.0790    21.0202 8.7424e+00     0.1249      0.011    1473.90    114.059    11.2492 113.532178     7.8715      3.296  0.000e+00
      3.278     8.2717    27.0955    21.0375 8.6691e+00     0.1249      0.011    1473.80    114.021    11.2526 113.532179     7.8739      3.309  0.000e+00
      3.290     8.2678    27.0884    21.0324 8.5714e+00     0.1249      0.011    1473.77    113.984    11.2505 113.532179     7.8724      3.321  0.000e+00
      3.314     8.2632    27.0875    21.0323 8.4982e+00     0.1261      0.011    1473.75    113.949    11.2483 113.532180     7.8709      3.345  0.000e+00
      3.314     8.2549    27.0935    21.0382 8.4982e+00     0.1249      0.011    1473.73    113.924    11.2475 113.532180     7.8703      3.345  0.000e+00
      3.384     8.2571    27.0923    21.0369 8.5104e+00     0.1249      0.015    1473.74    113.900    11.2447 113.532181     7.8684      3.416  0.000e+00
      3.374     8.2640    27.0877    21.0324 8.4860e+00     0.1249      0.011    1473.76    113.878    11.2410 113.532181     7.8658      3.406  0.000e+00
      3.396     8.2719    27.0827    21.0275 8.4982e+00     0.1249      0.011    1473.78    113.859    11.2375 113.532182     7.8633      3.429  0.000e+00
      3.409     8.2813    27.0776    21.0222 8.5958e+00     0.1249      0.011    1473.81    113.843    11.2339 113.532182     7.8608      3.442  0.000e+00
      3.445     8.2902    27.0731    21.0174 8.6935e+00     0.1249      0.011    1473.84    113.832    11.2308 113.532183     7.8587      3.478  0.000e+00
      3.456     8.2992    27.0685    21.0127 8.7424e+00     0.1261      0.011    1473.87    113.825    11.2281 113.532183     7.8568      3.489  0.000e+00
      3.481     8.3099    27.0627    21.0067 8.9744e+00     0.1249      0.011    1473.90    113.822    11.2256 113.532184     7.8550      3.514  0.000e+00
      3.505     8.3207    27.0562    21.0001 9.0476e+00     0.1249      0.007    1473.94    113.825    11.2235 113.532184     7.8536      3.538  0.000e+00
      3.516     8.3251    27.0551    20.9987 8.9866e+00     0.1249      0.015    1473.95    113.895    11.2294 113.532185     7.8577      3.550  0.000e+00
      3.528     8.3247    27.0559    20.9994 8.8400e+00     0.1249      0.011    1473.95    113.917    11.2317 113.532185     7.8593      3.561  0.000e+00
      3.552     8.3131    27.0644    21.0076 8.7546e+00     0.1249      0.011    1473.92    113.948    11.2371 113.532186     7.8631      3.586  0.000e+00
      3.576     8.3024    27.0712    21.0143 8.7790e+00     0.1261      0.011    1473.89    114.046    11.2490 113.532186     7.8714      3.610  0.000e+00
      3.599     8.2938    27.0757    21.0190 8.8523e+00     0.1249      0.011    1473.86    114.095    11.2557 113.532187     7.8761      3.633  0.000e+00
      3.612     8.2886    27.0774    21.0211 8.9255e+00     0.1261      0.011    1473.84    114.203    11.2675 113.532187     7.8844      3.646  0.000e+00
      3.623     8.2819    27.0801    21.0240 8.9866e+00     0.1249      0.011    1473.82    114.263    11.2750 113.532188     7.8896      3.657  0.000e+00
      3.647     8.2768    27.0815    21.0259 8.9866e+00     0.1249      0.011    1473.80    114.322    11.2820 113.532188     7.8945      3.682  0.000e+00
      3.672     8.2732    27.0828    21.0274 8.9499e+00     0.1249      0.011    1473.79    114.440    11.2945 113.532188     7.9032      3.707  0.000e+00
      3.683     8.2725    27.0824    21.0271 8.9255e+00     0.1249      0.011    1473.79    114.570    11.3076 113.532189     7.9124      3.718  0.000e+00
      3.696     8.2728    27.0825    21.0272 8.9133e+00     0.1249      0.011    1473.79    114.645    11.3148 113.532189     7.9175      3.731  0.000e+00
      3.732     8.2728    27.0822    21.0269 8.9133e+00     0.1249      0.011    1473.79    114.665    11.3168 113.532190     7.9188      3.767  0.000e+00
      3.743     8.2728    27.0830    21.0275 8.9133e+00     0.1249      0.011    1473.79    114.737    11.3239 113.532190     7.9238      3.778  0.000e+00
      3.766     8.2745    27.0823    21.0268 8.9011e+00     0.1249      0.011    1473.80    114.870    11.3366 113.532191     7.9327      3.801  0.000e+00
      3.778     8.2741    27.0827    21.0271 8.9377e+00     0.1261      0.011    1473.80    114.886    11.3383 113.532191     7.9339      3.814  0.000e+00
      3.791     8.2707    27.0846    21.0291 8.9866e+00     0.1249      0.015    1473.79    114.964    11.3467 113.532192     7.9397      3.827  0.000e+00
      3.827     8.2714    27.0831    21.0278 9.0476e+00     0.1249      0.011    1473.79    115.040    11.3542 113.532192     7.9450      3.863  0.000e+00
      3.838     8.2746    27.0807    21.0255 9.1209e+00     0.1249      0.011    1473.80    115.169    11.3662 113.532193     7.9534      3.875  0.000e+00
      3.863     8.2730    27.0821    21.0268 9.1575e+00     0.1249      0.011    1473.79    115.244    11.3739 113.532193     7.9588      3.899  0.000e+00
      3.874     8.2717    27.0830    21.0277 9.1209e+00     0.1249      0.011    1473.79    115.317    11.3814 113.532194     7.9641      3.911  0.000e+00
      3.887     8.2717    27.0816    21.0266 9.0598e+00     0.1249      0.011    1473.79    115.450    11.3947 113.532194     7.9733      3.924  0.000e+00
      3.911     8.2727    27.0797    21.0250 9.0476e+00     0.1249      0.011    1473.79    115.528    11.4022 113.532195     7.9786      3.948  0.000e+00
      3.945     8.2738    27.0784    21.0238 9.0598e+00     0.1249      0.011    1473.79    115.665    11.4156 113.532195     7.9879      3.983  0.000e+00
      3.947     8.2782    27.0756    21.0210 9.1819e+00     0.1261      0.015    1473.81    115.752    11.4232 113.532196     7.9933      3.984  0.000e+00
      3.969     8.2763    27.0776    21.0228 9.3407e+00     0.1249      0.011    1473.80    115.840    11.4322 113.532196     7.9996      4.007  0.000e+00
      3.994     8.2754    27.0785    21.0237 9.4750e+00     0.1249      0.011    1473.80    115.926    11.4409 113.532197     8.0057      4.032  0.000e+00
      4.007     8.2754    27.0782    21.0235 9.5482e+00     0.1249      0.011    1473.80    116.003    11.4485 113.532197     8.0110      4.045  0.000e+00
      4.029     8.2712    27.0816    21.0267 9.6947e+00     0.1249      0.011    1473.79    116.141    11.4629 113.532198     8.0211      4.068  0.000e+00
      4.042     8.2619    27.0886    21.0334 9.8779e+00     0.1249      0.011    1473.76    116.216    11.4723 113.532198     8.0276      4.081  0.000e+00
      4.052     8.2554    27.0925    21.0373 1.0098e+01     0.1249      0.011    1473.74    116.295    11.4816 113.532199     8.0341      4.091  0.000e+00
      4.102     8.2541    27.0922    21.0373 1.0330e+01     0.1249      0.011    1473.74    116.365    11.4888 113.532199     8.0392      4.141  0.000e+00
      4.089     8.2578    27.0891    21.0344 1.0501e+01     0.1249      0.011    1473.75    116.498    11.5012 113.532200     8.0478      4.128  0.000e+00
      4.114     8.2615    27.0865    21.0318 1.0598e+01     0.1249      0.011    1473.76    116.446    11.4952 113.532200     8.0437      4.153  0.000e+00
      4.138     8.2627    27.0857    21.0310 1.0549e+01     0.1249      0.011    1473.76    116.630    11.5132 113.532201     8.0562      4.177  0.000e+00
      4.149     8.2640    27.0840    21.0296 1.0440e+01     0.1249      0.011    1473.77    116.703    11.5202 113.532201     8.0611      4.189  0.000e+00
      4.173     8.2642    27.0836    21.0292 1.0403e+01     0.1261      0.011    1473.77    116.767    11.5265 113.532201     8.0656      4.213  0.000e+00
      4.196     8.2623    27.0841    21.0298 1.0354e+01     0.1249      0.011    1473.76    116.829    11.5331 113.532202     8.0702      4.236  0.000e+00
      4.209     8.2588    27.0859    21.0317 1.0293e+01     0.1261      0.011    1473.75    116.889    11.5397 113.532202     8.0748      4.249  0.000e+00
      4.233     8.2535    27.0880    21.0340 1.0464e+01     0.1249      0.011    1473.73    116.947    11.5467 113.532203     8.0797      4.274  0.000e+00
      4.245     8.2479    27.0904    21.0367 1.0659e+01     0.1261      0.015    1473.71    117.063    11.5595 113.532203     8.0886      4.285  0.000e+00
      4.269     8.2419    27.0925    21.0391 1.0952e+01     0.1249      0.011    1473.69    117.122    11.5668 113.532204     8.0937      4.309  0.000e+00
      4.293     8.2371    27.0943    21.0412 1.1355e+01     0.1249      0.011    1473.68    117.179    11.5734 113.532204     8.0984      4.334  0.000e+00
      4.303     8.2356    27.0937    21.0409 1.1673e+01     0.1261      0.011    1473.67    117.231    11.5790 113.532205     8.1023      4.344  0.000e+00
      4.329     8.2394    27.0904    21.0378 1.1893e+01     0.1261      0.011    1473.68    117.279    11.5830 113.532205     8.1051      4.370  0.000e+00
      4.353     8.2406    27.0899    21.0373 1.2076e+01     0.1249      0.011    1473.69    117.324    11.5872 113.532206     8.1081      4.394  0.000e+00
      4.353     8.2403    27.0903    21.0376 1.2222e+01     0.1249      0.011    1473.69    117.428    11.5975 113.532206     8.1153      4.394  0.000e+00
      4.376     8.2377    27.0922    21.0395 1.2405e+01     0.1249      0.011    1473.68    117.476    11.6028 113.532207     8.1189      4.417  0.000e+00
      4.411     8.2342    27.0956    21.0426 1.2601e+01     0.1249      0.011    1473.67    117.521    11.6079 113.532207     8.1225      4.453  0.000e+00
      4.434     8.2323    27.0966    21.0436 1.2796e+01     0.1261      0.011    1473.66    117.623    11.6184 113.532208     8.1299      4.476  0.000e+00
      4.449     8.2279    27.0994    21.0464 1.2943e+01     0.1249      0.015    1473.65    117.614    11.6185 113.532208     8.1299      4.491  0.000e+00
      4.449     8.2229    27.1019    21.0491 1.3065e+01     0.1249      0.011    1473.64    117.717    11.6298 113.532209     8.1379      4.491  0.000e+00
      4.484     8.2224    27.1005    21.0480 1.3187e+01     0.1249      0.011    1473.63    117.702    11.6285 113.532209     8.1370      4.527  0.000e+00
      4.496     8.2186    27.1008    21.0488 1.3419e+01     0.1249      0.011    1473.62    117.745    11.6338 113.532210     8.1407      4.538  0.000e+00
      4.496     8.2106    27.1044    21.0527 1.3578e+01     0.1261      0.011    1473.59    117.848    11.6458 113.532210     8.1491      4.538  0.000e+00
      4.565     8.1996    27.1090    21.0577 1.3675e+01     0.1249      0.011    1473.56    117.842    11.6478 113.532211     8.1504      4.609  0.000e+00
      4.555     8.1916    27.1110    21.0604 1.3773e+01     0.1249      0.011    1473.53    117.885    11.6541 113.532211     8.1548      4.599  0.000e+00
      4.591     8.1698    27.1232    21.0728 1.3810e+01     0.1249      0.011    1473.46    117.992    11.6695 113.532212     8.1656      4.635  0.000e+00
      4.591     8.0986    27.1732    21.1214 1.3785e+01     0.1249      0.011    1473.25    118.001    11.6856 113.532212     8.1769      4.635  0.000e+00
      4.627     8.0415    27.2093    21.1573 1.3846e+01     0.1249      0.011    1473.07    118.067    11.7046 113.532213     8.1902      4.671  0.000e+00
      4.636     8.0141    27.2243    21.1726 1.3980e+01     0.1249      0.011    1472.99    118.183    11.7224 113.532213     8.2026      4.680  0.000e+00
      4.651     8.0029    27.2278    21.1769 1.3993e+01     0.1249      0.011    1472.95    118.170    11.7238 113.532214     8.2036      4.695  0.000e+00
      4.675     7.9898    27.2365    21.1855 1.4017e+01     0.1249      0.015    1472.91    118.210    11.7306 113.532214     8.2084      4.720  0.000e+00
      4.687     7.9572    27.2556    21.2047 1.4139e+01     0.1249      0.011    1472.81    118.260    11.7429 113.532215     8.2170      4.731  0.000e+00
      4.722     7.9002    27.2875    21.2371 1.4212e+01     0.1249      0.011    1472.63    118.370    11.7668 113.532215     8.2337      4.767  0.000e+00
      4.745     7.8380    27.3167    21.2682 1.4261e+01     0.1261      0.011    1472.42    118.424    11.7868 113.532215     8.2477      4.790  0.000e+00
      4.758     7.7907    27.3392    21.2920 1.4469e+01     0.1249      0.011    1472.27    118.472    11.8026 113.532216     8.2588      4.803  0.000e+00
      4.771     7.7758    27.3397    21.2943 1.4737e+01     0.1249      0.011    1472.21    118.516    11.8109 113.532216     8.2646      4.816  0.000e+00
      4.795     7.7665    27.3422    21.2974 1.4969e+01     0.1249      0.011    1472.18    118.556    11.8173 113.532217     8.2690      4.841  0.000e+00
      4.816     7.7527    27.3476    21.3034 1.5140e+01     0.1249      0.011    1472.13    118.534    11.8184 113.532217     8.2698      4.862  0.000e+00
      4.831     7.7430    27.3508    21.3072 1.5458e+01     0.1261      0.011    1472.10    118.632    11.8306 113.532218     8.2783      4.877  0.000e+00
      4.853     7.7278    27.3555    21.3129 1.5617e+01     0.1249      0.011    1472.04    118.614    11.8325 113.532218     8.2797      4.899  0.000e+00
      4.866     7.7079    27.3640    21.3221 1.5507e+01     0.1249      0.011    1471.98    118.718    11.8478 113.532219     8.2904      4.913  0.000e+00
      4.878     7.6994    27.3628    21.3222 1.5653e+01     0.1249      0.011    1471.94    118.764    11.8548 113.532219     8.2953      4.924  0.000e+00
      4.912     7.6920    27.3641    21.3242 1.5800e+01     0.1261      0.011    1471.92    118.747    11.8550 113.532220     8.2954      4.958  0.000e+00
      4.938     7.7083    27.3501    21.3112 1.5580e+01     0.1249      0.011    1471.96    118.838    11.8607 113.532220     8.2994      4.984  0.000e+00
      4.938     7.7213    27.3413    21.3026 1.5055e+01     0.1249      0.011    1472.00    118.874    11.8614 113.532221     8.2999      4.984  0.000e+00
      4.962     7.7503    27.3214    21.2832 1.4713e+01     0.1249      0.011    1472.09    118.850    11.8526 113.532221     8.2937      5.009  0.000e+00
      4.996     7.7647    27.3103    21.2726 1.4457e+01     0.1261      0.011    1472.13    118.945    11.8590 113.532222     8.2982      5.043  0.000e+00
      5.009     7.7695    27.3011    21.2649 1.4261e+01     0.1249      0.011    1472.14    118.925    11.8565 113.532222     8.2965      5.056  0.000e+00
      5.009     7.7275    27.3244    21.2885 1.4115e+01     0.1261      0.011    1472.01    119.033    11.8769 113.532223     8.3107      5.056  0.000e+00
      5.033     7.6387    27.3797    21.3433 1.4005e+01     0.1249      0.011    1471.73    119.107    11.9043 113.532223     8.3299      5.081  0.000e+00
      5.067     7.5633    27.4191    21.3838 1.3968e+01     0.1249      0.011    1471.48    119.100    11.9212 113.532224     8.3417      5.115  0.000e+00
