Gp1_230419_down.cnv
* Sea-Bird SBE 9 Data File:
* FileName = C:\CTD Brukere\NIVA\IO2019\20190423\Gp1_230419.hex
* Software Version Seasave V 7.23.2
* Temperature SN = 5352
* Conductivity SN = 3840
* Number of Bytes Per Scan = 28
* Number of Voltage Words = 4
* Number of Scans Averaged by the Deck Unit = 1
* NMEA baud rate = 4800
** Ship: R/V Trygve Braarud
** Cruise:
** Station:
** Operator:
# nquan = 14
# nvalues = 1093                                  
# units = specified
# name 0 = depSM: Depth [salt water, m], lat = 59.60
# name 1 = t090C: Temperature [ITS-90, deg C]
# name 2 = sal00: Salinity, Practical [PSU]
# name 3 = sigma-t00: Density [sigma-t, kg/m^3 ]
# name 4 = flSP: Fluorescence, Seapoint
# name 5 = wetStar: Fluorescence, WET Labs WETstar [mg/m^3]
# name 6 = seaTurbMtr: Turbidity, Seapoint [FTU]
# name 7 = svCM: Sound Velocity [Chen-Millero, m/s]
# name 8 = sbeox0PS: Oxygen, SBE 43 [% saturation]
# name 9 = sbeox0Mg/L: Oxygen, SBE 43 [mg/l]
# name 10 = timeJ: Julian Days
# name 11 = sbeox0ML/L: Oxygen, SBE 43 [ml/l]
# name 12 = prDM: Pressure, Digiquartz [db]
# name 13 = flag:  0.000e+00
# span 0 =      0.639,     14.065                 
# span 1 =     4.9799,     8.8539                 
# span 2 =    26.8167,    30.6697                 
# span 3 =    20.7422,    24.1829                 
# span 4 = 7.5702e-01, 1.5800e+01                 
# span 5 =     0.1237,     0.1261                 
# span 6 =      0.007,      0.018                 
# span 7 =    1463.40,    1475.72                 
# span 8 =     68.046,    121.546                 
# span 9 =     7.0960,    12.4161                 
# span 10 = 113.532025, 113.532552                
# span 11 =     4.9653,     8.6881                
# span 12 =      0.645,     14.199                
# span 13 = 0.0000e+00, 0.0000e+00                
# interval = seconds: 0.0416667
# start_time = Apr 23 2019 12:46:07 [System UpLoad Time]
# bad_flag = -9.990e-29
*END*
[from data line 413]
      5.093     7.4458    27.4764    21.4437 1.4103e+01     0.1249      0.011    1471.10    119.279    11.9671 113.532225     8.3739      5.141  0.000e+00
      5.129     7.4450    27.4642    21.4342 1.4164e+01     0.1249      0.011    1471.08    119.325    11.9728 113.532225     8.3779      5.177  0.000e+00
      5.138     7.4503    27.4535    21.4251 1.4103e+01     0.1249      0.011    1471.09    119.367    11.9765 113.532226     8.3804      5.187  0.000e+00
      5.164     7.4548    27.4509    21.4225 1.4115e+01     0.1249      0.011    1471.10    119.408    11.9796 113.532226     8.3826      5.213  0.000e+00
      5.177     7.4571    27.4486    21.4204 1.4481e+01     0.1261      0.011    1471.11    119.450    11.9833 113.532227     8.3852      5.226  0.000e+00
      5.200     7.4668    27.4426    21.4145 1.4823e+01     0.1261      0.011    1471.14    119.496    11.9857 113.532227     8.3869      5.249  0.000e+00
      5.222     7.4787    27.4346    21.4067 1.5165e+01     0.1249      0.011    1471.18    119.479    11.9813 113.532228     8.3838      5.272  0.000e+00
      5.224     7.4996    27.4232    21.3951 1.5067e+01     0.1249      0.011    1471.24    119.513    11.9799 113.532228     8.3828      5.274  0.000e+00
      5.260     7.5174    27.4137    21.3854 1.4786e+01     0.1261      0.011    1471.30    119.610    11.9854 113.532228     8.3867      5.310  0.000e+00
      5.260     7.5362    27.4049    21.3762 1.4567e+01     0.1249      0.011    1471.37    119.590    11.9789 113.532229     8.3821      5.310  0.000e+00
      5.305     7.5839    27.3747    21.3464 1.4249e+01     0.1249      0.011    1471.51    119.678    11.9769 113.532229     8.3807      5.355  0.000e+00
      5.308     7.5725    27.3925    21.3618 1.3956e+01     0.1249      0.011    1471.49    119.735    11.9843 113.532230     8.3859      5.359  0.000e+00
      5.333     7.5012    27.4444    21.4116 1.3797e+01     0.1249      0.011    1471.28    119.808    12.0073 113.532230     8.4020      5.383  0.000e+00
      5.355     7.4795    27.4448    21.4146 1.3700e+01     0.1261      0.011    1471.19    119.806    12.0131 113.532231     8.4060      5.406  0.000e+00
      5.365     7.4834    27.4268    21.4000 1.3578e+01     0.1249      0.011    1471.19    119.858    12.0186 113.532231     8.4099      5.416  0.000e+00
      5.379     7.4790    27.4290    21.4023 1.3455e+01     0.1261      0.011    1471.17    119.905    12.0244 113.532232     8.4140      5.431  0.000e+00
      5.415     7.4685    27.4393    21.4117 1.3407e+01     0.1249      0.011    1471.15    120.023    12.0384 113.532232     8.4237      5.467  0.000e+00
      5.413     7.4457    27.4554    21.4272 1.3284e+01     0.1249      0.011    1471.08    120.082    12.0494 113.532233     8.4315      5.465  0.000e+00
      5.451     7.4226    27.4683    21.4402 1.3101e+01     0.1249      0.011    1471.00    120.142    12.0608 113.532233     8.4395      5.502  0.000e+00
      5.464     7.3926    27.4878    21.4593 1.2930e+01     0.1261      0.011    1470.91    120.211    12.0746 113.532234     8.4491      5.516  0.000e+00
      5.486     7.3338    27.5254    21.4962 1.2808e+01     0.1261      0.011    1470.73    120.281    12.0950 113.532234     8.4634      5.538  0.000e+00
      5.496     7.2339    27.5802    21.5516 1.2637e+01     0.1261      0.011    1470.40    120.362    12.1269 113.532235     8.4857      5.548  0.000e+00
      5.524     7.1524    27.6133    21.5877 1.2564e+01     0.1249      0.011    1470.12    120.446    12.1557 113.532235     8.5059      5.576  0.000e+00
      5.546     7.1233    27.6128    21.5909 1.2515e+01     0.1249      0.011    1470.01    120.506    12.1701 113.532236     8.5159      5.599  0.000e+00
      5.556     7.1326    27.5988    21.5788 1.2479e+01     0.1249      0.011    1470.03    120.493    12.1673 113.532236     8.5140      5.609  0.000e+00
      5.570     7.1302    27.6020    21.5815 1.2503e+01     0.1261      0.011    1470.02    120.546    12.1731 113.532237     8.5180      5.623  0.000e+00
      5.606     7.1180    27.6113    21.5904 1.2527e+01     0.1249      0.011    1469.99    120.595    12.1807 113.532237     8.5233      5.659  0.000e+00
      5.606     7.1355    27.5953    21.5756 1.2430e+01     0.1249      0.011    1470.04    120.634    12.1809 113.532238     8.5235      5.659  0.000e+00
      5.640     7.1746    27.5678    21.5492 1.2247e+01     0.1249      0.011    1470.16    120.667    12.1754 113.532238     8.5197      5.694  0.000e+00
      5.655     7.1897    27.5633    21.5438 1.2161e+01     0.1249      0.011    1470.21    120.715    12.1764 113.532239     8.5203      5.708  0.000e+00
      5.679     7.2068    27.5572    21.5369 1.2112e+01     0.1261      0.011    1470.27    120.701    12.1706 113.532239     8.5163      5.733  0.000e+00
      5.687     7.2170    27.5557    21.5345 1.1978e+01     0.1249      0.011    1470.31    120.806    12.1784 113.532240     8.5217      5.741  0.000e+00
      5.702     7.2160    27.5589    21.5371 1.1941e+01     0.1249      0.015    1470.31    120.798    12.1776 113.532240     8.5212      5.756  0.000e+00
      5.737     7.1972    27.5735    21.5509 1.1636e+01     0.1261      0.011    1470.25    120.912    12.1933 113.532241     8.5321      5.792  0.000e+00
      5.747     7.1715    27.5910    21.5678 1.1172e+01     0.1249      0.011    1470.17    120.966    12.2046 113.532241     8.5401      5.802  0.000e+00
      5.774     7.1552    27.5979    21.5753 1.0842e+01     0.1261      0.011    1470.12    121.026    12.2147 113.532242     8.5471      5.829  0.000e+00
      5.786     7.1565    27.5912    21.5699 1.0562e+01     0.1249      0.011    1470.12    121.072    12.2196 113.532242     8.5505      5.841  0.000e+00
      5.810     7.1707    27.5803    21.5595 1.0244e+01     0.1261      0.011    1470.16    121.061    12.2153 113.532242     8.5476      5.865  0.000e+00
      5.831     7.1929    27.5641    21.5440 1.0037e+01     0.1249      0.011    1470.23    121.103    12.2145 113.532243     8.5470      5.887  0.000e+00
      5.846     7.2146    27.5526    21.5324 9.9756e+00     0.1249      0.011    1470.30    121.138    12.2128 113.532243     8.5458      5.901  0.000e+00
      5.870     7.2235    27.5533    21.5318 9.9145e+00     0.1249      0.011    1470.33    121.184    12.2149 113.532244     8.5473      5.926  0.000e+00
      5.878     7.2441    27.5452    21.5229 9.8046e+00     0.1249      0.011    1470.41    121.228    12.2141 113.532244     8.5467      5.934  0.000e+00
      5.906     7.2042    27.5830    21.5575 9.6215e+00     0.1249      0.011    1470.30    121.282    12.2278 113.532245     8.5563      5.962  0.000e+00
      5.930     7.1345    27.6353    21.6072 9.3895e+00     0.1261      0.011    1470.09    121.353    12.2506 113.532245     8.5722      5.986  0.000e+00
      5.938     7.0945    27.6552    21.6277 9.1453e+00     0.1249      0.011    1469.95    121.408    12.2659 113.532246     8.5830      5.994  0.000e+00
      5.966     7.0848    27.6545    21.6284 8.9988e+00     0.1249      0.011    1469.92    121.400    12.2680 113.532246     8.5844      6.022  0.000e+00
      5.988     7.0929    27.6466    21.6211 8.9621e+00     0.1261      0.011    1469.94    121.443    12.2707 113.532247     8.5863      6.045  0.000e+00
      5.987     7.1076    27.6378    21.6124 8.9011e+00     0.1249      0.011    1469.99    121.476    12.2706 113.532247     8.5862      6.043  0.000e+00
      6.025     7.1280    27.6263    21.6009 8.8034e+00     0.1261      0.011    1470.05    121.456    12.2635 113.532248     8.5813      6.083  0.000e+00
      6.037     7.1618    27.6071    21.5816 8.7179e+00     0.1261      0.011    1470.16    121.486    12.2585 113.532248     8.5778      6.094  0.000e+00
      6.058     7.1972    27.5886    21.5628 8.6081e+00     0.1261      0.011    1470.28    121.518    12.2531 113.532249     8.5740      6.115  0.000e+00
      6.084     7.2315    27.5714    21.5450 8.5226e+00     0.1249      0.011    1470.39    121.489    12.2419 113.532249     8.5662      6.142  0.000e+00
      6.084     7.2222    27.5881    21.5593 8.5104e+00     0.1261      0.011    1470.38    121.528    12.2472 113.532250     8.5698      6.142  0.000e+00
      6.129     7.2007    27.6107    21.5797 8.4737e+00     0.1249      0.011    1470.32    121.512    12.2498 113.532250     8.5717      6.187  0.000e+00
      6.121     7.1931    27.6213    21.5890 8.4493e+00     0.1249      0.011    1470.30    121.546    12.2546 113.532251     8.5750      6.179  0.000e+00
      6.153     7.1900    27.6295    21.5957 8.4371e+00     0.1249      0.011    1470.30    121.513    12.2514 113.532251     8.5728      6.212  0.000e+00
      6.179     7.1896    27.6345    21.5998 8.4005e+00     0.1249      0.011    1470.31    121.535    12.2533 113.532252     8.5742      6.238  0.000e+00
      6.192     7.1954    27.6344    21.5990 8.4249e+00     0.1249      0.011    1470.33    121.502    12.2484 113.532252     8.5707      6.251  0.000e+00
      6.200     7.2066    27.6299    21.5940 8.4860e+00     0.1261      0.011    1470.37    121.518    12.2471 113.532253     8.5698      6.259  0.000e+00
      6.239     7.2206    27.6230    21.5869 8.5958e+00     0.1249      0.015    1470.42    121.481    12.2400 113.532253     8.5648      6.298  0.000e+00
      6.252     7.2388    27.6127    21.5766 8.7057e+00     0.1249      0.011    1470.47    121.499    12.2375 113.532254     8.5631      6.311  0.000e+00
      6.260     7.2568    27.6023    21.5661 8.7546e+00     0.1261      0.011    1470.53    121.459    12.2292 113.532254     8.5573      6.320  0.000e+00
      6.299     7.2676    27.5980    21.5614 8.7668e+00     0.1249      0.011    1470.57    121.471    12.2277 113.532255     8.5562      6.359  0.000e+00
      6.288     7.2854    27.5890    21.5522 8.8889e+00     0.1249      0.011    1470.63    121.422    12.2184 113.532255     8.5497      6.347  0.000e+00
      6.344     7.3359    27.5540    21.5184 8.8767e+00     0.1249      0.011    1470.78    121.422    12.2070 113.532255     8.5417      6.405  0.000e+00
      6.335     7.3562    27.5453    21.5090 8.7912e+00     0.1249      0.011    1470.85    121.379    12.1976 113.532256     8.5351      6.395  0.000e+00
      6.323     7.3755    27.5365    21.4997 8.8034e+00     0.1261      0.011    1470.92    121.332    12.1881 113.532256     8.5285      6.383  0.000e+00
      6.429     7.3433    27.5640    21.5253 8.8767e+00     0.1249      0.011    1470.83    121.359    12.1977 113.532257     8.5352      6.490  0.000e+00
      6.395     7.2435    27.6409    21.5981 8.9377e+00     0.1249      0.011    1470.53    121.342    12.2181 113.532257     8.5495      6.455  0.000e+00
      6.429     7.1703    27.6936    21.6486 9.1331e+00     0.1261      0.011    1470.31    121.379    12.2384 113.532258     8.5637      6.490  0.000e+00
      6.430     7.1709    27.6890    21.6449 9.2918e+00     0.1249      0.011    1470.31    121.338    12.2345 113.532258     8.5610      6.491  0.000e+00
      6.467     7.1749    27.6857    21.6418 9.4139e+00     0.1249      0.011    1470.32    121.357    12.2355 113.532259     8.5617      6.529  0.000e+00
      6.476     7.1707    27.6906    21.6461 9.5604e+00     0.1249      0.011    1470.31    121.320    12.2325 113.532259     8.5596      6.537  0.000e+00
      6.503     7.1669    27.6927    21.6483 9.6581e+00     0.1249      0.011    1470.30    121.334    12.2349 113.532260     8.5612      6.565  0.000e+00
      6.524     7.1703    27.6896    21.6454 9.7436e+00     0.1249      0.011    1470.31    121.290    12.2297 113.532260     8.5576      6.586  0.000e+00
      6.539     7.1800    27.6822    21.6384 9.8657e+00     0.1249      0.011    1470.33    121.241    12.2227 113.532261     8.5527      6.601  0.000e+00
      6.563     7.1994    27.6679    21.6248 9.8535e+00     0.1261      0.011    1470.39    121.250    12.2192 113.532261     8.5503      6.625  0.000e+00
      6.571     7.2215    27.6522    21.6098 9.7680e+00     0.1249      0.015    1470.46    121.263    12.2155 113.532262     8.5477      6.633  0.000e+00
      6.599     7.2376    27.6402    21.5983 9.8168e+00     0.1249      0.015    1470.51    121.222    12.2078 113.532262     8.5423      6.661  0.000e+00
      6.607     7.2464    27.6337    21.5921 1.0037e+01     0.1261      0.011    1470.54    121.173    12.2008 113.532263     8.5374      6.669  0.000e+00
      6.634     7.2603    27.6215    21.5808 1.0024e+01     0.1261      0.011    1470.58    121.190    12.1996 113.532263     8.5366      6.697  0.000e+00
      6.658     7.2525    27.6270    21.5861 9.9389e+00     0.1261      0.011    1470.55    121.210    12.2034 113.532264     8.5392      6.722  0.000e+00
      6.667     7.2333    27.6390    21.5979 9.7558e+00     0.1249      0.011    1470.49    121.185    12.2053 113.532264     8.5406      6.730  0.000e+00
      6.694     7.2199    27.6430    21.6027 9.4261e+00     0.1249      0.011    1470.45    121.219    12.2122 113.532265     8.5454      6.758  0.000e+00
      6.702     7.2137    27.6401    21.6012 9.2308e+00     0.1261      0.011    1470.42    121.133    12.2056 113.532265     8.5407      6.766  0.000e+00
      6.730     7.2203    27.6277    21.5907 9.1331e+00     0.1249      0.011    1470.43    121.160    12.2074 113.532266     8.5420      6.794  0.000e+00
      6.741     7.2441    27.6071    21.5715 9.0232e+00     0.1249      0.011    1470.50    121.121    12.1984 113.532266     8.5357      6.805  0.000e+00
      6.762     7.2734    27.5839    21.5497 8.7668e+00     0.1249      0.011    1470.58    121.142    12.1940 113.532267     8.5327      6.826  0.000e+00
      6.790     7.3262    27.5461    21.5134 8.5226e+00     0.1249      0.011    1470.74    121.103    12.1782 113.532267     8.5216      6.854  0.000e+00
      6.798     7.3362    27.5415    21.5085 8.4371e+00     0.1249      0.011    1470.78    121.072    12.1727 113.532268     8.5177      6.862  0.000e+00
      6.825     7.3196    27.5520    21.5189 8.3272e+00     0.1249      0.011    1470.73    121.110    12.1803 113.532268     8.5231      6.890  0.000e+00
      6.837     7.2894    27.5694    21.5362 8.2662e+00     0.1249      0.011    1470.63    121.096    12.1860 113.532269     8.5271      6.902  0.000e+00
      6.858     7.2595    27.5870    21.5538 8.0830e+00     0.1249      0.011    1470.53    121.143    12.1979 113.532269     8.5354      6.923  0.000e+00
      6.874     7.1965    27.6282    21.5940 7.8388e+00     0.1261      0.011    1470.34    121.144    12.2125 113.532269     8.5456      6.939  0.000e+00
      6.906     7.0986    27.6858    21.6513 7.6923e+00     0.1261      0.011    1470.02    121.146    12.2359 113.532270     8.5620      6.972  0.000e+00
      6.921     7.0060    27.7326    21.6993 7.6557e+00     0.1261      0.011    1469.72    121.209    12.2649 113.532270     8.5823      6.987  0.000e+00
      6.942     6.9195    27.7700    21.7392 7.5458e+00     0.1249      0.011    1469.42    121.218    12.2875 113.532271     8.5981      7.008  0.000e+00
      6.956     6.8642    27.7888    21.7607 7.2772e+00     0.1249      0.011    1469.23    121.274    12.3075 113.532271     8.6121      7.022  0.000e+00
      6.969     6.8296    27.8001    21.7737 7.0085e+00     0.1249      0.011    1469.10    121.272    12.3164 113.532272     8.6183      7.036  0.000e+00
      7.013     6.8132    27.8024    21.7774 6.7888e+00     0.1261      0.011    1469.04    121.267    12.3204 113.532272     8.6211      7.080  0.000e+00
      7.016     6.7954    27.8108    21.7862 6.6422e+00     0.1261      0.011    1468.98    121.255    12.3236 113.532273     8.6234      7.083  0.000e+00
      7.037     6.7779    27.8208    21.7961 6.5201e+00     0.1249      0.011    1468.93    121.244    12.3268 113.532273     8.6256      7.104  0.000e+00
      7.052     6.7718    27.8226    21.7983 6.3980e+00     0.1249      0.011    1468.90    121.225    12.3265 113.532274     8.6253      7.119  0.000e+00
