Hm4_230419_down.cnv
* Sea-Bird SBE 9 Data File:
* FileName = C:\CTD Brukere\NIVA\IO2019\20190423\Hm4_230419.hex
* Software Version Seasave V 7.23.2
* Temperature SN = 5352
* Conductivity SN = 3840
* Number of Bytes Per Scan = 28
* Number of Voltage Words = 4
* Number of Scans Averaged by the Deck Unit = 1
* NMEA baud rate = 4800
** Ship: R/V Trygve Braarud
** Cruise:
** Station:
** Operator:
# nquan = 14
# nvalues = 6348                                  
# units = specified
# name 0 = depSM: Depth [salt water, m], lat = 59.60
# name 1 = t090C: Temperature [ITS-90, deg C]
# name 2 = sal00: Salinity, Practical [PSU]
# name 3 = sigma-t00: Density [sigma-t, kg/m^3 ]
# name 4 = flSP: Fluorescence, Seapoint
# name 5 = wetStar: Fluorescence, WET Labs WETstar [mg/m^3]
# name 6 = seaTurbMtr: Turbidity, Seapoint [FTU]
# name 7 = svCM: Sound Velocity [Chen-Millero, m/s]
# name 8 = sbeox0PS: Oxygen, SBE 43 [% saturation]
# name 9 = sbeox0Mg/L: Oxygen, SBE 43 [mg/l]
# name 10 = timeJ: Julian Days
# name 11 = sbeox0ML/L: Oxygen, SBE 43 [ml/l]
# name 12 = prDM: Pressure, Digiquartz [db]
# name 13 = flag:  0.000e+00
# span 0 =      0.578,     97.789                 
# span 1 =     6.0024,    10.7489                 
# span 2 =    23.5648,    33.0852                 
# span 3 =    17.9281,    25.9062                 
# span 4 = 2.3199e-01, 9.7314e+00                 
# span 5 =     0.1249,     0.1273                 
# span 6 =      0.007,      0.018                 
# span 7 =    1469.27,    1478.72                 
# span 8 =     59.943,    107.036                 
# span 9 =     5.8740,    10.5088                 
# span 10 = 113.742222, 113.745283                
# span 11 =     4.1102,     7.3534                
# span 12 =      0.583,     98.740                
# span 13 = 0.0000e+00, 0.0000e+00                
# interval = seconds: 0.0416667
# start_time = Apr 23 2019 17:48:48 [System UpLoad Time]
# bad_flag = -9.990e-29
*END*
[from data line 1136]
     11.398     7.1030    28.3348    22.1606 8.4005e+00     0.1261      0.011    1470.92     94.694     9.5225 113.742770     6.6633     11.506  0.000e+00
     11.427     7.1009    28.3376    22.1632 8.5104e+00     0.1261      0.011    1470.92     94.611     9.5145 113.742771     6.6577     11.536  0.000e+00
     11.445     7.0992    28.3395    22.1648 8.4982e+00     0.1273      0.011    1470.92     94.586     9.5123 113.742771     6.6561     11.554  0.000e+00
     11.456     7.0975    28.3413    22.1664 8.3639e+00     0.1261      0.011    1470.91     94.503     9.5042 113.742772     6.6505     11.565  0.000e+00
     11.493     7.0959    28.3433    22.1682 8.2540e+00     0.1261      0.011    1470.91     94.417     9.4958 113.742772     6.6446     11.603  0.000e+00
     11.505     7.0944    28.3457    22.1703 8.2173e+00     0.1273      0.011    1470.91     94.390     9.4932 113.742772     6.6428     11.614  0.000e+00
     11.529     7.0903    28.3530    22.1766 8.2784e+00     0.1273      0.011    1470.90     94.243     9.4789 113.742773     6.6328     11.639  0.000e+00
     11.540     7.0826    28.3657    22.1875 8.2784e+00     0.1261      0.011    1470.88     94.334     9.4889 113.742773     6.6398     11.650  0.000e+00
     11.576     7.0741    28.3781    22.1982 8.1563e+00     0.1261      0.011    1470.87     94.197     9.4763 113.742774     6.6309     11.686  0.000e+00
     11.589     7.0675    28.3881    22.2069 8.1563e+00     0.1261      0.011    1470.85     93.988     9.4561 113.742774     6.6168     11.699  0.000e+00
     11.607     7.0600    28.4019    22.2187 8.2662e+00     0.1261      0.011    1470.84     94.002     9.4583 113.742775     6.6184     11.717  0.000e+00
     11.636     7.0476    28.4250    22.2384 8.3516e+00     0.1273      0.011    1470.82     93.906     9.4499 113.742775     6.6125     11.746  0.000e+00
     11.660     7.0352    28.4475    22.2576 8.3394e+00     0.1261      0.011    1470.80     93.870     9.4475 113.742776     6.6108     11.771  0.000e+00
     11.660     7.0235    28.4695    22.2764 8.3150e+00     0.1261      0.011    1470.78     93.777     9.4394 113.742776     6.6051     11.771  0.000e+00
     11.696     7.0143    28.4862    22.2906 8.3516e+00     0.1273      0.011    1470.77     93.682     9.4309 113.742777     6.5992     11.807  0.000e+00
     11.720     7.0079    28.4985    22.3011 8.4493e+00     0.1273      0.011    1470.76     93.640     9.4273 113.742777     6.5966     11.832  0.000e+00
     11.731     6.9998    28.5131    22.3136 8.4737e+00     0.1273      0.011    1470.75     93.612     9.4253 113.742778     6.5953     11.843  0.000e+00
     11.767     6.9902    28.5350    22.3320 8.3516e+00     0.1261      0.011    1470.74     93.521     9.4168 113.742778     6.5894     11.879  0.000e+00
     11.780     6.9732    28.5664    22.3588 8.5348e+00     0.1261      0.011    1470.71     93.490     9.4155 113.742779     6.5884     11.892  0.000e+00
     11.803     6.9608    28.5935    22.3816 8.5958e+00     0.1273      0.011    1470.69     93.404     9.4079 113.742779     6.5831     11.915  0.000e+00
     11.816     6.9486    28.6200    22.4039 8.5714e+00     0.1261      0.015    1470.68     93.378     9.4063 113.742780     6.5820     11.928  0.000e+00
     11.846     6.9374    28.6403    22.4213 8.5592e+00     0.1273      0.011    1470.66     93.297     9.3994 113.742780     6.5771     11.959  0.000e+00
     11.863     6.9289    28.6527    22.4321 8.5592e+00     0.1261      0.015    1470.64     93.277     9.3984 113.742781     6.5765     11.975  0.000e+00
     11.887     6.9239    28.6595    22.4380 8.6081e+00     0.1273      0.011    1470.63     93.194     9.3908 113.742781     6.5711     12.000  0.000e+00
     11.900     6.9205    28.6646    22.4425 8.6325e+00     0.1273      0.011    1470.62     93.111     9.3828 113.742782     6.5655     12.013  0.000e+00
     11.922     6.9183    28.6682    22.4456 8.6813e+00     0.1273      0.011    1470.62     93.081     9.3800 113.742782     6.5636     12.036  0.000e+00
     11.947     6.9170    28.6702    22.4473 8.7546e+00     0.1261      0.011    1470.62     92.996     9.3716 113.742783     6.5577     12.060  0.000e+00
     11.947     6.9142    28.6792    22.4548 8.8278e+00     0.1261      0.011    1470.62     92.972     9.3693 113.742783     6.5561     12.060  0.000e+00
     11.982     6.8999    28.7128    22.4829 8.8889e+00     0.1261      0.015    1470.61     92.895     9.3625 113.742784     6.5514     12.096  0.000e+00
     11.995     6.8738    28.7646    22.5269 8.9499e+00     0.1261      0.011    1470.57     92.880     9.3635 113.742784     6.5520     12.110  0.000e+00
     12.018     6.8486    28.8090    22.5649 8.9499e+00     0.1261      0.011    1470.52     92.810     9.3593 113.742785     6.5491     12.132  0.000e+00
     12.042     6.8294    28.8392    22.5910 8.9866e+00     0.1273      0.011    1470.49     92.741     9.3546 113.742785     6.5458     12.157  0.000e+00
     12.054     6.8182    28.8559    22.6054 8.8767e+00     0.1273      0.011    1470.46     92.664     9.3482 113.742785     6.5413     12.168  0.000e+00
     12.067     6.8100    28.8670    22.6152 8.6935e+00     0.1273      0.011    1470.44     92.649     9.3478 113.742786     6.5411     12.181  0.000e+00
     12.102     6.8037    28.8765    22.6234 8.4737e+00     0.1261      0.011    1470.43     92.580     9.3417 113.742786     6.5368     12.217  0.000e+00
     12.102     6.7969    28.8863    22.6320 8.4127e+00     0.1273      0.011    1470.42     92.566     9.3412 113.742787     6.5364     12.217  0.000e+00
     12.138     6.7883    28.8996    22.6435 8.4493e+00     0.1261      0.011    1470.40     92.499     9.3355 113.742787     6.5324     12.253  0.000e+00
     12.138     6.7796    28.9129    22.6550 8.3883e+00     0.1261      0.015    1470.38     92.425     9.3291 113.742788     6.5279     12.253  0.000e+00
     12.169     6.7702    28.9287    22.6686 8.2662e+00     0.1261      0.011    1470.36     92.414     9.3290 113.742788     6.5279     12.284  0.000e+00
     12.198     6.7587    28.9474    22.6847 8.2784e+00     0.1261      0.011    1470.34     92.349     9.3238 113.742789     6.5243     12.314  0.000e+00
     12.222     6.7467    28.9667    22.7014 8.4127e+00     0.1273      0.011    1470.32     92.278     9.3181 113.742789     6.5202     12.338  0.000e+00
     12.222     6.7343    28.9865    22.7185 8.3516e+00     0.1261      0.015    1470.30     92.270     9.3187 113.742790     6.5207     12.338  0.000e+00
     12.246     6.7231    29.0019    22.7319 8.1319e+00     0.1273      0.011    1470.27     92.209     9.3140 113.742790     6.5174     12.363  0.000e+00
     12.282     6.7196    29.0045    22.7344 8.1441e+00     0.1261      0.011    1470.26     92.149     9.3086 113.742791     6.5136     12.399  0.000e+00
     12.293     6.7188    29.0042    22.7342 8.3028e+00     0.1273      0.011    1470.26     92.145     9.3084 113.742791     6.5135     12.410  0.000e+00
     12.305     6.7150    29.0114    22.7404 8.3394e+00     0.1261      0.011    1470.25     92.088     9.3030 113.742792     6.5097     12.422  0.000e+00
     12.329     6.7105    29.0195    22.7473 8.2295e+00     0.1273      0.011    1470.24     92.087     9.3034 113.742792     6.5100     12.446  0.000e+00
     12.353     6.7040    29.0318    22.7578 8.2418e+00     0.1273      0.011    1470.23     92.026     9.2979 113.742793     6.5061     12.471  0.000e+00
     12.365     6.6921    29.0516    22.7748 8.3516e+00     0.1273      0.011    1470.21     92.028     9.2995 113.742793     6.5072     12.482  0.000e+00
     12.389     6.6846    29.0620    22.7839 8.3761e+00     0.1273      0.011    1470.20     91.977     9.2954 113.742794     6.5043     12.507  0.000e+00
     12.413     6.6815    29.0630    22.7851 8.3516e+00     0.1261      0.011    1470.19     91.921     9.2902 113.742794     6.5008     12.531  0.000e+00
     12.438     6.6778    29.0666    22.7883 8.2173e+00     0.1261      0.011    1470.18     91.866     9.2853 113.742795     6.4973     12.556  0.000e+00
     12.449     6.6703    29.0794    22.7993 8.0098e+00     0.1273      0.011    1470.16     91.805     9.2800 113.742795     6.4936     12.567  0.000e+00
     12.473     6.6612    29.0958    22.8133 7.9487e+00     0.1261      0.015    1470.15     91.801     9.2806 113.742796     6.4940     12.592  0.000e+00
     12.498     6.6485    29.1181    22.8324 8.1074e+00     0.1261      0.011    1470.12     91.745     9.2763 113.742796     6.4910     12.616  0.000e+00
     12.509     6.6359    29.1398    22.8510 8.2051e+00     0.1273      0.011    1470.10     91.675     9.2706 113.742797     6.4870     12.628  0.000e+00
     12.533     6.6235    29.1587    22.8674 8.1074e+00     0.1261      0.011    1470.08     91.623     9.2668 113.742797     6.4844     12.652  0.000e+00
     12.569     6.6118    29.1756    22.8821 7.9731e+00     0.1273      0.011    1470.05     91.619     9.2680 113.742798     6.4852     12.688  0.000e+00
     12.580     6.5996    29.1962    22.8998 8.4249e+00     0.1261      0.011    1470.03     91.540     9.2613 113.742798     6.4805     12.700  0.000e+00
     12.580     6.5804    29.2269    22.9263 8.5958e+00     0.1261      0.015    1469.99     91.470     9.2566 113.742799     6.4772     12.700  0.000e+00
     12.616     6.5571    29.2612    22.9561 8.5104e+00     0.1261      0.011    1469.94     91.457     9.2582 113.742799     6.4784     12.736  0.000e+00
     12.640     6.5321    29.2970    22.9873 8.1929e+00     0.1273      0.015    1469.89     91.392     9.2548 113.742799     6.4760     12.760  0.000e+00
     12.664     6.5096    29.3285    23.0148 8.3272e+00     0.1261      0.011    1469.84     91.321     9.2505 113.742800     6.4730     12.785  0.000e+00
     12.676     6.4898    29.3564    23.0392 8.6325e+00     0.1273      0.011    1469.80     91.243     9.2453 113.742800     6.4693     12.796  0.000e+00
     12.711     6.4673    29.3873    23.0662 8.6325e+00     0.1273      0.011    1469.75     91.231     9.2470 113.742801     6.4705     12.832  0.000e+00
     12.724     6.4491    29.4146    23.0898 8.3272e+00     0.1261      0.015    1469.71     91.165     9.2427 113.742801     6.4675     12.845  0.000e+00
     12.760     6.4327    29.4384    23.1106 8.2051e+00     0.1261      0.011    1469.67     91.095     9.2376 113.742802     6.4639     12.881  0.000e+00
     12.784     6.4199    29.4579    23.1274 8.4493e+00     0.1261      0.011    1469.65     91.026     9.2322 113.742802     6.4602     12.906  0.000e+00
     12.796     6.4075    29.4785    23.1451 8.6081e+00     0.1261      0.011    1469.62     91.015     9.2325 113.742803     6.4604     12.917  0.000e+00
     12.831     6.3948    29.4999    23.1635 8.3883e+00     0.1261      0.011    1469.60     90.952     9.2276 113.742803     6.4569     12.953  0.000e+00
     12.844     6.3827    29.5177    23.1790 8.0098e+00     0.1261      0.011    1469.57     90.883     9.2221 113.742804     6.4531     12.966  0.000e+00
     12.867     6.3738    29.5300    23.1897 7.8510e+00     0.1273      0.011    1469.55     90.818     9.2167 113.742804     6.4493     12.989  0.000e+00
     12.891     6.3644    29.5439    23.2018 7.7411e+00     0.1273      0.011    1469.53     90.809     9.2170 113.742805     6.4495     13.014  0.000e+00
     12.904     6.3561    29.5573    23.2134 7.4847e+00     0.1273      0.011    1469.52     90.741     9.2111 113.742805     6.4454     13.027  0.000e+00
     12.927     6.3474    29.5698    23.2242 7.2283e+00     0.1261      0.015    1469.50     90.676     9.2056 113.742806     6.4415     13.050  0.000e+00
     12.951     6.3397    29.5818    23.2346 6.9475e+00     0.1273      0.011    1469.48     90.606     9.1994 113.742806     6.4372     13.074  0.000e+00
     12.987     6.3307    29.5951    23.2462 7.0085e+00     0.1261      0.011    1469.47     90.602     9.2001 113.742807     6.4377     13.110  0.000e+00
     13.000     6.3216    29.6071    23.2567 7.2283e+00     0.1261      0.011    1469.44     90.538     9.1949 113.742807     6.4340     13.123  0.000e+00
     13.011     6.3133    29.6177    23.2660 7.3748e+00     0.1273      0.011    1469.43     90.539     9.1961 113.742808     6.4349     13.135  0.000e+00
     13.035     6.3062    29.6273    23.2744 7.5458e+00     0.1273      0.011    1469.41     90.482     9.1912 113.742808     6.4315     13.159  0.000e+00
     13.087     6.3006    29.6345    23.2808 7.5458e+00     0.1261      0.011    1469.40     90.482     9.1920 113.742809     6.4320     13.212  0.000e+00
     13.107     6.2965    29.6399    23.2855 7.6190e+00     0.1273      0.011    1469.39     90.421     9.1864 113.742809     6.4281     13.231  0.000e+00
     13.118     6.2930    29.6465    23.2911 7.5702e+00     0.1261      0.015    1469.38     90.364     9.1810 113.742810     6.4243     13.243  0.000e+00
     13.142     6.2867    29.6593    23.3019 7.3260e+00     0.1261      0.011    1469.37     90.302     9.1753 113.742810     6.4203     13.267  0.000e+00
     13.167     6.2778    29.6746    23.3151 7.1429e+00     0.1261      0.011    1469.36     90.306     9.1766 113.742811     6.4212     13.292  0.000e+00
     13.178     6.2708    29.6872    23.3258 6.9963e+00     0.1261      0.011    1469.35     90.250     9.1717 113.742811     6.4178     13.303  0.000e+00
     13.226     6.2624    29.7022    23.3387 6.8498e+00     0.1261      0.011    1469.33     90.127     9.1601 113.742812     6.4097     13.352  0.000e+00
     13.238     6.2551    29.7151    23.3497 6.9231e+00     0.1261      0.015    1469.32     90.125     9.1606 113.742812     6.4101     13.364  0.000e+00
     13.251     6.2492    29.7260    23.3589 7.2283e+00     0.1261      0.011    1469.31     90.063     9.1549 113.742813     6.4061     13.377  0.000e+00
     13.273     6.2430    29.7383    23.3694 7.4237e+00     0.1273      0.011    1469.30     90.059     9.1551 113.742813     6.4062     13.400  0.000e+00
     13.311     6.2367    29.7518    23.3807 7.3382e+00     0.1261      0.015    1469.29     90.004     9.1501 113.742813     6.4027     13.437  0.000e+00
     13.333     6.2315    29.7609    23.3885 7.3382e+00     0.1273      0.015    1469.28     89.944     9.1446 113.742814     6.3988     13.460  0.000e+00
     13.358     6.2275    29.7722    23.3980 7.2894e+00     0.1273      0.011    1469.28     89.880     9.1382 113.742814     6.3944     13.485  0.000e+00
     13.358     6.2229    29.7828    23.4068 7.1062e+00     0.1261      0.011    1469.28     89.881     9.1387 113.742815     6.3947     13.485  0.000e+00
     13.406     6.2190    29.7926    23.4150 7.0085e+00     0.1261      0.015    1469.27     89.824     9.1331 113.742815     6.3908     13.534  0.000e+00
     13.421     6.2132    29.8137    23.4323 6.9963e+00     0.1261      0.015    1469.28     89.770     9.1276 113.742816     6.3869     13.549  0.000e+00
     13.442     6.2079    29.8334    23.4484 7.1551e+00     0.1261      0.011    1469.28     89.774     9.1279 113.742816     6.3872     13.570  0.000e+00
     13.478     6.2017    29.8591    23.4694 7.3504e+00     0.1273      0.011    1469.29     89.727     9.1230 113.742817     6.3837     13.606  0.000e+00
     13.489     6.1931    29.8955    23.4992 7.6801e+00     0.1261      0.011    1469.30     89.676     9.1174 113.742817     6.3798     13.617  0.000e+00
     13.513     6.1812    29.9421    23.5373 7.7289e+00     0.1273      0.011    1469.31     89.621     9.1116 113.742818     6.3757     13.642  0.000e+00
     13.538     6.1705    29.9905    23.5767 7.6313e+00     0.1261      0.015    1469.33     89.562     9.1049 113.742818     6.3711     13.666  0.000e+00
     13.562     6.1572    30.0502    23.6254 7.3871e+00     0.1261      0.011    1469.35     89.561     9.1041 113.742819     6.3705     13.691  0.000e+00
