Hm4_230419_down.cnv
* Sea-Bird SBE 9 Data File:
* FileName = C:\CTD Brukere\NIVA\IO2019\20190423\Hm4_230419.hex
* Software Version Seasave V 7.23.2
* Temperature SN = 5352
* Conductivity SN = 3840
* Number of Bytes Per Scan = 28
* Number of Voltage Words = 4
* Number of Scans Averaged by the Deck Unit = 1
* NMEA baud rate = 4800
** Ship: R/V Trygve Braarud
** Cruise:
** Station:
** Operator:
# nquan = 14
# nvalues = 6348                                  
# units = specified
# name 0 = depSM: Depth [salt water, m], lat = 59.60
# name 1 = t090C: Temperature [ITS-90, deg C]
# name 2 = sal00: Salinity, Practical [PSU]
# name 3 = sigma-t00: Density [sigma-t, kg/m^3 ]
# name 4 = flSP: Fluorescence, Seapoint
# name 5 = wetStar: Fluorescence, WET Labs WETstar [mg/m^3]
# name 6 = seaTurbMtr: Turbidity, Seapoint [FTU]
# name 7 = svCM: Sound Velocity [Chen-Millero, m/s]
# name 8 = sbeox0PS: Oxygen, SBE 43 [% saturation]
# name 9 = sbeox0Mg/L: Oxygen, SBE 43 [mg/l]
# name 10 = timeJ: Julian Days
# name 11 = sbeox0ML/L: Oxygen, SBE 43 [ml/l]
# name 12 = prDM: Pressure, Digiquartz [db]
# name 13 = flag:  0.000e+00
# span 0 =      0.578,     97.789                 
# span 1 =     6.0024,    10.7489                 
# span 2 =    23.5648,    33.0852                 
# span 3 =    17.9281,    25.9062                 
# span 4 = 2.3199e-01, 9.7314e+00                 
# span 5 =     0.1249,     0.1273                 
# span 6 =      0.007,      0.018                 
# span 7 =    1469.27,    1478.72                 
# span 8 =     59.943,    107.036                 
# span 9 =     5.8740,    10.5088                 
# span 10 = 113.742222, 113.745283                
# span 11 =     4.1102,     7.3534                
# span 12 =      0.583,     98.740                
# span 13 = 0.0000e+00, 0.0000e+00                
# interval = seconds: 0.0416667
# start_time = Apr 23 2019 17:48:48 [System UpLoad Time]
# bad_flag = -9.990e-29
*END*
[from data line 2271]
     34.195     6.6742    32.7365    25.6791 7.5702e-01     0.1261      0.015    1475.12     61.441     6.0621 113.743317     4.2419     34.522  0.000e+00
     34.206     6.6745    32.7375    25.6798 6.8376e-01     0.1261      0.015    1475.12     61.440     6.0620 113.743318     4.2418     34.533  0.000e+00
     34.242     6.6748    32.7377    25.6800 6.1050e-01     0.1261      0.015    1475.12     61.501     6.0679 113.743318     4.2460     34.569  0.000e+00
     34.243     6.6748    32.7371    25.6795 5.9829e-01     0.1261      0.015    1475.12     61.506     6.0684 113.743319     4.2463     34.571  0.000e+00
     34.277     6.6746    32.7367    25.6792 6.3492e-01     0.1273      0.015    1475.12     61.509     6.0688 113.743319     4.2466     34.605  0.000e+00
     34.302     6.6748    32.7357    25.6784 6.3492e-01     0.1261      0.018    1475.12     61.510     6.0689 113.743320     4.2467     34.630  0.000e+00
     34.315     6.6746    32.7349    25.6777 5.9829e-01     0.1261      0.018    1475.12     61.510     6.0690 113.743320     4.2467     34.643  0.000e+00
     34.337     6.6743    32.7350    25.6779 5.8608e-01     0.1261      0.018    1475.12     61.508     6.0688 113.743321     4.2466     34.666  0.000e+00
     34.362     6.6743    32.7352    25.6780 7.8144e-01     0.1273      0.018    1475.12     61.505     6.0685 113.743321     4.2464     34.691  0.000e+00
     34.375     6.6743    32.7350    25.6779 1.4530e+00     0.1261      0.015    1475.12     61.500     6.0680 113.743322     4.2460     34.704  0.000e+00
     34.410     6.6741    32.7351    25.6780 1.7949e+00     0.1273      0.015    1475.12     61.502     6.0682 113.743322     4.2462     34.740  0.000e+00
     34.433     6.6743    32.7359    25.6786 1.6361e+00     0.1261      0.015    1475.12     61.502     6.0681 113.743323     4.2461     34.763  0.000e+00
     34.458     6.6743    32.7363    25.6789 1.3675e+00     0.1261      0.015    1475.12     61.501     6.0680 113.743323     4.2461     34.787  0.000e+00
     34.458     6.6745    32.7365    25.6791 1.1844e+00     0.1261      0.015    1475.12     61.560     6.0739 113.743324     4.2501     34.787  0.000e+00
     34.519     6.6746    32.7365    25.6791 1.1355e+00     0.1261      0.015    1475.13     61.502     6.0681 113.743324     4.2461     34.850  0.000e+00
     34.518     6.6743    32.7379    25.6802 1.1111e+00     0.1261      0.015    1475.13     61.497     6.0676 113.743325     4.2457     34.848  0.000e+00
     34.531     6.6745    32.7382    25.6804 1.0256e+00     0.1261      0.015    1475.13     61.490     6.0669 113.743325     4.2452     34.861  0.000e+00
     34.566     6.6743    32.7387    25.6808 1.0256e+00     0.1273      0.015    1475.13     61.482     6.0661 113.743326     4.2447     34.897  0.000e+00
     34.578     6.6743    32.7393    25.6813 1.0256e+00     0.1261      0.015    1475.13     61.473     6.0652 113.743326     4.2441     34.909  0.000e+00
     34.615     6.6746    32.7389    25.6809 9.1575e-01     0.1261      0.015    1475.13     61.471     6.0649 113.743327     4.2439     34.946  0.000e+00
     34.613     6.6745    32.7392    25.6811 8.6691e-01     0.1261      0.018    1475.13     61.460     6.0638 113.743327     4.2431     34.945  0.000e+00
     34.662     6.6745    32.7400    25.6818 9.0354e-01     0.1261      0.015    1475.13     61.517     6.0695 113.743328     4.2471     34.994  0.000e+00
     34.673     6.6739    32.7426    25.6839 8.7912e-01     0.1261      0.015    1475.13     61.519     6.0696 113.743328     4.2472     35.005  0.000e+00
     34.686     6.6746    32.7444    25.6853 8.1807e-01     0.1261      0.018    1475.14     61.519     6.0695 113.743329     4.2471     35.018  0.000e+00
     34.722     6.6749    32.7450    25.6857 7.6923e-01     0.1261      0.015    1475.14     61.519     6.0694 113.743329     4.2470     35.054  0.000e+00
     34.746     6.6754    32.7448    25.6855 7.3260e-01     0.1261      0.018    1475.14     61.517     6.0691 113.743329     4.2468     35.079  0.000e+00
     34.771     6.6759    32.7452    25.6857 6.8376e-01     0.1261      0.015    1475.15     61.513     6.0687 113.743330     4.2465     35.104  0.000e+00
     34.771     6.6759    32.7465    25.6867 6.2271e-01     0.1261      0.015    1475.15     61.508     6.0681 113.743330     4.2461     35.104  0.000e+00
     34.818     6.6764    32.7483    25.6881 5.7387e-01     0.1273      0.015    1475.15     61.503     6.0674 113.743331     4.2456     35.151  0.000e+00
     34.831     6.6776    32.7488    25.6883 5.4945e-01     0.1261      0.018    1475.16     61.503     6.0673 113.743331     4.2455     35.164  0.000e+00
     34.854     6.6778    32.7494    25.6888 5.7387e-01     0.1261      0.018    1475.16     61.495     6.0665 113.743332     4.2449     35.187  0.000e+00
     34.867     6.6778    32.7496    25.6889 5.6166e-01     0.1261      0.015    1475.16     61.494     6.0663 113.743332     4.2448     35.200  0.000e+00
     34.902     6.6781    32.7501    25.6893 5.3724e-01     0.1261      0.015    1475.16     61.491     6.0660 113.743333     4.2446     35.236  0.000e+00
     34.914     6.6786    32.7510    25.6900 5.0061e-01     0.1273      0.015    1475.17     61.488     6.0656 113.743333     4.2443     35.248  0.000e+00
     34.949     6.6789    32.7509    25.6898 4.8840e-01     0.1261      0.018    1475.17     61.484     6.0651 113.743334     4.2440     35.284  0.000e+00
     34.974     6.6788    32.7507    25.6897 4.7619e-01     0.1261      0.018    1475.17     61.541     6.0708 113.743334     4.2480     35.308  0.000e+00
     34.998     6.6788    32.7506    25.6896 4.7619e-01     0.1261      0.018    1475.17     61.542     6.0709 113.743335     4.2480     35.333  0.000e+00
     35.009     6.6786    32.7512    25.6901 5.1282e-01     0.1273      0.015    1475.17     61.479     6.0647 113.743335     4.2437     35.344  0.000e+00
     35.034     6.6786    32.7516    25.6904 5.3724e-01     0.1261      0.018    1475.17     61.471     6.0638 113.743336     4.2431     35.369  0.000e+00
     35.058     6.6792    32.7521    25.6907 5.3724e-01     0.1273      0.018    1475.17     61.461     6.0628 113.743336     4.2424     35.394  0.000e+00
     35.082     6.6799    32.7528    25.6912 5.2503e-01     0.1261      0.018    1475.18     61.512     6.0677 113.743337     4.2458     35.418  0.000e+00
     35.107     6.6807    32.7528    25.6911 5.2503e-01     0.1261      0.015    1475.18     61.454     6.0618 113.743337     4.2417     35.443  0.000e+00
     35.118     6.6810    32.7532    25.6914 5.3724e-01     0.1273      0.015    1475.18     61.503     6.0667 113.743338     4.2451     35.454  0.000e+00
     35.142     6.6816    32.7525    25.6907 5.7387e-01     0.1261      0.015    1475.18     61.505     6.0668 113.743338     4.2452     35.479  0.000e+00
     35.178     6.6815    32.7528    25.6910 6.8376e-01     0.1261      0.015    1475.18     61.498     6.0661 113.743339     4.2447     35.515  0.000e+00
     35.189     6.6812    32.7529    25.6911 7.0818e-01     0.1261      0.018    1475.18     61.497     6.0661 113.743339     4.2447     35.526  0.000e+00
     35.214     6.6815    32.7535    25.6916 6.4713e-01     0.1273      0.015    1475.18     61.496     6.0659 113.743340     4.2445     35.551  0.000e+00
     35.227     6.6819    32.7546    25.6923 6.1050e-01     0.1261      0.015    1475.19     61.493     6.0655 113.743340     4.2443     35.564  0.000e+00
     35.250     6.6834    32.7554    25.6928 6.1050e-01     0.1261      0.018    1475.20     61.490     6.0649 113.743341     4.2439     35.587  0.000e+00
     35.274     6.6845    32.7567    25.6937 5.8608e-01     0.1261      0.015    1475.20     61.486     6.0643 113.743341     4.2434     35.612  0.000e+00
     35.285     6.6858    32.7573    25.6940 5.8608e-01     0.1261      0.018    1475.21     61.480     6.0635 113.743342     4.2429     35.623  0.000e+00
     35.298     6.6870    32.7576    25.6941 5.8608e-01     0.1273      0.018    1475.21     61.482     6.0635 113.743342     4.2429     35.636  0.000e+00
     35.358     6.6881    32.7580    25.6943 5.9829e-01     0.1261      0.018    1475.22     61.483     6.0635 113.743342     4.2429     35.697  0.000e+00
     35.345     6.6890    32.7590    25.6949 6.3492e-01     0.1261      0.015    1475.22     61.483     6.0633 113.743343     4.2428     35.684  0.000e+00
     35.370     6.6894    32.7597    25.6954 6.5934e-01     0.1261      0.018    1475.23     61.483     6.0632 113.743343     4.2427     35.708  0.000e+00
     35.394     6.6897    32.7600    25.6956 6.4713e-01     0.1273      0.018    1475.23     61.482     6.0631 113.743344     4.2426     35.733  0.000e+00
     35.418     6.6901    32.7599    25.6955 6.7155e-01     0.1261      0.018    1475.23     61.481     6.0629 113.743344     4.2425     35.757  0.000e+00
     35.418     6.6903    32.7604    25.6958 6.7155e-01     0.1261      0.015    1475.23     61.541     6.0688 113.743345     4.2466     35.757  0.000e+00
     35.454     6.6906    32.7610    25.6963 6.3492e-01     0.1261      0.015    1475.23     61.483     6.0630 113.743345     4.2426     35.793  0.000e+00
     35.465     6.6909    32.7616    25.6967 6.2271e-01     0.1261      0.018    1475.24     61.480     6.0626 113.743346     4.2422     35.805  0.000e+00
     35.490     6.6913    32.7620    25.6970 6.1050e-01     0.1261      0.015    1475.24     61.537     6.0682 113.743346     4.2462     35.829  0.000e+00
     35.525     6.6917    32.7626    25.6973 6.1050e-01     0.1261      0.018    1475.24     61.478     6.0623 113.743347     4.2420     35.866  0.000e+00
     35.525     6.6917    32.7630    25.6977 5.8608e-01     0.1261      0.015    1475.24     61.480     6.0624 113.743347     4.2421     35.866  0.000e+00
     35.538     6.6921    32.7632    25.6978 5.8608e-01     0.1261      0.015    1475.24     61.535     6.0679 113.743348     4.2459     35.879  0.000e+00
     35.563     6.6925    32.7634    25.6979 5.8608e-01     0.1261      0.018    1475.25     61.474     6.0617 113.743348     4.2416     35.903  0.000e+00
     35.585     6.6930    32.7634    25.6978 6.1050e-01     0.1261      0.018    1475.25     61.528     6.0670 113.743349     4.2453     35.926  0.000e+00
     35.585     6.6930    32.7638    25.6981 6.5934e-01     0.1261      0.015    1475.25     61.527     6.0669 113.743349     4.2452     35.926  0.000e+00
     35.634     6.6933    32.7641    25.6983 7.0818e-01     0.1261      0.018    1475.25     61.525     6.0666 113.743350     4.2451     35.975  0.000e+00
     35.634     6.6939    32.7644    25.6985 7.8144e-01     0.1261      0.018    1475.25     61.522     6.0662 113.743350     4.2448     35.975  0.000e+00
     35.659     6.6941    32.7657    25.6995 8.0586e-01     0.1261      0.015    1475.26     61.518     6.0657 113.743351     4.2444     36.000  0.000e+00
     35.683     6.6960    32.7675    25.7007 9.0354e-01     0.1261      0.015    1475.27     61.521     6.0657 113.743351     4.2444     36.024  0.000e+00
     35.683     6.6979    32.7683    25.7010 1.0012e+00     0.1261      0.015    1475.28     61.523     6.0656 113.743352     4.2443     36.024  0.000e+00
     35.719     6.6985    32.7684    25.7010 1.0134e+00     0.1261      0.015    1475.28     61.524     6.0657 113.743352     4.2444     36.061  0.000e+00
     35.743     6.6992    32.7686    25.7011 9.4017e-01     0.1261      0.015    1475.28     61.526     6.0657 113.743353     4.2444     36.085  0.000e+00
     35.743     6.6998    32.7690    25.7014 8.7912e-01     0.1261      0.018    1475.28     61.526     6.0656 113.743353     4.2444     36.085  0.000e+00
     35.779     6.7005    32.7698    25.7019 8.0586e-01     0.1261      0.015    1475.29     61.526     6.0655 113.743354     4.2443     36.121  0.000e+00
     35.790     6.7011    32.7694    25.7015 7.3260e-01     0.1261      0.015    1475.29     61.525     6.0653 113.743354     4.2442     36.133  0.000e+00
     35.801     6.7012    32.7691    25.7012 7.3260e-01     0.1261      0.015    1475.29     61.523     6.0652 113.743355     4.2440     36.144  0.000e+00
     35.826     6.7011    32.7695    25.7016 6.9597e-01     0.1273      0.015    1475.29     61.521     6.0650 113.743355     4.2439     36.169  0.000e+00
     35.839     6.7012    32.7687    25.7010 8.9133e-01     0.1261      0.015    1475.29     61.519     6.0647 113.743356     4.2437     36.182  0.000e+00
     35.861     6.7009    32.7685    25.7009 1.1355e+00     0.1273      0.015    1475.29     61.515     6.0644 113.743356     4.2435     36.205  0.000e+00
     35.874     6.7011    32.7683    25.7007 1.0745e+00     0.1261      0.015    1475.29     61.511     6.0640 113.743356     4.2432     36.218  0.000e+00
     35.910     6.7011    32.7683    25.7006 8.9133e-01     0.1261      0.015    1475.29     61.507     6.0636 113.743357     4.2429     36.254  0.000e+00
     35.910     6.7012    32.7689    25.7011 7.8144e-01     0.1261      0.015    1475.29     61.501     6.0630 113.743357     4.2425     36.254  0.000e+00
     35.934     6.7014    32.7696    25.7016 7.3260e-01     0.1261      0.015    1475.30     61.503     6.0631 113.743358     4.2426     36.279  0.000e+00
     35.959     6.7019    32.7700    25.7018 7.0818e-01     0.1261      0.018    1475.30     61.505     6.0632 113.743358     4.2427     36.303  0.000e+00
     35.982     6.7019    32.7701    25.7020 6.9597e-01     0.1261      0.018    1475.30     61.499     6.0626 113.743359     4.2422     36.326  0.000e+00
     35.982     6.7020    32.7695    25.7014 6.8376e-01     0.1261      0.015    1475.30     61.491     6.0619 113.743359     4.2417     36.326  0.000e+00
     36.019     6.7020    32.7701    25.7019 6.7155e-01     0.1261      0.015    1475.30     61.484     6.0611 113.743360     4.2412     36.364  0.000e+00
     36.017     6.7022    32.7699    25.7018 6.4713e-01     0.1261      0.015    1475.30     61.483     6.0610 113.743360     4.2411     36.362  0.000e+00
     36.055     6.7023    32.7701    25.7019 6.5934e-01     0.1261      0.015    1475.30     61.474     6.0601 113.743361     4.2405     36.400  0.000e+00
     36.055     6.7023    32.7702    25.7020 7.2039e-01     0.1273      0.015    1475.30     61.473     6.0600 113.743361     4.2404     36.400  0.000e+00
     36.077     6.7029    32.7700    25.7018 7.2039e-01     0.1261      0.018    1475.30     61.471     6.0597 113.743362     4.2402     36.423  0.000e+00
     36.102     6.7027    32.7700    25.7018 6.7155e-01     0.1261      0.015    1475.30     61.531     6.0657 113.743362     4.2444     36.447  0.000e+00
     36.126     6.7027    32.7697    25.7015 6.3492e-01     0.1261      0.015    1475.30     61.474     6.0600 113.743363     4.2405     36.472  0.000e+00
     36.137     6.7025    32.7693    25.7012 6.4713e-01     0.1261      0.015    1475.30     61.471     6.0598 113.743363     4.2403     36.483  0.000e+00
     36.162     6.7022    32.7694    25.7014 8.9133e-01     0.1261      0.015    1475.30     61.467     6.0595 113.743364     4.2401     36.508  0.000e+00
     36.175     6.7019    32.7695    25.7014 1.1233e+00     0.1261      0.015    1475.30     61.464     6.0592 113.743364     4.2399     36.521  0.000e+00
     36.210     6.7022    32.7695    25.7014 1.0379e+00     0.1261      0.015    1475.30     61.460     6.0587 113.743365     4.2396     36.557  0.000e+00
     36.210     6.7022    32.7704    25.7022 8.5470e-01     0.1261      0.015    1475.30     61.517     6.0644 113.743365     4.2435     36.557  0.000e+00
     36.233     6.7027    32.7707    25.7023 7.2039e-01     0.1261      0.018    1475.31     61.458     6.0585 113.743366     4.2393     36.580  0.000e+00
     36.259     6.7027    32.7706    25.7023 6.5934e-01     0.1261      0.015    1475.31     61.453     6.0579 113.743366     4.2390     36.606  0.000e+00
     36.282     6.7026    32.7706    25.7022 6.3492e-01     0.1261      0.018    1475.31     61.509     6.0635 113.743367     4.2429     36.629  0.000e+00
