Hm4_230419_down.cnv
* Sea-Bird SBE 9 Data File:
* FileName = C:\CTD Brukere\NIVA\IO2019\20190423\Hm4_230419.hex
* Software Version Seasave V 7.23.2
* Temperature SN = 5352
* Conductivity SN = 3840
* Number of Bytes Per Scan = 28
* Number of Voltage Words = 4
* Number of Scans Averaged by the Deck Unit = 1
* NMEA baud rate = 4800
** Ship: R/V Trygve Braarud
** Cruise:
** Station:
** Operator:
# nquan = 14
# nvalues = 6348                                  
# units = specified
# name 0 = depSM: Depth [salt water, m], lat = 59.60
# name 1 = t090C: Temperature [ITS-90, deg C]
# name 2 = sal00: Salinity, Practical [PSU]
# name 3 = sigma-t00: Density [sigma-t, kg/m^3 ]
# name 4 = flSP: Fluorescence, Seapoint
# name 5 = wetStar: Fluorescence, WET Labs WETstar [mg/m^3]
# name 6 = seaTurbMtr: Turbidity, Seapoint [FTU]
# name 7 = svCM: Sound Velocity [Chen-Millero, m/s]
# name 8 = sbeox0PS: Oxygen, SBE 43 [% saturation]
# name 9 = sbeox0Mg/L: Oxygen, SBE 43 [mg/l]
# name 10 = timeJ: Julian Days
# name 11 = sbeox0ML/L: Oxygen, SBE 43 [ml/l]
# name 12 = prDM: Pressure, Digiquartz [db]
# name 13 = flag:  0.000e+00
# span 0 =      0.578,     97.789                 
# span 1 =     6.0024,    10.7489                 
# span 2 =    23.5648,    33.0852                 
# span 3 =    17.9281,    25.9062                 
# span 4 = 2.3199e-01, 9.7314e+00                 
# span 5 =     0.1249,     0.1273                 
# span 6 =      0.007,      0.018                 
# span 7 =    1469.27,    1478.72                 
# span 8 =     59.943,    107.036                 
# span 9 =     5.8740,    10.5088                 
# span 10 = 113.742222, 113.745283                
# span 11 =     4.1102,     7.3534                
# span 12 =      0.583,     98.740                
# span 13 = 0.0000e+00, 0.0000e+00                
# interval = seconds: 0.0416667
# start_time = Apr 23 2019 17:48:48 [System UpLoad Time]
# bad_flag = -9.990e-29
*END*
[from data line 723]
      2.836     9.2198    24.2344    18.6729 5.4212e+00     0.1273      0.011    1473.89    105.921    10.4220 113.742571     7.2927      2.863  0.000e+00
      2.871     9.2055    24.2414    18.6804 5.4579e+00     0.1273      0.011    1473.85    105.959    10.4286 113.742571     7.2973      2.899  0.000e+00
      2.883     9.1903    24.2494    18.6887 5.4090e+00     0.1261      0.011    1473.80    106.050    10.4406 113.742572     7.3057      2.910  0.000e+00
      2.896     9.1791    24.2558    18.6952 5.3114e+00     0.1273      0.011    1473.77    106.078    10.4456 113.742572     7.3092      2.923  0.000e+00
      2.931     9.1710    24.2609    18.7003 5.2503e+00     0.1261      0.011    1473.74    106.167    10.4559 113.742573     7.3164      2.959  0.000e+00
      2.942     9.1658    24.2651    18.7043 5.2625e+00     0.1261      0.011    1473.73    106.138    10.4540 113.742573     7.3151      2.970  0.000e+00
      2.967     9.1616    24.2681    18.7072 5.3480e+00     0.1273      0.011    1473.72    106.224    10.4632 113.742574     7.3216      2.995  0.000e+00
      2.991     9.1585    24.2705    18.7095 5.4701e+00     0.1261      0.011    1473.71    106.246    10.4661 113.742574     7.3235      3.019  0.000e+00
      3.002     9.1554    24.2734    18.7122 5.5433e+00     0.1261      0.011    1473.70    106.274    10.4693 113.742575     7.3258      3.031  0.000e+00
      3.027     9.1519    24.2765    18.7151 5.6410e+00     0.1273      0.011    1473.69    106.294    10.4719 113.742575     7.3276      3.055  0.000e+00
      3.049     9.1485    24.2789    18.7175 5.6777e+00     0.1261      0.011    1473.68    106.373    10.4803 113.742576     7.3335      3.078  0.000e+00
      3.049     9.1456    24.2805    18.7191 5.6166e+00     0.1273      0.015    1473.67    106.389    10.4824 113.742576     7.3350      3.078  0.000e+00
      3.087     9.1436    24.2811    18.7199 5.5433e+00     0.1273      0.011    1473.67    106.409    10.4849 113.742577     7.3367      3.116  0.000e+00
      3.109     9.1420    24.2824    18.7211 5.5433e+00     0.1261      0.015    1473.66    106.428    10.4870 113.742577     7.3382      3.139  0.000e+00
      3.133     9.1409    24.2837    18.7222 5.5678e+00     0.1261      0.011    1473.66    106.437    10.4881 113.742578     7.3390      3.163  0.000e+00
      3.145     9.1402    24.2841    18.7226 5.5678e+00     0.1261      0.011    1473.66    106.512    10.4956 113.742578     7.3442      3.175  0.000e+00
      3.182     9.1391    24.2843    18.7230 5.5678e+00     0.1261      0.011    1473.65    106.524    10.4970 113.742579     7.3452      3.212  0.000e+00
      3.205     9.1381    24.2847    18.7234 5.6410e+00     0.1261      0.011    1473.65    106.533    10.4981 113.742579     7.3460      3.235  0.000e+00
      3.205     9.1369    24.2851    18.7239 5.8608e+00     0.1261      0.011    1473.65    106.478    10.4930 113.742580     7.3424      3.235  0.000e+00
      3.205     9.1362    24.2853    18.7241 6.2515e+00     0.1261      0.011    1473.64    106.597    10.5049 113.742580     7.3507      3.235  0.000e+00
      3.252     9.1349    24.2858    18.7247 6.7643e+00     0.1261      0.011    1473.64    106.606    10.5060 113.742581     7.3515      3.283  0.000e+00
      3.300     9.1345    24.2864    18.7252 7.0818e+00     0.1273      0.011    1473.64    106.612    10.5067 113.742581     7.3519      3.332  0.000e+00
      3.300     9.1341    24.2878    18.7264 7.2161e+00     0.1261      0.011    1473.64    106.621    10.5076 113.742582     7.3526      3.332  0.000e+00
      3.349     9.1338    24.2889    18.7273 7.3016e+00     0.1261      0.011    1473.64    106.629    10.5083 113.742582     7.3531      3.381  0.000e+00
      3.360     9.1336    24.2894    18.7277 7.3138e+00     0.1261      0.011    1473.64    106.633    10.5088 113.742582     7.3534      3.392  0.000e+00
      3.373     9.1326    24.2901    18.7284 7.3626e+00     0.1261      0.011    1473.64    106.628    10.5084 113.742583     7.3532      3.405  0.000e+00
      3.384     9.1323    24.2911    18.7292 7.3871e+00     0.1273      0.011    1473.64    106.627    10.5084 113.742583     7.3531      3.416  0.000e+00
      3.409     9.1320    24.2914    18.7295 7.3138e+00     0.1261      0.011    1473.64    106.624    10.5081 113.742584     7.3529      3.441  0.000e+00
      3.456     9.1320    24.2915    18.7295 7.1062e+00     0.1261      0.011    1473.64    106.618    10.5075 113.742584     7.3526      3.488  0.000e+00
      3.456     9.1321    24.2918    18.7298 7.0330e+00     0.1261      0.011    1473.64    106.609    10.5066 113.742585     7.3519      3.488  0.000e+00
      3.480     9.1325    24.2923    18.7301 7.2405e+00     0.1261      0.011    1473.64    106.598    10.5054 113.742585     7.3511      3.513  0.000e+00
      3.515     9.1326    24.2927    18.7304 7.4359e+00     0.1261      0.015    1473.65    106.592    10.5047 113.742586     7.3506      3.549  0.000e+00
      3.515     9.1326    24.2931    18.7307 7.6435e+00     0.1261      0.011    1473.65    106.583    10.5038 113.742586     7.3500      3.549  0.000e+00
      3.538     9.1326    24.2942    18.7316 7.6801e+00     0.1273      0.011    1473.65    106.511    10.4967 113.742587     7.3450      3.572  0.000e+00
      3.575     9.1320    24.2949    18.7322 7.5580e+00     0.1261      0.011    1473.65    106.492    10.4949 113.742587     7.3437      3.609  0.000e+00
      3.587     9.1320    24.2947    18.7321 7.3260e+00     0.1261      0.011    1473.65    106.409    10.4867 113.742588     7.3380      3.621  0.000e+00
      3.611     9.1315    24.2953    18.7326 7.1551e+00     0.1261      0.011    1473.65    106.379    10.4839 113.742588     7.3360      3.645  0.000e+00
      3.647     9.1315    24.2954    18.7327 7.1062e+00     0.1261      0.011    1473.65    106.348    10.4807 113.742589     7.3338      3.681  0.000e+00
      3.647     9.1314    24.2955    18.7327 7.1062e+00     0.1273      0.011    1473.65    106.260    10.4721 113.742589     7.3278      3.681  0.000e+00
      3.671     9.1305    24.2949    18.7324 7.1062e+00     0.1273      0.011    1473.64    106.165    10.4630 113.742590     7.3214      3.706  0.000e+00
      3.682     9.1290    24.2947    18.7325 7.1795e+00     0.1261      0.011    1473.64    106.123    10.4592 113.742590     7.3188      3.717  0.000e+00
      3.706     9.1273    24.2949    18.7328 7.2772e+00     0.1261      0.011    1473.63    106.020    10.4495 113.742591     7.3119      3.742  0.000e+00
      3.731     9.1265    24.2946    18.7327 7.3138e+00     0.1261      0.011    1473.63    105.977    10.4454 113.742591     7.3091      3.766  0.000e+00
      3.742     9.1260    24.2945    18.7327 7.3138e+00     0.1261      0.011    1473.63    105.873    10.4353 113.742592     7.3020      3.778  0.000e+00
      3.791     9.1246    24.2951    18.7334 7.3626e+00     0.1261      0.011    1473.62    105.823    10.4307 113.742592     7.2988      3.827  0.000e+00
      3.791     9.1240    24.2955    18.7338 7.4847e+00     0.1261      0.011    1473.62    105.773    10.4258 113.742593     7.2954      3.827  0.000e+00
      3.802     9.1232    24.2959    18.7342 7.6068e+00     0.1273      0.011    1473.62    105.601    10.4090 113.742593     7.2836      3.838  0.000e+00
      3.851     9.1223    24.2961    18.7345 7.7045e+00     0.1261      0.011    1473.62    105.545    10.4038 113.742594     7.2800      3.887  0.000e+00
      3.851     9.1213    24.2966    18.7350 7.6923e+00     0.1273      0.011    1473.61    105.490    10.3985 113.742594     7.2763      3.887  0.000e+00
      3.886     9.1203    24.2973    18.7356 7.6068e+00     0.1273      0.011    1473.61    105.375    10.3874 113.742595     7.2685      3.923  0.000e+00
      3.886     9.1199    24.2976    18.7360 7.4481e+00     0.1261      0.011    1473.61    105.254    10.3755 113.742595     7.2602      3.923  0.000e+00
      3.910     9.1193    24.2985    18.7368 7.3504e+00     0.1273      0.011    1473.61    105.196    10.3699 113.742595     7.2562      3.948  0.000e+00
      3.944     9.1189    24.2988    18.7371 7.3504e+00     0.1261      0.011    1473.61    105.139    10.3644 113.742596     7.2524      3.982  0.000e+00
      3.957     9.1187    24.2991    18.7373 7.4115e+00     0.1273      0.011    1473.61    105.031    10.3537 113.742596     7.2449      3.995  0.000e+00
      3.982     9.1184    24.2999    18.7380 7.4237e+00     0.1273      0.011    1473.61    104.971    10.3478 113.742597     7.2408      4.019  0.000e+00
      4.006     9.1181    24.3001    18.7382 7.3748e+00     0.1261      0.011    1473.61    104.921    10.3429 113.742597     7.2374      4.044  0.000e+00
      4.017     9.1177    24.3006    18.7386 7.3260e+00     0.1273      0.011    1473.61    104.812    10.3322 113.742598     7.2299      4.055  0.000e+00
      4.029     9.1175    24.3008    18.7388 7.2772e+00     0.1261      0.011    1473.61    104.759    10.3271 113.742598     7.2263      4.067  0.000e+00
      4.053     9.1175    24.3005    18.7386 7.2894e+00     0.1261      0.011    1473.61    104.649    10.3162 113.742599     7.2187      4.091  0.000e+00
      4.064     9.1169    24.3012    18.7392 7.3504e+00     0.1261      0.011    1473.61    104.602    10.3117 113.742599     7.2155      4.103  0.000e+00
      4.088     9.1168    24.3011    18.7391 7.4359e+00     0.1261      0.011    1473.60    104.497    10.3014 113.742600     7.2083      4.127  0.000e+00
      4.124     9.1166    24.3012    18.7392 7.5336e+00     0.1261      0.011    1473.60    104.451    10.2968 113.742600     7.2051      4.163  0.000e+00
      4.148     9.1163    24.3017    18.7396 7.6068e+00     0.1273      0.011    1473.60    104.346    10.2866 113.742601     7.1980      4.188  0.000e+00
      4.173     9.1163    24.3025    18.7403 7.7167e+00     0.1261      0.011    1473.61    104.239    10.2759 113.742601     7.1905      4.212  0.000e+00
      4.173     9.1161    24.3033    18.7409 7.8144e+00     0.1273      0.011    1473.61    104.196    10.2717 113.742602     7.1875      4.212  0.000e+00
      4.184     9.1160    24.3041    18.7416 7.8266e+00     0.1261      0.011    1473.61    104.096    10.2619 113.742602     7.1807      4.224  0.000e+00
      4.207     9.1160    24.3042    18.7417 7.6801e+00     0.1273      0.011    1473.61    103.995    10.2519 113.742603     7.1737      4.247  0.000e+00
      4.220     9.1156    24.3049    18.7422 7.6435e+00     0.1261      0.011    1473.61    103.945    10.2470 113.742603     7.1703      4.260  0.000e+00
      4.244     9.1156    24.3047    18.7421 7.6923e+00     0.1261      0.011    1473.61    103.854    10.2380 113.742604     7.1639      4.284  0.000e+00
      4.268     9.1153    24.3047    18.7421 7.6557e+00     0.1261      0.011    1473.61    103.821    10.2349 113.742604     7.1618      4.309  0.000e+00
      4.292     9.1155    24.3044    18.7419 7.6313e+00     0.1261      0.011    1473.61    103.794    10.2322 113.742605     7.1599      4.333  0.000e+00
      4.304     9.1148    24.3047    18.7422 7.6313e+00     0.1261      0.011    1473.61    103.712    10.2242 113.742605     7.1543      4.345  0.000e+00
      4.326     9.1142    24.3048    18.7424 7.6313e+00     0.1261      0.011    1473.60    103.628    10.2161 113.742606     7.1486      4.368  0.000e+00
      4.328     9.1134    24.3053    18.7429 7.5824e+00     0.1261      0.011    1473.60    103.543    10.2079 113.742606     7.1429      4.369  0.000e+00
      4.364     9.1126    24.3060    18.7435 7.5214e+00     0.1261      0.011    1473.60    103.519    10.2056 113.742607     7.1413      4.405  0.000e+00
      4.375     9.1116    24.3063    18.7439 7.4603e+00     0.1261      0.011    1473.60    103.440    10.1981 113.742607     7.1360      4.417  0.000e+00
      4.388     9.1098    24.3063    18.7442 7.4603e+00     0.1273      0.011    1473.59    103.361    10.1906 113.742608     7.1308      4.430  0.000e+00
      4.424     9.1077    24.3073    18.7452 7.5214e+00     0.1273      0.011    1473.58    103.343    10.1893 113.742608     7.1299      4.466  0.000e+00
      4.433     9.1055    24.3093    18.7471 7.6190e+00     0.1273      0.011    1473.58    103.270    10.1825 113.742609     7.1251      4.475  0.000e+00
      4.459     9.1033    24.3118    18.7494 7.7900e+00     0.1261      0.011    1473.57    103.259    10.1817 113.742609     7.1246      4.502  0.000e+00
      4.471     9.1024    24.3150    18.7519 7.9976e+00     0.1273      0.011    1473.57    103.194    10.1753 113.742609     7.1201      4.513  0.000e+00
      4.506     9.1021    24.3195    18.7555 8.0708e+00     0.1261      0.011    1473.58    103.129    10.1687 113.742610     7.1155      4.549  0.000e+00
      4.506     9.1022    24.3237    18.7587 7.9853e+00     0.1261      0.011    1473.58    103.119    10.1674 113.742610     7.1146      4.549  0.000e+00
      4.542     9.1026    24.3268    18.7611 7.8510e+00     0.1261      0.011    1473.59    103.056    10.1609 113.742611     7.1100      4.585  0.000e+00
      4.555     9.1038    24.3282    18.7621 7.8266e+00     0.1273      0.011    1473.60    102.986    10.1537 113.742611     7.1049      4.598  0.000e+00
      4.579     9.1043    24.3304    18.7637 7.9243e+00     0.1273      0.011    1473.60    102.978    10.1526 113.742612     7.1042      4.622  0.000e+00
      4.602     9.1053    24.3310    18.7641 8.0952e+00     0.1261      0.011    1473.61    102.917    10.1463 113.742612     7.0998      4.645  0.000e+00
      4.615     9.1058    24.3319    18.7647 8.2662e+00     0.1273      0.011    1473.61    102.850    10.1395 113.742613     7.0951      4.658  0.000e+00
      4.636     9.1064    24.3325    18.7650 8.3272e+00     0.1261      0.011    1473.61    102.838    10.1382 113.742613     7.0941      4.680  0.000e+00
      4.674     9.1067    24.3331    18.7655 8.3761e+00     0.1261      0.011    1473.62    102.773    10.1316 113.742614     7.0895      4.719  0.000e+00
      4.674     9.1071    24.3332    18.7655 8.3272e+00     0.1261      0.011    1473.62    102.762    10.1305 113.742614     7.0887      4.719  0.000e+00
      4.697     9.1074    24.3335    18.7657 8.2295e+00     0.1273      0.011    1473.62    102.698    10.1241 113.742615     7.0843      4.742  0.000e+00
      4.721     9.1081    24.3333    18.7654 8.1929e+00     0.1261      0.011    1473.62    102.629    10.1171 113.742615     7.0794      4.766  0.000e+00
      4.744     9.1084    24.3332    18.7654 8.1441e+00     0.1273      0.011    1473.62    102.621    10.1163 113.742616     7.0788      4.789  0.000e+00
      4.746     9.1087    24.3337    18.7657 8.0952e+00     0.1273      0.011    1473.62    102.560    10.1102 113.742616     7.0745      4.791  0.000e+00
      4.781     9.1090    24.3338    18.7657 8.0830e+00     0.1273      0.011    1473.63    102.548    10.1089 113.742617     7.0736      4.827  0.000e+00
      4.806     9.1093    24.3340    18.7659 8.0464e+00     0.1273      0.011    1473.63    102.483    10.1024 113.742617     7.0690      4.851  0.000e+00
      4.830     9.1092    24.3342    18.7660 8.0220e+00     0.1261      0.011    1473.63    102.418    10.0960 113.742618     7.0646      4.876  0.000e+00
      4.840     9.1095    24.3345    18.7662 8.0220e+00     0.1273      0.011    1473.63    102.409    10.0950 113.742618     7.0639      4.886  0.000e+00
      4.877     9.1092    24.3350    18.7666 8.1074e+00     0.1261      0.011    1473.63    102.339    10.0882 113.742619     7.0591      4.923  0.000e+00
      4.877     9.1086    24.3357    18.7672 8.1807e+00     0.1261      0.011    1473.63    102.332    10.0876 113.742619     7.0587      4.923  0.000e+00
      4.912     9.1086    24.3361    18.7676 8.1319e+00     0.1261      0.011    1473.63    102.272    10.0816 113.742620     7.0545      4.959  0.000e+00
