Hm4_230419_down.cnv
* Sea-Bird SBE 9 Data File:
* FileName = C:\CTD Brukere\NIVA\IO2019\20190423\Hm4_230419.hex
* Software Version Seasave V 7.23.2
* Temperature SN = 5352
* Conductivity SN = 3840
* Number of Bytes Per Scan = 28
* Number of Voltage Words = 4
* Number of Scans Averaged by the Deck Unit = 1
* NMEA baud rate = 4800
** Ship: R/V Trygve Braarud
** Cruise:
** Station:
** Operator:
# nquan = 14
# nvalues = 6348                                  
# units = specified
# name 0 = depSM: Depth [salt water, m], lat = 59.60
# name 1 = t090C: Temperature [ITS-90, deg C]
# name 2 = sal00: Salinity, Practical [PSU]
# name 3 = sigma-t00: Density [sigma-t, kg/m^3 ]
# name 4 = flSP: Fluorescence, Seapoint
# name 5 = wetStar: Fluorescence, WET Labs WETstar [mg/m^3]
# name 6 = seaTurbMtr: Turbidity, Seapoint [FTU]
# name 7 = svCM: Sound Velocity [Chen-Millero, m/s]
# name 8 = sbeox0PS: Oxygen, SBE 43 [% saturation]
# name 9 = sbeox0Mg/L: Oxygen, SBE 43 [mg/l]
# name 10 = timeJ: Julian Days
# name 11 = sbeox0ML/L: Oxygen, SBE 43 [ml/l]
# name 12 = prDM: Pressure, Digiquartz [db]
# name 13 = flag:  0.000e+00
# span 0 =      0.578,     97.789                 
# span 1 =     6.0024,    10.7489                 
# span 2 =    23.5648,    33.0852                 
# span 3 =    17.9281,    25.9062                 
# span 4 = 2.3199e-01, 9.7314e+00                 
# span 5 =     0.1249,     0.1273                 
# span 6 =      0.007,      0.018                 
# span 7 =    1469.27,    1478.72                 
# span 8 =     59.943,    107.036                 
# span 9 =     5.8740,    10.5088                 
# span 10 = 113.742222, 113.745283                
# span 11 =     4.1102,     7.3534                
# span 12 =      0.583,     98.740                
# span 13 = 0.0000e+00, 0.0000e+00                
# interval = seconds: 0.0416667
# start_time = Apr 23 2019 17:48:48 [System UpLoad Time]
# bad_flag = -9.990e-29
*END*
[from data line 4233]
     74.085     6.9905    33.0478    25.8824 2.6862e-01     0.1261      0.018    1477.40     60.628     5.9263 113.744264     4.1469     74.801  0.000e+00
     74.125     6.9905    33.0473    25.8820 2.6862e-01     0.1261      0.018    1477.40     60.630     5.9265 113.744264     4.1470     74.842  0.000e+00
     74.125     6.9905    33.0476    25.8823 2.6862e-01     0.1261      0.018    1477.40     60.632     5.9266 113.744265     4.1471     74.842  0.000e+00
     74.161     6.9906    33.0479    25.8825 2.6862e-01     0.1261      0.018    1477.41     60.634     5.9268 113.744265     4.1472     74.878  0.000e+00
     74.173     6.9907    33.0479    25.8825 2.6862e-01     0.1273      0.015    1477.41     60.573     5.9209 113.744266     4.1431     74.890  0.000e+00
     74.186     6.9908    33.0480    25.8826 2.6862e-01     0.1261      0.018    1477.41     60.630     5.9264 113.744266     4.1469     74.903  0.000e+00
     74.230     6.9908    33.0476    25.8822 2.6862e-01     0.1261      0.018    1477.41     60.632     5.9266 113.744266     4.1471     74.947  0.000e+00
     74.233     6.9908    33.0482    25.8827 2.5641e-01     0.1261      0.018    1477.41     60.634     5.9268 113.744267     4.1472     74.951  0.000e+00
     74.257     6.9906    33.0474    25.8821 2.6862e-01     0.1261      0.018    1477.41     60.636     5.9271 113.744267     4.1474     74.975  0.000e+00
     74.282     6.9905    33.0468    25.8816 2.6862e-01     0.1261      0.018    1477.41     60.638     5.9273 113.744268     4.1476     75.000  0.000e+00
     74.306     6.9904    33.0471    25.8819 2.6862e-01     0.1261      0.018    1477.41     60.632     5.9267 113.744268     4.1472     75.025  0.000e+00
     74.326     6.9904    33.0472    25.8819 2.6862e-01     0.1261      0.018    1477.41     60.634     5.9269 113.744269     4.1473     75.044  0.000e+00
     74.355     6.9905    33.0470    25.8818 2.6862e-01     0.1261      0.015    1477.41     60.636     5.9271 113.744269     4.1474     75.074  0.000e+00
     74.366     6.9905    33.0476    25.8822 2.6862e-01     0.1273      0.015    1477.41     60.638     5.9272 113.744270     4.1475     75.085  0.000e+00
     74.402     6.9907    33.0473    25.8820 2.6862e-01     0.1261      0.018    1477.41     60.640     5.9274 113.744270     4.1476     75.122  0.000e+00
     74.402     6.9904    33.0477    25.8824 2.9304e-01     0.1261      0.018    1477.41     60.633     5.9268 113.744271     4.1472     75.122  0.000e+00
     74.435     6.9905    33.0472    25.8819 2.9304e-01     0.1261      0.015    1477.41     60.635     5.9269 113.744271     4.1473     75.155  0.000e+00
     74.440     6.9905    33.0472    25.8820 3.1746e-01     0.1261      0.018    1477.41     60.636     5.9271 113.744272     4.1474     75.159  0.000e+00
     74.500     6.9904    33.0477    25.8823 3.5409e-01     0.1261      0.018    1477.41     60.630     5.9265 113.744272     4.1470     75.220  0.000e+00
     74.500     6.9905    33.0474    25.8821 3.9072e-01     0.1261      0.015    1477.41     60.631     5.9265 113.744273     4.1470     75.220  0.000e+00
     74.523     6.9905    33.0475    25.8822 4.0293e-01     0.1261      0.018    1477.41     60.632     5.9266 113.744273     4.1471     75.243  0.000e+00
     74.544     6.9905    33.0471    25.8819 4.1514e-01     0.1261      0.015    1477.41     60.633     5.9268 113.744274     4.1472     75.265  0.000e+00
     74.560     6.9905    33.0474    25.8821 3.7851e-01     0.1261      0.015    1477.41     60.634     5.9269 113.744274     4.1473     75.281  0.000e+00
     74.585     6.9907    33.0474    25.8821 3.4188e-01     0.1261      0.018    1477.41     60.635     5.9270 113.744275     4.1473     75.306  0.000e+00
     74.620     6.9905    33.0474    25.8821 3.1746e-01     0.1261      0.018    1477.41     60.636     5.9271 113.744275     4.1474     75.342  0.000e+00
     74.632     6.9905    33.0475    25.8822 2.9304e-01     0.1261      0.015    1477.41     60.638     5.9272 113.744276     4.1475     75.354  0.000e+00
     74.651     6.9905    33.0475    25.8822 2.9304e-01     0.1261      0.015    1477.41     60.639     5.9273 113.744276     4.1476     75.373  0.000e+00
     74.668     6.9907    33.0479    25.8825 3.0525e-01     0.1273      0.018    1477.41     60.640     5.9274 113.744277     4.1476     75.390  0.000e+00
     74.692     6.9907    33.0478    25.8824 4.5177e-01     0.1261      0.015    1477.41     60.641     5.9275 113.744277     4.1477     75.414  0.000e+00
     74.705     6.9909    33.0475    25.8821 7.8144e-01     0.1261      0.015    1477.42     60.642     5.9276 113.744278     4.1478     75.428  0.000e+00
     74.736     6.9907    33.0477    25.8823 1.0256e+00     0.1261      0.018    1477.42     60.643     5.9277 113.744278     4.1479     75.459  0.000e+00
     74.752     6.9907    33.0472    25.8819 1.1355e+00     0.1261      0.015    1477.41     60.644     5.9278 113.744279     4.1480     75.475  0.000e+00
     74.777     6.9902    33.0475    25.8822 1.1722e+00     0.1261      0.015    1477.41     60.645     5.9280 113.744279     4.1481     75.500  0.000e+00
     74.801     6.9902    33.0469    25.8817 1.1477e+00     0.1261      0.015    1477.41     60.647     5.9281 113.744280     4.1482     75.525  0.000e+00
     74.813     6.9903    33.0472    25.8819 1.0623e+00     0.1261      0.015    1477.41     60.648     5.9282 113.744280     4.1482     75.536  0.000e+00
     74.834     6.9904    33.0475    25.8822 9.7680e-01     0.1261      0.018    1477.42     60.641     5.9275 113.744280     4.1477     75.557  0.000e+00
     74.850     6.9904    33.0474    25.8821 9.2796e-01     0.1261      0.018    1477.42     60.634     5.9268 113.744281     4.1472     75.574  0.000e+00
     74.874     6.9905    33.0473    25.8821 9.8901e-01     0.1261      0.015    1477.42     60.634     5.9269 113.744281     4.1473     75.599  0.000e+00
     74.897     6.9904    33.0475    25.8822 1.0012e+00     0.1261      0.015    1477.42     60.635     5.9269 113.744282     4.1473     75.622  0.000e+00
     74.905     6.9903    33.0477    25.8823 9.4017e-01     0.1261      0.015    1477.42     60.697     5.9331 113.744282     4.1516     75.630  0.000e+00
     74.935     6.9905    33.0474    25.8821 8.9133e-01     0.1273      0.015    1477.42     60.643     5.9277 113.744283     4.1479     75.659  0.000e+00
     74.957     6.9902    33.0474    25.8821 9.0354e-01     0.1261      0.015    1477.42     60.643     5.9278 113.744283     4.1479     75.682  0.000e+00
     74.957     6.9902    33.0473    25.8821 1.0134e+00     0.1261      0.018    1477.42     60.705     5.9339 113.744284     4.1522     75.682  0.000e+00
     75.001     6.9902    33.0474    25.8821 1.0379e+00     0.1261      0.015    1477.42     60.651     5.9285 113.744284     4.1484     75.727  0.000e+00
     75.006     6.9903    33.0470    25.8818 9.7680e-01     0.1261      0.015    1477.42     60.650     5.9285 113.744285     4.1484     75.732  0.000e+00
     75.031     6.9902    33.0472    25.8820 8.7912e-01     0.1261      0.015    1477.42     60.650     5.9285 113.744285     4.1484     75.756  0.000e+00
     75.055     6.9904    33.0474    25.8821 7.6923e-01     0.1261      0.015    1477.42     60.650     5.9285 113.744286     4.1484     75.781  0.000e+00
     75.062     6.9904    33.0475    25.8822 6.5934e-01     0.1261      0.015    1477.42     60.650     5.9284 113.744286     4.1484     75.788  0.000e+00
     75.102     6.9907    33.0474    25.8821 5.8608e-01     0.1261      0.015    1477.42     60.650     5.9284 113.744287     4.1483     75.829  0.000e+00
     75.102     6.9908    33.0474    25.8821 5.2503e-01     0.1261      0.015    1477.42     60.650     5.9283 113.744287     4.1483     75.829  0.000e+00
     75.127     6.9910    33.0474    25.8821 4.8840e-01     0.1261      0.018    1477.42     60.649     5.9283 113.744288     4.1483     75.853  0.000e+00
     75.146     6.9907    33.0476    25.8822 4.6398e-01     0.1261      0.018    1477.42     60.649     5.9283 113.744288     4.1483     75.873  0.000e+00
     75.163     6.9907    33.0475    25.8821 4.7619e-01     0.1273      0.015    1477.42     60.649     5.9283 113.744289     4.1483     75.890  0.000e+00
     75.200     6.9904    33.0475    25.8822 4.6398e-01     0.1261      0.018    1477.42     60.641     5.9276 113.744289     4.1478     75.927  0.000e+00
     75.207     6.9904    33.0479    25.8825 4.1514e-01     0.1261      0.018    1477.42     60.640     5.9275 113.744290     4.1477     75.934  0.000e+00
     75.225     6.9906    33.0479    25.8825 4.1514e-01     0.1261      0.015    1477.42     60.640     5.9274 113.744290     4.1477     75.952  0.000e+00
     75.247     6.9905    33.0476    25.8823 3.9072e-01     0.1261      0.018    1477.42     60.640     5.9274 113.744291     4.1476     75.975  0.000e+00
     75.260     6.9907    33.0469    25.8817 3.6630e-01     0.1273      0.018    1477.42     60.639     5.9273 113.744291     4.1476     75.988  0.000e+00
     75.291     6.9905    33.0471    25.8819 3.4188e-01     0.1273      0.015    1477.42     60.576     5.9212 113.744292     4.1433     76.020  0.000e+00
     75.308     6.9904    33.0469    25.8817 3.2967e-01     0.1261      0.015    1477.42     60.631     5.9266 113.744292     4.1471     76.036  0.000e+00
     75.321     6.9903    33.0467    25.8816 3.1746e-01     0.1261      0.015    1477.42     60.631     5.9266 113.744293     4.1471     76.049  0.000e+00
     75.321     6.9902    33.0471    25.8819 3.0525e-01     0.1273      0.018    1477.42     60.630     5.9265 113.744293     4.1470     76.049  0.000e+00
     75.387     6.9902    33.0474    25.8821 3.0525e-01     0.1261      0.018    1477.42     60.630     5.9266 113.744293     4.1471     76.117  0.000e+00
     75.381     6.9902    33.0475    25.8822 2.9304e-01     0.1261      0.018    1477.42     60.630     5.9265 113.744294     4.1470     76.110  0.000e+00
     75.405     6.9905    33.0472    25.8819 3.0525e-01     0.1261      0.018    1477.42     60.630     5.9265 113.744294     4.1470     76.135  0.000e+00
     75.412     6.9905    33.0470    25.8818 3.1746e-01     0.1261      0.018    1477.42     60.630     5.9265 113.744295     4.1470     76.141  0.000e+00
     75.441     6.9904    33.0470    25.8818 3.1746e-01     0.1261      0.018    1477.42     60.630     5.9265 113.744295     4.1470     76.171  0.000e+00
     75.466     6.9902    33.0468    25.8817 3.2967e-01     0.1261      0.015    1477.42     60.629     5.9265 113.744296     4.1470     76.195  0.000e+00
     75.472     6.9902    33.0468    25.8816 3.4188e-01     0.1261      0.018    1477.42     60.629     5.9265 113.744296     4.1470     76.202  0.000e+00
     75.490     6.9902    33.0473    25.8820 3.4188e-01     0.1261      0.018    1477.43     60.629     5.9264 113.744297     4.1470     76.220  0.000e+00
     75.526     6.9901    33.0470    25.8819 3.2967e-01     0.1261      0.018    1477.43     60.629     5.9264 113.744297     4.1470     76.256  0.000e+00
     75.537     6.9904    33.0468    25.8817 3.2967e-01     0.1261      0.018    1477.43     60.629     5.9264 113.744298     4.1469     76.268  0.000e+00
     75.557     6.9902    33.0473    25.8821 3.2967e-01     0.1261      0.018    1477.43     60.629     5.9264 113.744298     4.1469     76.288  0.000e+00
     75.586     6.9902    33.0474    25.8822 3.1746e-01     0.1261      0.018    1477.43     60.629     5.9264 113.744299     4.1469     76.317  0.000e+00
     75.586     6.9902    33.0472    25.8820 3.1746e-01     0.1273      0.018    1477.43     60.628     5.9263 113.744299     4.1469     76.317  0.000e+00
     75.630     6.9901    33.0476    25.8823 3.1746e-01     0.1261      0.015    1477.43     60.628     5.9263 113.744300     4.1469     76.362  0.000e+00
     75.635     6.9905    33.0476    25.8823 3.4188e-01     0.1261      0.018    1477.43     60.628     5.9263 113.744300     4.1468     76.367  0.000e+00
     75.659     6.9908    33.0479    25.8825 3.4188e-01     0.1261      0.015    1477.43     60.628     5.9262 113.744301     4.1468     76.391  0.000e+00
     75.666     6.9908    33.0476    25.8822 3.2967e-01     0.1261      0.015    1477.43     60.628     5.9262 113.744301     4.1468     76.398  0.000e+00
     75.695     6.9905    33.0471    25.8819 3.1746e-01     0.1261      0.018    1477.43     60.627     5.9262 113.744302     4.1468     76.427  0.000e+00
     75.731     6.9905    33.0466    25.8815 3.1746e-01     0.1261      0.018    1477.43     60.627     5.9263 113.744302     4.1468     76.464  0.000e+00
     75.726     6.9902    33.0472    25.8820 3.1746e-01     0.1261      0.018    1477.43     60.689     5.9323 113.744303     4.1511     76.459  0.000e+00
     75.742     6.9898    33.0474    25.8822 3.1746e-01     0.1261      0.018    1477.43     60.697     5.9331 113.744303     4.1516     76.475  0.000e+00
     75.780     6.9900    33.0481    25.8827 3.2967e-01     0.1261      0.018    1477.43     60.704     5.9337 113.744304     4.1521     76.513  0.000e+00
     75.798     6.9913    33.0510    25.8848 3.6630e-01     0.1261      0.015    1477.44     60.648     5.9279 113.744304     4.1480     76.531  0.000e+00
     75.816     6.9933    33.0521    25.8854 3.5409e-01     0.1261      0.015    1477.45     60.646     5.9275 113.744305     4.1477     76.549  0.000e+00
     75.827     6.9936    33.0504    25.8840 3.1746e-01     0.1261      0.018    1477.45     60.708     5.9335 113.744305     4.1519     76.561  0.000e+00
     75.847     6.9930    33.0489    25.8830 2.9304e-01     0.1261      0.015    1477.44     60.714     5.9343 113.744306     4.1524     76.580  0.000e+00
     75.876     6.9926    33.0487    25.8829 2.8083e-01     0.1261      0.018    1477.44     60.728     5.9357 113.744306     4.1534     76.610  0.000e+00
     75.887     6.9924    33.0510    25.8847 3.1746e-01     0.1261      0.018    1477.45     60.734     5.9362 113.744307     4.1538     76.621  0.000e+00
     75.907     6.9943    33.0530    25.8860 3.2967e-01     0.1261      0.018    1477.46     60.739     5.9364 113.744307     4.1539     76.641  0.000e+00
     75.925     6.9956    33.0539    25.8865 3.1746e-01     0.1261      0.018    1477.46     60.752     5.9375 113.744307     4.1547     76.659  0.000e+00
     75.949     6.9966    33.0537    25.8862 2.9304e-01     0.1261      0.015    1477.47     60.757     5.9378 113.744308     4.1550     76.684  0.000e+00
     75.967     6.9971    33.0527    25.8854 2.8083e-01     0.1261      0.015    1477.47     60.700     5.9322 113.744308     4.1510     76.702  0.000e+00
     75.996     6.9961    33.0505    25.8838 2.8083e-01     0.1261      0.018    1477.46     60.760     5.9383 113.744309     4.1552     76.732  0.000e+00
     75.996     6.9947    33.0499    25.8835 2.8083e-01     0.1261      0.018    1477.45     60.764     5.9389 113.744309     4.1557     76.732  0.000e+00
     76.040     6.9942    33.0513    25.8847 3.1746e-01     0.1261      0.018    1477.45     60.769     5.9394 113.744310     4.1560     76.776  0.000e+00
     76.045     6.9943    33.0515    25.8848 3.9072e-01     0.1273      0.018    1477.46     60.773     5.9397 113.744310     4.1563     76.781  0.000e+00
     76.057     6.9947    33.0515    25.8847 3.7851e-01     0.1261      0.015    1477.46     60.776     5.9400 113.744311     4.1565     76.792  0.000e+00
     76.112     6.9948    33.0529    25.8858 3.2967e-01     0.1261      0.015    1477.46     60.780     5.9403 113.744311     4.1567     76.848  0.000e+00
     76.117     6.9961    33.0535    25.8862 3.0525e-01     0.1261      0.015    1477.47     60.783     5.9404 113.744312     4.1567     76.853  0.000e+00
     76.137     6.9971    33.0542    25.8866 2.9304e-01     0.1261      0.018    1477.47     60.785     5.9405 113.744312     4.1568     76.873  0.000e+00
