Hm6_230419_down.cnv
* Sea-Bird SBE 9 Data File:
* FileName = C:\CTD Brukere\NIVA\IO2019\20190423\Hm6_230419.hex
* Software Version Seasave V 7.23.2
* Temperature SN = 5352
* Conductivity SN = 3840
* Number of Bytes Per Scan = 28
* Number of Voltage Words = 4
* Number of Scans Averaged by the Deck Unit = 1
* NMEA baud rate = 4800
** Ship: R/V Trygve Braarud
** Cruise:
** Station:
** Operator:
# nquan = 14
# nvalues = 1362                                  
# units = specified
# name 0 = depSM: Depth [salt water, m], lat = 59.60
# name 1 = t090C: Temperature [ITS-90, deg C]
# name 2 = sal00: Salinity, Practical [PSU]
# name 3 = sigma-t00: Density [sigma-t, kg/m^3 ]
# name 4 = flSP: Fluorescence, Seapoint
# name 5 = wetStar: Fluorescence, WET Labs WETstar [mg/m^3]
# name 6 = seaTurbMtr: Turbidity, Seapoint [FTU]
# name 7 = svCM: Sound Velocity [Chen-Millero, m/s]
# name 8 = sbeox0PS: Oxygen, SBE 43 [% saturation]
# name 9 = sbeox0Mg/L: Oxygen, SBE 43 [mg/l]
# name 10 = timeJ: Julian Days
# name 11 = sbeox0ML/L: Oxygen, SBE 43 [ml/l]
# name 12 = prDM: Pressure, Digiquartz [db]
# name 13 = flag:  0.000e+00
# span 0 =      0.745,     20.011                 
# span 1 =     6.0363,    11.1551                 
# span 2 =    23.4105,    32.3257                 
# span 3 =    17.7461,    25.3877                 
# span 4 = 1.1233e+00, 9.2063e+00                 
# span 5 =     0.1249,     0.1273                 
# span 6 =      0.007,      0.018                 
# span 7 =    1469.89,    1480.01                 
# span 8 =     59.703,    107.721                 
# span 9 =     5.9419,    10.5366                 
# span 10 = 113.751620, 113.752277                
# span 11 =     4.1578,     7.3729                
# span 12 =      0.752,     20.202                
# span 13 = 0.0000e+00, 0.0000e+00                
# interval = seconds: 0.0416667
# start_time = Apr 23 2019 18:02:20 [System UpLoad Time]
# bad_flag = -9.990e-29
*END*
[from data line 104]
      0.770    10.7464    23.4199    17.8160 3.4188e+00     0.1261      0.011    1478.54    106.402    10.1720 113.751671     7.1177      0.778  0.000e+00
      0.770    10.7436    23.4204    17.8168 3.4066e+00     0.1261      0.015    1478.53    106.389    10.1713 113.751671     7.1173      0.778  0.000e+00
      0.757    10.7423    23.4196    17.8164 3.4188e+00     0.1261      0.011    1478.52    106.433    10.1758 113.751671     7.1205      0.765  0.000e+00
      0.770    10.7433    23.4183    17.8152 3.4799e+00     0.1273      0.015    1478.53    106.425    10.1750 113.751672     7.1198      0.778  0.000e+00
      0.757    10.7450    23.4164    17.8135 3.5043e+00     0.1261      0.011    1478.53    106.413    10.1736 113.751672     7.1189      0.765  0.000e+00
      0.769    10.7480    23.4153    17.8121 3.5165e+00     0.1261      0.015    1478.54    106.398    10.1715 113.751673     7.1174      0.776  0.000e+00
      0.770    10.7509    23.4141    17.8108 3.5165e+00     0.1261      0.011    1478.55    106.386    10.1698 113.751673     7.1162      0.778  0.000e+00
      0.770    10.7478    23.4176    17.8139 3.4921e+00     0.1261      0.015    1478.54    106.370    10.1688 113.751674     7.1155      0.778  0.000e+00
      0.770    10.7400    23.4228    17.8192 3.4310e+00     0.1273      0.011    1478.52    106.352    10.1684 113.751674     7.1153      0.778  0.000e+00
      0.770    10.7392    23.4223    17.8189 3.3700e+00     0.1261      0.015    1478.52    106.396    10.1729 113.751675     7.1184      0.778  0.000e+00
      0.769    10.7391    23.4208    17.8178 3.3700e+00     0.1261      0.011    1478.51    106.383    10.1718 113.751675     7.1176      0.776  0.000e+00
      0.770    10.7354    23.4225    17.8197 3.3822e+00     0.1261      0.015    1478.50    106.367    10.1709 113.751676     7.1170      0.778  0.000e+00
      0.770    10.7351    23.4222    17.8195 3.3822e+00     0.1261      0.011    1478.50    106.354    10.1697 113.751676     7.1162      0.778  0.000e+00
      0.782    10.7421    23.4178    17.8150 3.4066e+00     0.1273      0.011    1478.52    106.337    10.1669 113.751677     7.1142      0.789  0.000e+00
      0.770    10.7510    23.4137    17.8104 3.5165e+00     0.1261      0.011    1478.55    106.377    10.1690 113.751677     7.1156      0.778  0.000e+00
      0.780    10.7444    23.4204    17.8167 3.5897e+00     0.1273      0.011    1478.53    106.367    10.1691 113.751678     7.1157      0.788  0.000e+00
      0.770    10.7315    23.4290    17.8253 3.5531e+00     0.1261      0.015    1478.50    106.355    10.1702 113.751678     7.1165      0.778  0.000e+00
      0.782    10.7233    23.4320    17.8289 3.4554e+00     0.1261      0.011    1478.47    106.339    10.1703 113.751679     7.1166      0.789  0.000e+00
      0.782    10.7195    23.4314    17.8290 3.3944e+00     0.1261      0.015    1478.46    106.326    10.1700 113.751679     7.1164      0.789  0.000e+00
      0.782    10.7206    23.4271    17.8255 3.4188e+00     0.1261      0.011    1478.45    106.310    10.1685 113.751680     7.1153      0.789  0.000e+00
      0.757    10.7237    23.4229    17.8218 3.4432e+00     0.1261      0.015    1478.46    106.358    10.1726 113.751680     7.1182      0.765  0.000e+00
      0.793    10.7259    23.4203    17.8194 3.4310e+00     0.1261      0.011    1478.47    106.349    10.1715 113.751681     7.1174      0.801  0.000e+00
      0.770    10.7273    23.4192    17.8183 3.3822e+00     0.1261      0.015    1478.47    106.277    10.1643 113.751681     7.1124      0.778  0.000e+00
      0.782    10.7274    23.4186    17.8179 3.3455e+00     0.1261      0.011    1478.47    106.317    10.1681 113.751682     7.1151      0.789  0.000e+00
      0.782    10.7271    23.4185    17.8179 3.3211e+00     0.1273      0.011    1478.47    106.306    10.1672 113.751682     7.1144      0.789  0.000e+00
      0.782    10.7235    23.4203    17.8198 3.2601e+00     0.1261      0.011    1478.46    106.293    10.1666 113.751683     7.1140      0.789  0.000e+00
      0.769    10.7175    23.4233    17.8231 3.1746e+00     0.1261      0.015    1478.44    106.284    10.1669 113.751683     7.1142      0.776  0.000e+00
      0.782    10.7132    23.4235    17.8239 3.1502e+00     0.1261      0.011    1478.42    106.332    10.1725 113.751684     7.1181      0.789  0.000e+00
      0.770    10.7112    23.4227    17.8236 3.1868e+00     0.1261      0.015    1478.41    106.324    10.1723 113.751684     7.1179      0.778  0.000e+00
      0.782    10.7120    23.4199    17.8212 3.2357e+00     0.1261      0.011    1478.41    106.314    10.1712 113.751685     7.1172      0.789  0.000e+00
      0.782    10.7109    23.4197    17.8212 3.3089e+00     0.1261      0.011    1478.41    106.307    10.1709 113.751685     7.1170      0.789  0.000e+00
      0.769    10.7125    23.4181    17.8198 3.3455e+00     0.1273      0.011    1478.41    106.298    10.1697 113.751685     7.1162      0.776  0.000e+00
      0.782    10.7182    23.4149    17.8164 3.3211e+00     0.1261      0.015    1478.43    106.286    10.1675 113.751686     7.1146      0.789  0.000e+00
      0.770    10.7245    23.4125    17.8136 3.3089e+00     0.1273      0.011    1478.45    106.278    10.1655 113.751686     7.1132      0.778  0.000e+00
      0.782    10.7287    23.4124    17.8129 3.3700e+00     0.1261      0.015    1478.47    106.329    10.1695 113.751687     7.1160      0.789  0.000e+00
      0.770    10.7297    23.4143    17.8142 3.4066e+00     0.1261      0.011    1478.47    106.323    10.1686 113.751687     7.1154      0.778  0.000e+00
      0.757    10.7249    23.4189    17.8185 3.4676e+00     0.1261      0.011    1478.46    106.262    10.1635 113.751688     7.1118      0.765  0.000e+00
      0.793    10.7189    23.4214    17.8213 3.4799e+00     0.1261      0.011    1478.44    106.253    10.1638 113.751688     7.1121      0.801  0.000e+00
      0.782    10.7169    23.4204    17.8209 3.4310e+00     0.1261      0.011    1478.43    106.249    10.1639 113.751689     7.1121      0.789  0.000e+00
      0.782    10.7168    23.4190    17.8199 3.3822e+00     0.1261      0.011    1478.43    106.242    10.1634 113.751689     7.1117      0.789  0.000e+00
      0.782    10.7120    23.4206    17.8218 3.2845e+00     0.1261      0.011    1478.42    106.295    10.1694 113.751690     7.1159      0.789  0.000e+00
      0.782    10.7039    23.4255    17.8269 3.2234e+00     0.1261      0.011    1478.39    106.299    10.1713 113.751690     7.1172      0.789  0.000e+00
      0.793    10.6886    23.4347    17.8363 3.2112e+00     0.1249      0.011    1478.35    106.294    10.1737 113.751691     7.1189      0.801  0.000e+00
      0.782    10.6608    23.4506    17.8529 3.2234e+00     0.1261      0.011    1478.26    106.289    10.1783 113.751691     7.1222      0.789  0.000e+00
      0.793    10.6369    23.4641    17.8671 3.2601e+00     0.1261      0.015    1478.19    106.282    10.1822 113.751692     7.1249      0.801  0.000e+00
      0.806    10.6287    23.4691    17.8722 3.2845e+00     0.1261      0.015    1478.17    106.278    10.1833 113.751692     7.1257      0.814  0.000e+00
      0.782    10.6297    23.4680    17.8712 3.2601e+00     0.1261      0.011    1478.17    106.266    10.1820 113.751693     7.1248      0.789  0.000e+00
      0.804    10.6277    23.4682    17.8717 3.3333e+00     0.1273      0.015    1478.16    106.259    10.1818 113.751693     7.1246      0.812  0.000e+00
      0.793    10.6217    23.4724    17.8759 3.4310e+00     0.1261      0.011    1478.15    106.257    10.1826 113.751694     7.1252      0.801  0.000e+00
      0.817    10.6171    23.4772    17.8803 3.4432e+00     0.1261      0.015    1478.14    106.247    10.1824 113.751694     7.1251      0.825  0.000e+00
      0.817    10.6166    23.4802    17.8827 3.4310e+00     0.1261      0.011    1478.14    106.235    10.1812 113.751695     7.1242      0.825  0.000e+00
      0.830    10.6264    23.4755    17.8775 3.3578e+00     0.1261      0.015    1478.17    106.228    10.1787 113.751695     7.1224      0.838  0.000e+00
      0.793    10.6303    23.4718    17.8741 3.2723e+00     0.1261      0.011    1478.18    106.219    10.1772 113.751696     7.1214      0.801  0.000e+00
      0.830    10.6354    23.4671    17.8696 3.2479e+00     0.1261      0.015    1478.19    106.210    10.1755 113.751696     7.1202      0.838  0.000e+00
      0.817    10.6373    23.4658    17.8683 3.2357e+00     0.1261      0.011    1478.20    106.199    10.1740 113.751697     7.1192      0.825  0.000e+00
      0.830    10.6272    23.4735    17.8758 3.2723e+00     0.1273      0.015    1478.17    106.188    10.1747 113.751697     7.1197      0.838  0.000e+00
      0.842    10.6158    23.4810    17.8834 3.2845e+00     0.1273      0.011    1478.14    106.175    10.1756 113.751698     7.1203      0.850  0.000e+00
      0.853    10.6114    23.4837    17.8862 3.2601e+00     0.1261      0.015    1478.12    106.161    10.1750 113.751698     7.1199      0.861  0.000e+00
      0.853    10.6114    23.4845    17.8868 3.2357e+00     0.1273      0.011    1478.13    106.151    10.1741 113.751698     7.1192      0.861  0.000e+00
      0.853    10.6145    23.4832    17.8853 3.1990e+00     0.1261      0.015    1478.14    106.141    10.1724 113.751699     7.1181      0.861  0.000e+00
      0.853    10.6119    23.4856    17.8876 3.1624e+00     0.1261      0.011    1478.13    106.190    10.1776 113.751699     7.1217      0.861  0.000e+00
      0.866    10.6101    23.4883    17.8899 3.1258e+00     0.1261      0.015    1478.13    106.123    10.1714 113.751700     7.1173      0.874  0.000e+00
      0.877    10.6086    23.4932    17.8940 3.1013e+00     0.1261      0.011    1478.13    106.109    10.1701 113.751700     7.1164      0.886  0.000e+00
      0.889    10.6045    23.5000    17.8999 3.1013e+00     0.1261      0.011    1478.12    106.101    10.1698 113.751701     7.1162      0.897  0.000e+00
      0.889    10.6039    23.5031    17.9024 3.1013e+00     0.1261      0.011    1478.12    106.092    10.1689 113.751701     7.1156      0.897  0.000e+00
      0.889    10.6058    23.5045    17.9032 3.1013e+00     0.1273      0.015    1478.13    106.082    10.1674 113.751702     7.1145      0.897  0.000e+00
      0.901    10.6088    23.5057    17.9037 3.1502e+00     0.1261      0.011    1478.14    106.071    10.1656 113.751702     7.1133      0.910  0.000e+00
      0.913    10.6112    23.5070    17.9043 3.1624e+00     0.1261      0.011    1478.15    106.060    10.1639 113.751703     7.1121      0.921  0.000e+00
      0.913    10.6145    23.5054    17.9026 3.1746e+00     0.1261      0.011    1478.16    106.108    10.1678 113.751703     7.1149      0.921  0.000e+00
      0.924    10.6194    23.5055    17.9019 3.1624e+00     0.1273      0.015    1478.18    106.107    10.1667 113.751704     7.1140      0.933  0.000e+00
      0.937    10.6209    23.5178    17.9112 3.1746e+00     0.1261      0.015    1478.20    106.106    10.1654 113.751704     7.1132      0.946  0.000e+00
      0.948    10.6104    23.5445    17.9335 3.1624e+00     0.1273      0.011    1478.20    106.098    10.1653 113.751705     7.1131      0.957  0.000e+00
      0.961    10.5966    23.5714    17.9565 3.1380e+00     0.1261      0.011    1478.18    106.096    10.1664 113.751705     7.1139      0.970  0.000e+00
      0.984    10.5881    23.5848    17.9682 3.1624e+00     0.1261      0.011    1478.16    106.092    10.1671 113.751706     7.1144      0.993  0.000e+00
      0.997    10.5842    23.5895    17.9725 3.1380e+00     0.1261      0.011    1478.15    106.148    10.1731 113.751706     7.1185      1.006  0.000e+00
      1.008    10.5578    23.6108    17.9930 3.1380e+00     0.1261      0.011    1478.08    106.150    10.1778 113.751707     7.1218      1.018  0.000e+00
      0.997    10.5176    23.6418    18.0232 3.1258e+00     0.1261      0.011    1477.97    106.158    10.1855 113.751707     7.1272      1.006  0.000e+00
      0.961    10.4816    23.6696    18.0503 3.1380e+00     0.1261      0.011    1477.87    106.164    10.1924 113.751708     7.1321      0.970  0.000e+00
      1.068    10.4663    23.6798    18.0605 3.1502e+00     0.1261      0.011    1477.83    106.170    10.1958 113.751708     7.1345      1.078  0.000e+00
      1.092    10.4584    23.6834    18.0645 3.1380e+00     0.1261      0.011    1477.81    106.235    10.2036 113.751709     7.1399      1.103  0.000e+00
      1.080    10.4534    23.6853    18.0667 3.1746e+00     0.1273      0.011    1477.79    106.244    10.2055 113.751709     7.1412      1.090  0.000e+00
      1.115    10.4480    23.6883    18.0698 3.2357e+00     0.1261      0.011    1477.78    106.253    10.2074 113.751710     7.1425      1.126  0.000e+00
      1.117    10.4428    23.6910    18.0728 3.3211e+00     0.1261      0.011    1477.76    106.320    10.2148 113.751710     7.1477      1.127  0.000e+00
      1.152    10.4368    23.6943    18.0762 3.3700e+00     0.1261      0.011    1477.74    106.340    10.2178 113.751711     7.1498      1.163  0.000e+00
      1.152    10.4311    23.6971    18.0793 3.3944e+00     0.1261      0.011    1477.73    106.418    10.2264 113.751711     7.1559      1.163  0.000e+00
      1.212    10.4254    23.6993    18.0818 3.3822e+00     0.1261      0.011    1477.71    106.435    10.2292 113.751712     7.1578      1.224  0.000e+00
      1.199    10.4179    23.7021    18.0852 3.3822e+00     0.1261      0.015    1477.68    106.449    10.2321 113.751712     7.1598      1.211  0.000e+00
      1.259    10.4112    23.7034    18.0872 3.3944e+00     0.1273      0.011    1477.66    106.463    10.2349 113.751712     7.1618      1.271  0.000e+00
      1.246    10.4014    23.7064    18.0910 3.4066e+00     0.1261      0.011    1477.63    106.535    10.2438 113.751713     7.1680      1.258  0.000e+00
      1.270    10.3756    23.7191    18.1047 3.4188e+00     0.1261      0.011    1477.55    106.559    10.2511 113.751713     7.1731      1.283  0.000e+00
      1.295    10.3509    23.7282    18.1155 3.4554e+00     0.1261      0.011    1477.47    106.581    10.2583 113.751714     7.1782      1.307  0.000e+00
      1.343    10.3479    23.7224    18.1115 3.4921e+00     0.1261      0.015    1477.45    106.601    10.2613 113.751714     7.1802      1.356  0.000e+00
      1.355    10.3507    23.7148    18.1051 3.5897e+00     0.1261      0.011    1477.45    106.679    10.2687 113.751715     7.1854      1.367  0.000e+00
      1.366    10.3378    23.7211    18.1119 3.7118e+00     0.1261      0.011    1477.42    106.702    10.2734 113.751715     7.1887      1.379  0.000e+00
      1.403    10.3187    23.7318    18.1231 3.8462e+00     0.1261      0.011    1477.36    106.784    10.2850 113.751716     7.1968      1.416  0.000e+00
      1.402    10.3078    23.7343    18.1267 3.9805e+00     0.1261      0.011    1477.32    106.810    10.2897 113.751716     7.2001      1.415  0.000e+00
      1.415    10.3000    23.7325    18.1265 4.1026e+00     0.1261      0.011    1477.29    106.893    10.2996 113.751717     7.2071      1.428  0.000e+00
      1.474    10.2836    23.7379    18.1332 4.1636e+00     0.1261      0.011    1477.24    106.861    10.2999 113.751717     7.2073      1.488  0.000e+00
      1.461    10.2694    23.7412    18.1378 4.2247e+00     0.1273      0.011    1477.19    106.940    10.3106 113.751718     7.2147      1.475  0.000e+00
      1.499    10.2624    23.7409    18.1386 4.2735e+00     0.1273      0.011    1477.16    106.963    10.3144 113.751718     7.2174      1.513  0.000e+00
      1.499    10.2657    23.7336    18.1324 4.3101e+00     0.1261      0.011    1477.17    106.982    10.3160 113.751719     7.2185      1.513  0.000e+00
      1.521    10.2618    23.7351    18.1342 4.2979e+00     0.1261      0.011    1477.15    107.000    10.3185 113.751719     7.2203      1.536  0.000e+00
