Hm6_230419_down.cnv
* Sea-Bird SBE 9 Data File:
* FileName = C:\CTD Brukere\NIVA\IO2019\20190423\Hm6_230419.hex
* Software Version Seasave V 7.23.2
* Temperature SN = 5352
* Conductivity SN = 3840
* Number of Bytes Per Scan = 28
* Number of Voltage Words = 4
* Number of Scans Averaged by the Deck Unit = 1
* NMEA baud rate = 4800
** Ship: R/V Trygve Braarud
** Cruise:
** Station:
** Operator:
# nquan = 14
# nvalues = 1362                                  
# units = specified
# name 0 = depSM: Depth [salt water, m], lat = 59.60
# name 1 = t090C: Temperature [ITS-90, deg C]
# name 2 = sal00: Salinity, Practical [PSU]
# name 3 = sigma-t00: Density [sigma-t, kg/m^3 ]
# name 4 = flSP: Fluorescence, Seapoint
# name 5 = wetStar: Fluorescence, WET Labs WETstar [mg/m^3]
# name 6 = seaTurbMtr: Turbidity, Seapoint [FTU]
# name 7 = svCM: Sound Velocity [Chen-Millero, m/s]
# name 8 = sbeox0PS: Oxygen, SBE 43 [% saturation]
# name 9 = sbeox0Mg/L: Oxygen, SBE 43 [mg/l]
# name 10 = timeJ: Julian Days
# name 11 = sbeox0ML/L: Oxygen, SBE 43 [ml/l]
# name 12 = prDM: Pressure, Digiquartz [db]
# name 13 = flag:  0.000e+00
# span 0 =      0.745,     20.011                 
# span 1 =     6.0363,    11.1551                 
# span 2 =    23.4105,    32.3257                 
# span 3 =    17.7461,    25.3877                 
# span 4 = 1.1233e+00, 9.2063e+00                 
# span 5 =     0.1249,     0.1273                 
# span 6 =      0.007,      0.018                 
# span 7 =    1469.89,    1480.01                 
# span 8 =     59.703,    107.721                 
# span 9 =     5.9419,    10.5366                 
# span 10 = 113.751620, 113.752277                
# span 11 =     4.1578,     7.3729                
# span 12 =      0.752,     20.202                
# span 13 = 0.0000e+00, 0.0000e+00                
# interval = seconds: 0.0416667
# start_time = Apr 23 2019 18:02:20 [System UpLoad Time]
# bad_flag = -9.990e-29
*END*
      0.806    11.0453    23.4353    17.7814 4.3223e+00     0.1261      0.015    1479.64    104.077     9.8837 113.751620     6.9160      0.814  0.000e+00
      0.804    11.0467    23.4395    17.7845 4.3101e+00     0.1261      0.015    1479.65    104.137     9.8888 113.751621     6.9196      0.812  0.000e+00
      0.793    11.0558    23.4398    17.7833 4.3101e+00     0.1261      0.011    1479.69    104.203     9.8931 113.751621     6.9226      0.801  0.000e+00
      0.806    11.0678    23.4367    17.7790 4.3590e+00     0.1273      0.015    1479.73    104.214     9.8918 113.751622     6.9217      0.814  0.000e+00
      0.806    11.0780    23.4345    17.7757 4.3712e+00     0.1261      0.011    1479.76    104.225     9.8907 113.751622     6.9209      0.814  0.000e+00
      0.806    11.0791    23.4355    17.7763 4.3590e+00     0.1261      0.015    1479.77    104.296     9.8971 113.751623     6.9254      0.814  0.000e+00
      0.804    11.0665    23.4452    17.7858 4.3590e+00     0.1261      0.011    1479.73    104.312     9.9008 113.751623     6.9280      0.812  0.000e+00
      0.806    11.0446    23.4600    17.8007 4.3468e+00     0.1261      0.015    1479.67    104.328     9.9061 113.751624     6.9317      0.814  0.000e+00
      0.806    11.0364    23.4652    17.8060 4.3101e+00     0.1261      0.011    1479.65    104.402     9.9146 113.751624     6.9377      0.814  0.000e+00
      0.817    11.0465    23.4600    17.8004 4.2491e+00     0.1273      0.011    1479.68    104.362     9.9089 113.751625     6.9337      0.825  0.000e+00
      0.806    11.0625    23.4530    17.7925 4.2247e+00     0.1261      0.011    1479.73    104.434     9.9127 113.751625     6.9363      0.814  0.000e+00
      0.806    11.0775    23.4454    17.7842 4.2491e+00     0.1261      0.011    1479.77    104.451     9.9116 113.751626     6.9355      0.814  0.000e+00
      0.817    11.0588    23.4581    17.7970 4.2857e+00     0.1249      0.015    1479.72    104.468     9.9165 113.751626     6.9390      0.825  0.000e+00
      0.817    11.0214    23.4819    17.8214 4.2613e+00     0.1261      0.011    1479.61    104.485     9.9247 113.751627     6.9447      0.825  0.000e+00
      0.806    10.9803    23.5066    17.8470 4.1514e+00     0.1261      0.015    1479.49    104.501     9.9336 113.751627     6.9510      0.814  0.000e+00
      0.830    10.9648    23.5132    17.8545 4.0049e+00     0.1261      0.011    1479.45    104.516     9.9380 113.751628     6.9540      0.838  0.000e+00
      0.817    10.9585    23.5135    17.8557 3.9316e+00     0.1261      0.011    1479.42    104.589     9.9462 113.751628     6.9598      0.825  0.000e+00
      0.817    10.9588    23.5107    17.8535 3.8950e+00     0.1261      0.011    1479.42    104.606     9.9480 113.751629     6.9610      0.825  0.000e+00
      0.830    10.9289    23.5287    17.8721 3.8584e+00     0.1261      0.011    1479.33    104.684     9.9608 113.751629     6.9700      0.838  0.000e+00
      0.817    10.8975    23.5464    17.8907 3.8584e+00     0.1261      0.011    1479.24    104.706     9.9686 113.751630     6.9755      0.825  0.000e+00
      0.830    10.8858    23.5499    17.8953 3.9194e+00     0.1261      0.015    1479.20    104.726     9.9729 113.751630     6.9784      0.838  0.000e+00
      0.817    10.8777    23.5515    17.8978 4.0049e+00     0.1261      0.011    1479.18    104.744     9.9763 113.751630     6.9808      0.825  0.000e+00
      0.804    10.8392    23.5723    17.9199 4.0049e+00     0.1261      0.015    1479.06    104.822     9.9908 113.751631     6.9910      0.812  0.000e+00
      0.842    10.7934    23.5940    17.9439 3.9683e+00     0.1249      0.011    1478.92    104.845    10.0018 113.751631     6.9986      0.850  0.000e+00
      0.830    10.7605    23.6085    17.9602 3.9072e+00     0.1261      0.015    1478.82    104.866    10.0100 113.751632     7.0044      0.838  0.000e+00
      0.830    10.7592    23.6050    17.9576 3.8339e+00     0.1261      0.011    1478.81    104.943    10.0179 113.751632     7.0100      0.838  0.000e+00
      0.830    10.7722    23.5969    17.9493 3.8217e+00     0.1261      0.015    1478.85    104.964    10.0176 113.751633     7.0097      0.838  0.000e+00
      0.830    10.8118    23.5756    17.9267 3.7973e+00     0.1273      0.011    1478.97    104.981    10.0118 113.751633     7.0057      0.838  0.000e+00
      0.829    10.8691    23.5472    17.8957 3.7729e+00     0.1261      0.015    1479.14    105.056    10.0082 113.751634     7.0031      0.837  0.000e+00
      0.842    10.9159    23.5286    17.8741 3.7851e+00     0.1249      0.011    1479.29    105.075    10.0008 113.751634     6.9980      0.850  0.000e+00
      0.830    10.9487    23.5168    17.8598 3.8462e+00     0.1261      0.015    1479.39    105.091     9.9960 113.751635     6.9946      0.838  0.000e+00
      0.830    10.9378    23.5271    17.8695 3.9072e+00     0.1261      0.011    1479.37    105.168    10.0051 113.751635     7.0010      0.838  0.000e+00
      0.842    10.9233    23.5353    17.8781 3.9194e+00     0.1261      0.011    1479.32    105.189    10.0097 113.751636     7.0042      0.850  0.000e+00
      0.829    10.9256    23.5323    17.8754 3.9438e+00     0.1261      0.015    1479.33    105.206    10.0110 113.751636     7.0051      0.837  0.000e+00
      0.842    10.9348    23.5258    17.8690 3.9438e+00     0.1261      0.011    1479.35    105.221    10.0108 113.751637     7.0050      0.850  0.000e+00
      0.830    10.9616    23.5020    17.8463 3.9316e+00     0.1261      0.015    1479.42    105.231    10.0074 113.751637     7.0026      0.838  0.000e+00
      0.842    11.0065    23.4637    17.8096 3.9438e+00     0.1261      0.011    1479.54    105.239    10.0007 113.751638     6.9979      0.850  0.000e+00
      0.842    11.0405    23.4427    17.7879 3.9683e+00     0.1261      0.015    1479.64    105.304    10.0008 113.751638     6.9980      0.850  0.000e+00
      0.830    11.0788    23.4305    17.7724 3.9927e+00     0.1261      0.011    1479.76    105.312     9.9940 113.751639     6.9932      0.838  0.000e+00
      0.853    11.1176    23.4184    17.7569 4.0049e+00     0.1261      0.015    1479.89    105.318     9.9868 113.751639     6.9882      0.861  0.000e+00
      0.842    11.1445    23.4128    17.7484 3.9560e+00     0.1261      0.011    1479.98    105.321     9.9816 113.751640     6.9845      0.850  0.000e+00
      0.842    11.1551    23.4121    17.7461 3.8828e+00     0.1261      0.015    1480.01    105.322     9.9794 113.751640     6.9830      0.850  0.000e+00
      0.842    11.1307    23.4288    17.7630 3.8950e+00     0.1261      0.011    1479.95    105.382     9.9894 113.751641     6.9900      0.850  0.000e+00
      0.842    11.1149    23.4322    17.7681 3.9194e+00     0.1261      0.015    1479.89    105.385     9.9929 113.751641     6.9924      0.850  0.000e+00
      0.840    11.1147    23.4264    17.7636 3.9316e+00     0.1261      0.011    1479.89    105.384     9.9932 113.751642     6.9927      0.848  0.000e+00
      0.853    11.0891    23.4445    17.7817 3.9683e+00     0.1261      0.015    1479.81    105.382     9.9974 113.751642     6.9956      0.861  0.000e+00
      0.842    11.0560    23.4708    17.8072 4.0049e+00     0.1261      0.011    1479.73    105.436    10.0082 113.751643     7.0031      0.850  0.000e+00
      0.842    11.0504    23.4770    17.8130 4.0171e+00     0.1261      0.011    1479.71    105.432    10.0086 113.751643     7.0034      0.850  0.000e+00
      0.853    11.0163    23.4981    17.8347 3.9805e+00     0.1261      0.011    1479.62    105.427    10.0142 113.751644     7.0074      0.861  0.000e+00
      0.853    10.9843    23.5119    17.8504 3.9194e+00     0.1261      0.011    1479.52    105.417    10.0195 113.751644     7.0110      0.861  0.000e+00
      0.840    10.9671    23.5110    17.8524 3.8462e+00     0.1261      0.011    1479.45    105.410    10.0226 113.751644     7.0132      0.848  0.000e+00
      0.853    10.9896    23.4860    17.8295 3.8462e+00     0.1261      0.011    1479.50    105.404    10.0187 113.751645     7.0105      0.861  0.000e+00
      0.842    11.0306    23.4543    17.7985 3.8828e+00     0.1261      0.011    1479.61    105.394    10.0108 113.751645     7.0050      0.850  0.000e+00
      0.842    11.0569    23.4395    17.7829 3.9438e+00     0.1261      0.011    1479.69    105.443    10.0106 113.751646     7.0048      0.850  0.000e+00
      0.853    11.0358    23.4568    17.7996 3.9438e+00     0.1261      0.011    1479.64    105.383    10.0085 113.751646     7.0033      0.861  0.000e+00
      0.840    10.9944    23.4702    17.8165 3.8950e+00     0.1261      0.011    1479.50    105.436    10.0217 113.751647     7.0126      0.848  0.000e+00
      0.853    10.9541    23.4668    17.8201 3.8339e+00     0.1261      0.015    1479.35    105.432    10.0304 113.751647     7.0187      0.861  0.000e+00
      0.830    10.9220    23.4504    17.8124 3.7729e+00     0.1261      0.011    1479.22    105.431    10.0384 113.751648     7.0243      0.838  0.000e+00
      0.853    10.8932    23.4441    17.8120 3.7118e+00     0.1261      0.015    1479.10    105.481    10.0499 113.751648     7.0324      0.861  0.000e+00
      0.830    10.8699    23.4368    17.8100 3.7118e+00     0.1261      0.011    1479.01    105.480    10.0555 113.751649     7.0362      0.838  0.000e+00
      0.830    10.8514    23.4342    17.8109 3.7485e+00     0.1261      0.015    1478.94    105.476    10.0593 113.751649     7.0389      0.838  0.000e+00
      0.840    10.8379    23.4295    17.8093 3.7485e+00     0.1261      0.011    1478.89    105.530    10.0677 113.751650     7.0448      0.848  0.000e+00
      0.830    10.8287    23.4265    17.8084 3.7363e+00     0.1261      0.011    1478.85    105.525    10.0695 113.751650     7.0461      0.838  0.000e+00
      0.830    10.8221    23.4236    17.8071 3.7118e+00     0.1249      0.011    1478.82    105.518    10.0705 113.751651     7.0467      0.838  0.000e+00
      0.817    10.8147    23.4235    17.8083 3.6874e+00     0.1261      0.015    1478.79    105.568    10.0768 113.751651     7.0512      0.825  0.000e+00
      0.817    10.8069    23.4236    17.8095 3.6386e+00     0.1273      0.011    1478.77    105.567    10.0785 113.751652     7.0523      0.825  0.000e+00
      0.817    10.8026    23.4218    17.8088 3.5897e+00     0.1261      0.015    1478.75    105.562    10.0791 113.751652     7.0528      0.825  0.000e+00
      0.806    10.8020    23.4182    17.8061 3.5409e+00     0.1261      0.011    1478.74    105.621    10.0851 113.751653     7.0569      0.814  0.000e+00
      0.806    10.8033    23.4155    17.8038 3.5165e+00     0.1261      0.011    1478.74    105.623    10.0851 113.751653     7.0570      0.814  0.000e+00
      0.806    10.8054    23.4140    17.8023 3.4921e+00     0.1261      0.011    1478.75    105.621    10.0846 113.751654     7.0566      0.814  0.000e+00
      0.806    10.8078    23.4128    17.8010 3.4310e+00     0.1261      0.011    1478.76    105.677    10.0895 113.751654     7.0600      0.814  0.000e+00
      0.793    10.8103    23.4116    17.7997 3.4188e+00     0.1261      0.011    1478.76    105.682    10.0895 113.751655     7.0600      0.801  0.000e+00
      0.793    10.8125    23.4106    17.7985 3.4554e+00     0.1261      0.011    1478.77    105.683    10.0892 113.751655     7.0598      0.801  0.000e+00
      0.793    10.8138    23.4105    17.7983 3.5287e+00     0.1261      0.015    1478.77    105.742    10.0945 113.751656     7.0636      0.801  0.000e+00
      0.782    10.8139    23.4107    17.7984 3.5653e+00     0.1273      0.011    1478.77    105.750    10.0953 113.751656     7.0641      0.789  0.000e+00
      0.793    10.8134    23.4110    17.7987 3.5775e+00     0.1261      0.015    1478.77    105.816    10.1016 113.751657     7.0685      0.801  0.000e+00
      0.782    10.8113    23.4116    17.7996 3.5897e+00     0.1261      0.011    1478.77    105.823    10.1028 113.751657     7.0693      0.789  0.000e+00
      0.780    10.8081    23.4130    17.8011 3.5897e+00     0.1261      0.015    1478.76    105.834    10.1044 113.751658     7.0705      0.788  0.000e+00
      0.782    10.8032    23.4144    17.8029 3.5653e+00     0.1261      0.011    1478.74    105.842    10.1062 113.751658     7.0717      0.789  0.000e+00
      0.782    10.7963    23.4171    17.8061 3.4921e+00     0.1261      0.015    1478.72    105.908    10.1138 113.751658     7.0770      0.789  0.000e+00
      0.782    10.7888    23.4183    17.8082 3.4799e+00     0.1261      0.015    1478.69    105.922    10.1168 113.751659     7.0791      0.789  0.000e+00
      0.770    10.7820    23.4187    17.8095 3.5165e+00     0.1261      0.015    1478.67    105.994    10.1251 113.751659     7.0850      0.778  0.000e+00
      0.793    10.7763    23.4187    17.8105 3.5043e+00     0.1261      0.011    1478.65    106.008    10.1278 113.751660     7.0868      0.801  0.000e+00
      0.770    10.7714    23.4189    17.8114 3.4799e+00     0.1273      0.015    1478.63    106.019    10.1298 113.751660     7.0883      0.778  0.000e+00
      0.770    10.7693    23.4181    17.8110 3.4554e+00     0.1261      0.011    1478.62    106.026    10.1310 113.751661     7.0891      0.778  0.000e+00
      0.782    10.7709    23.4158    17.8090 3.4188e+00     0.1249      0.015    1478.62    106.090    10.1369 113.751661     7.0932      0.789  0.000e+00
      0.782    10.7740    23.4140    17.8071 3.3944e+00     0.1273      0.015    1478.63    106.102    10.1376 113.751662     7.0937      0.789  0.000e+00
      0.745    10.7767    23.4129    17.8059 3.3822e+00     0.1261      0.011    1478.64    106.111    10.1378 113.751662     7.0939      0.752  0.000e+00
      0.817    10.7797    23.4121    17.8048 3.3455e+00     0.1261      0.015    1478.65    106.178    10.1436 113.751663     7.0979      0.825  0.000e+00
      0.770    10.7839    23.4107    17.8031 3.3211e+00     0.1261      0.011    1478.67    106.186    10.1435 113.751663     7.0978      0.778  0.000e+00
      0.782    10.7859    23.4107    17.8027 3.3211e+00     0.1261      0.015    1478.67    106.191    10.1436 113.751664     7.0979      0.789  0.000e+00
      0.782    10.7826    23.4138    17.8056 3.3578e+00     0.1261      0.011    1478.66    106.259    10.1506 113.751664     7.1028      0.789  0.000e+00
      0.782    10.7769    23.4175    17.8094 3.3822e+00     0.1273      0.015    1478.65    106.270    10.1527 113.751665     7.1042      0.789  0.000e+00
      0.780    10.7731    23.4180    17.8104 3.4188e+00     0.1261      0.011    1478.63    106.337    10.1599 113.751665     7.1093      0.788  0.000e+00
      0.782    10.7686    23.4188    17.8117 3.4432e+00     0.1261      0.015    1478.62    106.346    10.1618 113.751666     7.1106      0.789  0.000e+00
      0.770    10.7647    23.4195    17.8129 3.5653e+00     0.1261      0.011    1478.61    106.358    10.1637 113.751666     7.1120      0.778  0.000e+00
      0.782    10.7616    23.4195    17.8133 3.6996e+00     0.1261      0.015    1478.59    106.427    10.1710 113.751667     7.1171      0.789  0.000e+00
      0.782    10.7602    23.4185    17.8127 3.7118e+00     0.1261      0.011    1478.59    106.377    10.1666 113.751667     7.1140      0.789  0.000e+00
      0.769    10.7602    23.4176    17.8121 3.6752e+00     0.1261      0.011    1478.59    106.378    10.1667 113.751668     7.1141      0.776  0.000e+00
      0.770    10.7600    23.4171    17.8117 3.6020e+00     0.1273      0.011    1478.59    106.374    10.1665 113.751668     7.1139      0.778  0.000e+00
      0.770    10.7594    23.4171    17.8118 3.5897e+00     0.1261      0.011    1478.58    106.428    10.1718 113.751669     7.1176      0.778  0.000e+00
      0.770    10.7571    23.4179    17.8128 3.5775e+00     0.1273      0.011    1478.58    106.363    10.1660 113.751669     7.1136      0.778  0.000e+00
      0.770    10.7536    23.4187    17.8139 3.5287e+00     0.1261      0.015    1478.56    106.416    10.1718 113.751670     7.1176      0.778  0.000e+00
