Hm6_230419_down.cnv
* Sea-Bird SBE 9 Data File:
* FileName = C:\CTD Brukere\NIVA\IO2019\20190423\Hm6_230419.hex
* Software Version Seasave V 7.23.2
* Temperature SN = 5352
* Conductivity SN = 3840
* Number of Bytes Per Scan = 28
* Number of Voltage Words = 4
* Number of Scans Averaged by the Deck Unit = 1
* NMEA baud rate = 4800
** Ship: R/V Trygve Braarud
** Cruise:
** Station:
** Operator:
# nquan = 14
# nvalues = 1362                                  
# units = specified
# name 0 = depSM: Depth [salt water, m], lat = 59.60
# name 1 = t090C: Temperature [ITS-90, deg C]
# name 2 = sal00: Salinity, Practical [PSU]
# name 3 = sigma-t00: Density [sigma-t, kg/m^3 ]
# name 4 = flSP: Fluorescence, Seapoint
# name 5 = wetStar: Fluorescence, WET Labs WETstar [mg/m^3]
# name 6 = seaTurbMtr: Turbidity, Seapoint [FTU]
# name 7 = svCM: Sound Velocity [Chen-Millero, m/s]
# name 8 = sbeox0PS: Oxygen, SBE 43 [% saturation]
# name 9 = sbeox0Mg/L: Oxygen, SBE 43 [mg/l]
# name 10 = timeJ: Julian Days
# name 11 = sbeox0ML/L: Oxygen, SBE 43 [ml/l]
# name 12 = prDM: Pressure, Digiquartz [db]
# name 13 = flag:  0.000e+00
# span 0 =      0.745,     20.011                 
# span 1 =     6.0363,    11.1551                 
# span 2 =    23.4105,    32.3257                 
# span 3 =    17.7461,    25.3877                 
# span 4 = 1.1233e+00, 9.2063e+00                 
# span 5 =     0.1249,     0.1273                 
# span 6 =      0.007,      0.018                 
# span 7 =    1469.89,    1480.01                 
# span 8 =     59.703,    107.721                 
# span 9 =     5.9419,    10.5366                 
# span 10 = 113.751620, 113.752277                
# span 11 =     4.1578,     7.3729                
# span 12 =      0.752,     20.202                
# span 13 = 0.0000e+00, 0.0000e+00                
# interval = seconds: 0.0416667
# start_time = Apr 23 2019 18:02:20 [System UpLoad Time]
# bad_flag = -9.990e-29
*END*
[from data line 310]
      3.564     9.4342    24.1464    18.5743 7.7534e+00     0.1261      0.011    1474.61    106.956    10.4790 113.751770     7.3326      3.598  0.000e+00
      3.599     9.4269    24.1518    18.5796 7.6679e+00     0.1261      0.011    1474.59    106.935    10.4783 113.751770     7.3321      3.634  0.000e+00
      3.611     9.4138    24.1602    18.5879 7.6435e+00     0.1273      0.011    1474.55    106.921    10.4795 113.751771     7.3329      3.645  0.000e+00
      3.622     9.3952    24.1715    18.5994 7.8022e+00     0.1261      0.011    1474.49    106.847    10.4759 113.751771     7.3304      3.657  0.000e+00
      3.659     9.3594    24.1929    18.6211 8.0220e+00     0.1261      0.011    1474.38    106.830    10.4812 113.751772     7.3341      3.694  0.000e+00
      3.671     9.3122    24.2244    18.6523 8.0952e+00     0.1261      0.011    1474.24    106.814    10.4886 113.751772     7.3393      3.706  0.000e+00
      3.682     9.2690    24.2544    18.6816 8.1074e+00     0.1261      0.011    1474.12    106.737    10.4893 113.751773     7.3398      3.717  0.000e+00
      3.671     9.2332    24.2773    18.7045 8.1319e+00     0.1261      0.011    1474.01    106.715    10.4941 113.751773     7.3431      3.706  0.000e+00
      3.753     9.2087    24.2913    18.7188 8.2540e+00     0.1261      0.011    1473.94    106.695    10.4969 113.751774     7.3451      3.789  0.000e+00
      3.731     9.1940    24.2979    18.7259 8.3516e+00     0.1273      0.011    1473.89    106.620    10.4925 113.751774     7.3421      3.766  0.000e+00
      3.755     9.1868    24.3005    18.7290 8.2662e+00     0.1273      0.011    1473.86    106.601    10.4922 113.751775     7.3418      3.791  0.000e+00
      3.766     9.1818    24.3031    18.7317 8.1074e+00     0.1273      0.011    1473.85    106.522    10.4855 113.751775     7.3371      3.802  0.000e+00
      3.790     9.1768    24.3066    18.7351 8.0464e+00     0.1261      0.011    1473.83    106.500    10.4842 113.751776     7.3362      3.826  0.000e+00
      3.815     9.1711    24.3095    18.7382 8.0708e+00     0.1261      0.011    1473.82    106.479    10.4833 113.751776     7.3356      3.851  0.000e+00
      3.815     9.1670    24.3117    18.7404 8.0220e+00     0.1261      0.011    1473.80    106.460    10.4823 113.751777     7.3349      3.851  0.000e+00
      3.837     9.1604    24.3146    18.7437 8.0342e+00     0.1261      0.011    1473.78    106.444    10.4821 113.751777     7.3347      3.874  0.000e+00
      3.849     9.1561    24.3154    18.7448 8.1074e+00     0.1261      0.011    1473.77    106.429    10.4816 113.751778     7.3344      3.885  0.000e+00
      3.873     9.1490    24.3198    18.7493 8.2418e+00     0.1261      0.011    1473.75    106.417    10.4817 113.751778     7.3345      3.910  0.000e+00
      3.897     9.1394    24.3248    18.7545 8.3639e+00     0.1261      0.011    1473.72    106.345    10.4766 113.751779     7.3309      3.934  0.000e+00
      3.897     9.1312    24.3290    18.7589 8.4005e+00     0.1261      0.011    1473.69    106.330    10.4768 113.751779     7.3310      3.934  0.000e+00
      3.933     9.1247    24.3332    18.7631 8.3150e+00     0.1261      0.011    1473.67    106.256    10.4708 113.751780     7.3268      3.970  0.000e+00
      3.933     9.1195    24.3363    18.7662 8.3639e+00     0.1261      0.011    1473.66    106.239    10.4701 113.751780     7.3264      3.970  0.000e+00
      3.957     9.1140    24.3392    18.7692 8.5470e+00     0.1261      0.011    1473.64    106.224    10.4698 113.751780     7.3261      3.995  0.000e+00
      3.982     9.1100    24.3420    18.7719 8.6935e+00     0.1273      0.007    1473.63    106.151    10.4633 113.751781     7.3216      4.019  0.000e+00
      3.991     9.1067    24.3434    18.7735 8.7057e+00     0.1261      0.011    1473.62    106.135    10.4624 113.751781     7.3210      4.029  0.000e+00
      4.006     9.1033    24.3455    18.7756 8.6691e+00     0.1261      0.011    1473.61    106.061    10.4557 113.751782     7.3163      4.044  0.000e+00
      4.028     9.0974    24.3486    18.7788 8.6569e+00     0.1261      0.011    1473.59    106.044    10.4553 113.751782     7.3160      4.067  0.000e+00
      4.041     9.0904    24.3507    18.7814 8.6447e+00     0.1261      0.011    1473.56    106.030    10.4554 113.751783     7.3161      4.080  0.000e+00
      4.064     9.0846    24.3516    18.7829 8.6813e+00     0.1261      0.011    1473.54    105.951    10.4490 113.751783     7.3116      4.103  0.000e+00
      4.077     9.0801    24.3517    18.7836 8.7057e+00     0.1261      0.011    1473.53    105.869    10.4419 113.751784     7.3066      4.116  0.000e+00
      4.088     9.0764    24.3530    18.7852 8.7790e+00     0.1261      0.011    1473.52    105.905    10.4462 113.751784     7.3096      4.127  0.000e+00
      4.122     9.0717    24.3552    18.7875 8.9133e+00     0.1261      0.011    1473.50    105.829    10.4397 113.751785     7.3051      4.161  0.000e+00
      4.137     9.0670    24.3583    18.7906 8.9866e+00     0.1261      0.011    1473.49    105.810    10.4388 113.751785     7.3044      4.176  0.000e+00
      4.148     9.0578    24.3652    18.7972 9.0842e+00     0.1261      0.011    1473.46    105.796    10.4390 113.751786     7.3046      4.188  0.000e+00
      4.160     9.0430    24.3777    18.8091 9.2063e+00     0.1273      0.011    1473.42    105.662    10.4285 113.751786     7.2973      4.199  0.000e+00
      4.184     9.0305    24.3900    18.8203 9.1819e+00     0.1261      0.011    1473.39    105.641    10.4286 113.751787     7.2973      4.224  0.000e+00
      4.197     9.0230    24.3993    18.8286 9.0232e+00     0.1273      0.011    1473.37    105.624    10.4280 113.751787     7.2969      4.237  0.000e+00
      4.219     9.0183    24.4053    18.8339 8.9133e+00     0.1261      0.011    1473.36    105.550    10.4214 113.751788     7.2923      4.260  0.000e+00
      4.242     9.0130    24.4110    18.8391 8.8278e+00     0.1273      0.011    1473.35    105.534    10.4207 113.751788     7.2918      4.282  0.000e+00
      4.244     9.0093    24.4153    18.8430 8.7668e+00     0.1261      0.011    1473.34    105.515    10.4194 113.751789     7.2909      4.284  0.000e+00
      4.268     9.0059    24.4184    18.8458 8.8156e+00     0.1261      0.011    1473.33    105.439    10.4125 113.751789     7.2861      4.309  0.000e+00
      4.292     8.9949    24.4354    18.8606 8.7912e+00     0.1261      0.011    1473.31    105.422    10.4123 113.751790     7.2859      4.333  0.000e+00
      4.304     8.9841    24.4774    18.8948 8.7790e+00     0.1261      0.015    1473.32    105.409    10.4107 113.751790     7.2848      4.345  0.000e+00
      4.315     8.9733    24.5267    18.9348 8.8889e+00     0.1273      0.011    1473.34    105.400    10.4090 113.751791     7.2836      4.356  0.000e+00
      4.326     8.9613    24.5625    18.9644 8.9621e+00     0.1261      0.011    1473.34    105.396    10.4090 113.751791     7.2836      4.367  0.000e+00
      4.352     8.9516    24.5797    18.9792 8.9255e+00     0.1273      0.015    1473.32    105.395    10.4101 113.751792     7.2844      4.394  0.000e+00
      4.375     8.9505    24.5873    18.9852 8.9988e+00     0.1273      0.011    1473.33    105.338    10.4042 113.751792     7.2803      4.416  0.000e+00
      4.399     8.9503    24.5943    18.9907 9.0842e+00     0.1273      0.011    1473.34    105.340    10.4040 113.751793     7.2801      4.441  0.000e+00
      4.410     8.9502    24.5978    18.9934 9.0598e+00     0.1261      0.011    1473.34    105.285    10.3983 113.751793     7.2761      4.452  0.000e+00
      4.410     8.9506    24.5996    18.9948 8.9499e+00     0.1261      0.011    1473.34    105.342    10.4038 113.751793     7.2799      4.452  0.000e+00
      4.433     8.9503    24.6056    18.9995 8.8523e+00     0.1261      0.011    1473.35    105.289    10.3982 113.751794     7.2760      4.475  0.000e+00
      4.459     8.9508    24.6140    19.0061 8.7424e+00     0.1261      0.011    1473.36    105.295    10.3981 113.751794     7.2760      4.501  0.000e+00
      4.483     8.9530    24.6189    19.0096 8.6935e+00     0.1261      0.015    1473.38    105.237    10.3915 113.751795     7.2714      4.526  0.000e+00
      4.483     8.9499    24.6240    19.0140 8.6447e+00     0.1261      0.011    1473.37    105.238    10.3920 113.751795     7.2717      4.526  0.000e+00
      4.519     8.9443    24.6314    19.0204 8.4371e+00     0.1273      0.011    1473.36    105.243    10.3934 113.751796     7.2727      4.562  0.000e+00
      4.529     8.9402    24.6389    19.0269 8.2662e+00     0.1261      0.011    1473.35    105.246    10.3941 113.751796     7.2732      4.572  0.000e+00
      4.543     8.9362    24.6454    19.0325 8.1197e+00     0.1273      0.011    1473.35    105.193    10.3893 113.751797     7.2698      4.586  0.000e+00
      4.566     8.9331    24.6494    19.0361 8.1197e+00     0.1273      0.011    1473.34    105.197    10.3903 113.751797     7.2705      4.609  0.000e+00
      4.579     8.9301    24.6534    19.0396 8.1685e+00     0.1261      0.011    1473.33    105.200    10.3909 113.751798     7.2710      4.622  0.000e+00
      4.601     8.9275    24.6562    19.0422 8.0586e+00     0.1261      0.011    1473.33    105.145    10.3860 113.751798     7.2675      4.645  0.000e+00
      4.613     8.9260    24.6579    19.0436 8.0220e+00     0.1261      0.011    1473.33    105.143    10.3860 113.751799     7.2675      4.657  0.000e+00
      4.650     8.9251    24.6588    19.0445 8.1319e+00     0.1261      0.011    1473.32    105.144    10.3863 113.751799     7.2677      4.694  0.000e+00
      4.661     8.9245    24.6596    19.0452 8.2295e+00     0.1261      0.011    1473.32    105.150    10.3869 113.751800     7.2681      4.706  0.000e+00
      4.674     8.9239    24.6605    19.0460 8.2295e+00     0.1261      0.011    1473.32    105.099    10.3819 113.751800     7.2647      4.719  0.000e+00
      4.697     8.9229    24.6622    19.0474 8.0586e+00     0.1261      0.011    1473.32    105.106    10.3828 113.751801     7.2653      4.742  0.000e+00
      4.708     8.9206    24.6649    19.0498 7.8388e+00     0.1261      0.011    1473.31    105.119    10.3844 113.751801     7.2664      4.753  0.000e+00
      4.746     8.9192    24.6668    19.0515 7.7411e+00     0.1261      0.011    1473.31    105.075    10.3802 113.751802     7.2635      4.791  0.000e+00
      4.746     8.9161    24.6705    19.0548 7.6923e+00     0.1261      0.011    1473.31    105.082    10.3815 113.751802     7.2643      4.791  0.000e+00
      4.770     8.9093    24.6761    19.0601 7.6313e+00     0.1261      0.011    1473.29    105.095    10.3839 113.751803     7.2661      4.815  0.000e+00
      4.794     8.8982    24.6843    19.0681 7.5946e+00     0.1261      0.011    1473.26    105.105    10.3870 113.751803     7.2682      4.840  0.000e+00
      4.815     8.8907    24.6901    19.0736 7.5580e+00     0.1261      0.011    1473.23    105.058    10.3838 113.751804     7.2659      4.861  0.000e+00
      4.830     8.8848    24.6935    19.0771 7.5580e+00     0.1261      0.011    1473.22    105.070    10.3861 113.751804     7.2676      4.876  0.000e+00
      4.852     8.8799    24.6957    19.0794 7.6068e+00     0.1261      0.011    1473.20    105.079    10.3880 113.751805     7.2689      4.898  0.000e+00
      4.865     8.8762    24.6981    19.0819 7.6435e+00     0.1261      0.011    1473.19    105.032    10.3840 113.751805     7.2661      4.912  0.000e+00
      4.899     8.8736    24.7004    19.0840 7.6313e+00     0.1261      0.011    1473.18    105.036    10.3849 113.751806     7.2668      4.946  0.000e+00
      4.912     8.8712    24.7027    19.0861 7.6679e+00     0.1273      0.011    1473.18    105.044    10.3861 113.751806     7.2676      4.959  0.000e+00
      4.925     8.8676    24.7067    19.0897 7.7411e+00     0.1261      0.011    1473.17    105.057    10.3880 113.751807     7.2689      4.972  0.000e+00
      4.948     8.8613    24.7135    19.0958 7.7656e+00     0.1261      0.011    1473.15    105.067    10.3900 113.751807     7.2703      4.995  0.000e+00
      4.961     8.8548    24.7215    19.1030 7.8144e+00     0.1261      0.011    1473.14    105.074    10.3916 113.751807     7.2715      5.008  0.000e+00
      4.995     8.8515    24.7261    19.1070 7.8388e+00     0.1261      0.011    1473.13    105.030    10.3878 113.751808     7.2688      5.042  0.000e+00
      5.008     8.8489    24.7290    19.1096 7.9243e+00     0.1261      0.011    1473.13    104.977    10.3830 113.751808     7.2654      5.055  0.000e+00
      5.032     8.8468    24.7316    19.1120 7.9121e+00     0.1261      0.011    1473.12    104.982    10.3838 113.751809     7.2660      5.080  0.000e+00
      5.032     8.8452    24.7329    19.1132 7.8999e+00     0.1273      0.011    1473.12    104.992    10.3850 113.751809     7.2668      5.080  0.000e+00
      5.066     8.8441    24.7339    19.1141 7.9609e+00     0.1273      0.011    1473.11    104.930    10.3791 113.751810     7.2627      5.114  0.000e+00
      5.081     8.8432    24.7351    19.1151 8.0342e+00     0.1261      0.011    1473.11    104.988    10.3850 113.751810     7.2668      5.129  0.000e+00
      5.103     8.8418    24.7366    19.1165 8.0952e+00     0.1261      0.011    1473.11    104.934    10.3799 113.751811     7.2632      5.152  0.000e+00
      5.128     8.8400    24.7391    19.1188 7.9976e+00     0.1261      0.011    1473.11    104.931    10.3799 113.751811     7.2632      5.176  0.000e+00
      5.137     8.8383    24.7423    19.1214 7.9121e+00     0.1261      0.011    1473.10    104.871    10.3741 113.751812     7.2592      5.186  0.000e+00
      5.163     8.8363    24.7468    19.1252 7.9243e+00     0.1273      0.011    1473.10    104.869    10.3741 113.751812     7.2592      5.212  0.000e+00
      5.188     8.8337    24.7541    19.1313 7.9243e+00     0.1261      0.011    1473.10    104.803    10.3677 113.751813     7.2547      5.237  0.000e+00
      5.199     8.8303    24.7641    19.1396 7.8999e+00     0.1261      0.011    1473.10    104.734    10.3610 113.751813     7.2500      5.248  0.000e+00
      5.209     8.8269    24.7736    19.1475 7.9487e+00     0.1261      0.011    1473.10    104.724    10.3601 113.751814     7.2494      5.258  0.000e+00
      5.236     8.8237    24.7803    19.1531 8.0830e+00     0.1261      0.011    1473.10    104.718    10.3598 113.751814     7.2492      5.286  0.000e+00
      5.259     8.8208    24.7846    19.1569 8.3028e+00     0.1273      0.011    1473.09    104.655    10.3540 113.751815     7.2451      5.309  0.000e+00
      5.283     8.8183    24.7876    19.1595 8.4249e+00     0.1273      0.011    1473.09    104.651    10.3540 113.751815     7.2451      5.333  0.000e+00
      5.281     8.8162    24.7911    19.1625 8.4371e+00     0.1261      0.011    1473.08    104.583    10.3475 113.751816     7.2406      5.332  0.000e+00
      5.319     8.8143    24.7961    19.1667 8.3516e+00     0.1261      0.011    1473.08    104.513    10.3407 113.751816     7.2358      5.369  0.000e+00
      5.343     8.8129    24.8004    19.1703 8.1807e+00     0.1261      0.011    1473.08    104.495    10.3389 113.751817     7.2346      5.394  0.000e+00
      5.354     8.8119    24.8031    19.1725 8.0464e+00     0.1261      0.011    1473.08    104.488    10.3383 113.751817     7.2342      5.405  0.000e+00
      5.377     8.8098    24.8063    19.1753 7.8388e+00     0.1261      0.011    1473.08    104.479    10.3378 113.751818     7.2337      5.428  0.000e+00
      5.390     8.8076    24.8082    19.1771 7.6435e+00     0.1273      0.011    1473.07    104.414    10.3317 113.751818     7.2295      5.441  0.000e+00
      5.414     8.8046    24.8095    19.1785 7.4237e+00     0.1261      0.011    1473.06    104.340    10.3249 113.751819     7.2248      5.466  0.000e+00
