Hm6_230419_down.cnv
* Sea-Bird SBE 9 Data File:
* FileName = C:\CTD Brukere\NIVA\IO2019\20190423\Hm6_230419.hex
* Software Version Seasave V 7.23.2
* Temperature SN = 5352
* Conductivity SN = 3840
* Number of Bytes Per Scan = 28
* Number of Voltage Words = 4
* Number of Scans Averaged by the Deck Unit = 1
* NMEA baud rate = 4800
** Ship: R/V Trygve Braarud
** Cruise:
** Station:
** Operator:
# nquan = 14
# nvalues = 1362                                  
# units = specified
# name 0 = depSM: Depth [salt water, m], lat = 59.60
# name 1 = t090C: Temperature [ITS-90, deg C]
# name 2 = sal00: Salinity, Practical [PSU]
# name 3 = sigma-t00: Density [sigma-t, kg/m^3 ]
# name 4 = flSP: Fluorescence, Seapoint
# name 5 = wetStar: Fluorescence, WET Labs WETstar [mg/m^3]
# name 6 = seaTurbMtr: Turbidity, Seapoint [FTU]
# name 7 = svCM: Sound Velocity [Chen-Millero, m/s]
# name 8 = sbeox0PS: Oxygen, SBE 43 [% saturation]
# name 9 = sbeox0Mg/L: Oxygen, SBE 43 [mg/l]
# name 10 = timeJ: Julian Days
# name 11 = sbeox0ML/L: Oxygen, SBE 43 [ml/l]
# name 12 = prDM: Pressure, Digiquartz [db]
# name 13 = flag:  0.000e+00
# span 0 =      0.745,     20.011                 
# span 1 =     6.0363,    11.1551                 
# span 2 =    23.4105,    32.3257                 
# span 3 =    17.7461,    25.3877                 
# span 4 = 1.1233e+00, 9.2063e+00                 
# span 5 =     0.1249,     0.1273                 
# span 6 =      0.007,      0.018                 
# span 7 =    1469.89,    1480.01                 
# span 8 =     59.703,    107.721                 
# span 9 =     5.9419,    10.5366                 
# span 10 = 113.751620, 113.752277                
# span 11 =     4.1578,     7.3729                
# span 12 =      0.752,     20.202                
# span 13 = 0.0000e+00, 0.0000e+00                
# interval = seconds: 0.0416667
# start_time = Apr 23 2019 18:02:20 [System UpLoad Time]
# bad_flag = -9.990e-29
*END*
[from data line 723]
     11.947     6.7997    29.4614    23.0841 6.3248e+00     0.1261      0.007    1471.14     91.317     9.1797 113.751969     6.4234     12.060  0.000e+00
     11.958     6.8001    29.4663    23.0879 6.2027e+00     0.1261      0.007    1471.15     91.331     9.1807 113.751970     6.4241     12.072  0.000e+00
     11.982     6.8013    29.4710    23.0915 6.2027e+00     0.1261      0.007    1471.16     91.349     9.1819 113.751970     6.4250     12.096  0.000e+00
     12.007     6.8027    29.4738    23.0935 6.1783e+00     0.1261      0.011    1471.17     91.309     9.1775 113.751970     6.4219     12.121  0.000e+00
     12.018     6.8034    29.4767    23.0957 6.1661e+00     0.1261      0.007    1471.18     91.381     9.1844 113.751971     6.4267     12.132  0.000e+00
     12.054     6.8036    29.4797    23.0981 6.1050e+00     0.1261      0.007    1471.18     91.342     9.1802 113.751971     6.4238     12.168  0.000e+00
     12.067     6.8031    29.4836    23.1012 6.1172e+00     0.1261      0.011    1471.19     91.353     9.1812 113.751972     6.4245     12.181  0.000e+00
     12.091     6.8034    29.4866    23.1035 6.0440e+00     0.1261      0.011    1471.19     91.368     9.1825 113.751972     6.4253     12.206  0.000e+00
     12.102     6.8035    29.4893    23.1056 5.8730e+00     0.1261      0.007    1471.20     91.386     9.1841 113.751973     6.4265     12.217  0.000e+00
     12.138     6.8031    29.4915    23.1074 5.7509e+00     0.1261      0.007    1471.20     91.408     9.1863 113.751973     6.4281     12.253  0.000e+00
     12.151     6.8034    29.4927    23.1083 5.6899e+00     0.1261      0.011    1471.20     91.427     9.1880 113.751974     6.4292     12.266  0.000e+00
     12.186     6.8042    29.4950    23.1100 5.6654e+00     0.1261      0.007    1471.21     91.448     9.1899 113.751974     6.4305     12.302  0.000e+00
     12.186     6.8056    29.4994    23.1133 5.7265e+00     0.1261      0.011    1471.22     91.403     9.1848 113.751975     6.4270     12.302  0.000e+00
     12.209     6.8068    29.5056    23.1180 5.8242e+00     0.1261      0.007    1471.23     91.478     9.1917 113.751975     6.4318     12.325  0.000e+00
     12.233     6.8070    29.5117    23.1228 5.8852e+00     0.1273      0.011    1471.24     91.440     9.1875 113.751976     6.4288     12.350  0.000e+00
     12.258     6.8058    29.5189    23.1287 5.8364e+00     0.1261      0.011    1471.24     91.460     9.1893 113.751976     6.4301     12.374  0.000e+00
     12.269     6.8035    29.5257    23.1342 5.6532e+00     0.1261      0.011    1471.24     91.476     9.1909 113.751977     6.4313     12.386  0.000e+00
     12.301     6.8023    29.5300    23.1378 5.5678e+00     0.1261      0.011    1471.25     91.494     9.1928 113.751977     6.4326     12.418  0.000e+00
     12.318     6.8006    29.5341    23.1412 5.6777e+00     0.1261      0.011    1471.24     91.508     9.1943 113.751978     6.4337     12.435  0.000e+00
     12.342     6.7980    29.5383    23.1448 5.6166e+00     0.1261      0.011    1471.24     91.525     9.1963 113.751978     6.4351     12.459  0.000e+00
     12.365     6.7961    29.5401    23.1465 5.4945e+00     0.1261      0.007    1471.23     91.545     9.1986 113.751979     6.4366     12.482  0.000e+00
     12.378     6.7943    29.5420    23.1482 5.4457e+00     0.1261      0.011    1471.23     91.567     9.2011 113.751979     6.4384     12.495  0.000e+00
     12.402     6.7915    29.5453    23.1512 5.3114e+00     0.1261      0.007    1471.22     91.585     9.2033 113.751980     6.4399     12.520  0.000e+00
     12.424     6.7879    29.5498    23.1551 5.1160e+00     0.1261      0.011    1471.22     91.543     9.1996 113.751980     6.4373     12.543  0.000e+00
     12.449     6.7816    29.5580    23.1624 5.0672e+00     0.1261      0.011    1471.20     91.551     9.2012 113.751981     6.4385     12.567  0.000e+00
     12.473     6.7657    29.5771    23.1794 5.0549e+00     0.1249      0.011    1471.16     91.501     9.1984 113.751981     6.4365     12.592  0.000e+00
     12.473     6.7471    29.6038    23.2027 5.1648e+00     0.1261      0.011    1471.12     91.507     9.2015 113.751982     6.4387     12.592  0.000e+00
     12.497     6.7328    29.6321    23.2267 5.2747e+00     0.1261      0.007    1471.10     91.517     9.2038 113.751982     6.4403     12.616  0.000e+00
     12.533     6.7263    29.6522    23.2433 5.3114e+00     0.1261      0.011    1471.10     91.459     9.1981 113.751983     6.4363     12.652  0.000e+00
     12.556     6.7245    29.6619    23.2512 5.2137e+00     0.1261      0.011    1471.11     91.457     9.1977 113.751983     6.4360     12.675  0.000e+00
     12.556     6.7242    29.6649    23.2536 5.0794e+00     0.1261      0.011    1471.11     91.396     9.1914 113.751984     6.4316     12.675  0.000e+00
     12.593     6.7242    29.6689    23.2567 5.2381e+00     0.1261      0.011    1471.12     91.392     9.1909 113.751984     6.4312     12.713  0.000e+00
     12.604     6.7225    29.6764    23.2629 5.3602e+00     0.1261      0.011    1471.12     91.314     9.1829 113.751984     6.4257     12.724  0.000e+00
     12.629     6.7154    29.6896    23.2741 5.4090e+00     0.1261      0.011    1471.11     91.302     9.1824 113.751985     6.4253     12.749  0.000e+00
     12.653     6.7076    29.7074    23.2891 5.3236e+00     0.1261      0.011    1471.10     91.293     9.1821 113.751985     6.4251     12.773  0.000e+00
     12.676     6.7016    29.7243    23.3031 5.1160e+00     0.1261      0.011    1471.10     91.225     9.1755 113.751986     6.4205     12.796  0.000e+00
     12.689     6.6963    29.7379    23.3145 4.9695e+00     0.1261      0.011    1471.09     91.145     9.1677 113.751986     6.4151     12.809  0.000e+00
     12.711     6.6921    29.7478    23.3228 4.7619e+00     0.1261      0.011    1471.09     91.122     9.1658 113.751987     6.4137     12.832  0.000e+00
     12.736     6.6880    29.7557    23.3295 4.5788e+00     0.1261      0.011    1471.08     91.041     9.1581 113.751987     6.4083     12.857  0.000e+00
     12.748     6.6819    29.7642    23.3370 4.5055e+00     0.1261      0.011    1471.07     91.019     9.1566 113.751988     6.4072     12.870  0.000e+00
     12.771     6.6740    29.7758    23.3471 4.6032e+00     0.1261      0.011    1471.05     90.938     9.1495 113.751988     6.4023     12.893  0.000e+00
     12.795     6.6647    29.7880    23.3578 4.6154e+00     0.1261      0.011    1471.03     90.978     9.1547 113.751989     6.4059     12.917  0.000e+00
     12.807     6.6538    29.8000    23.3686 4.6520e+00     0.1261      0.011    1471.00     90.960     9.1545 113.751989     6.4058     12.929  0.000e+00
     12.831     6.6437    29.8100    23.3777 4.7985e+00     0.1273      0.011    1470.98     90.883     9.1483 113.751990     6.4014     12.953  0.000e+00
     12.844     6.6337    29.8196    23.3865 4.9939e+00     0.1261      0.011    1470.95     90.864     9.1479 113.751990     6.4012     12.966  0.000e+00
     12.867     6.6243    29.8281    23.3943 5.1404e+00     0.1261      0.011    1470.92     90.849     9.1479 113.751991     6.4012     12.989  0.000e+00
     12.855     6.6159    29.8356    23.4013 5.2747e+00     0.1261      0.011    1470.90     90.767     9.1410 113.751991     6.3964     12.978  0.000e+00
     12.943     6.6092    29.8415    23.4067 5.3480e+00     0.1261      0.011    1470.88     90.683     9.1336 113.751992     6.3912     13.066  0.000e+00
     12.927     6.6030    29.8465    23.4114 5.3968e+00     0.1261      0.011    1470.86     90.656     9.1319 113.751992     6.3899     13.050  0.000e+00
     12.951     6.5982    29.8502    23.4150 5.3968e+00     0.1261      0.011    1470.85     90.633     9.1304 113.751993     6.3889     13.074  0.000e+00
     12.962     6.5937    29.8531    23.4177 5.2991e+00     0.1261      0.011    1470.84     90.552     9.1230 113.751993     6.3837     13.086  0.000e+00
     12.975     6.5906    29.8546    23.4193 5.2503e+00     0.1261      0.011    1470.83     90.468     9.1151 113.751994     6.3782     13.099  0.000e+00
     13.011     6.5874    29.8559    23.4208 5.3236e+00     0.1273      0.011    1470.81     90.435     9.1124 113.751994     6.3763     13.135  0.000e+00
     13.022     6.5814    29.8587    23.4237 5.5067e+00     0.1261      0.011    1470.79     90.415     9.1115 113.751995     6.3757     13.146  0.000e+00
     13.047     6.5748    29.8609    23.4262 5.6777e+00     0.1273      0.011    1470.77     90.329     9.1041 113.751995     6.3705     13.171  0.000e+00
     13.071     6.5698    29.8625    23.4281 5.7875e+00     0.1261      0.011    1470.75     90.241     9.0962 113.751996     6.3650     13.195  0.000e+00
     13.082     6.5668    29.8628    23.4287 5.7265e+00     0.1261      0.011    1470.74     90.212     9.0939 113.751996     6.3634     13.207  0.000e+00
     13.095     6.5613    29.8650    23.4311 5.5922e+00     0.1261      0.011    1470.72     90.126     9.0862 113.751997     6.3580     13.220  0.000e+00
     13.131     6.5558    29.8657    23.4323 5.8486e+00     0.1261      0.011    1470.70     90.100     9.0847 113.751997     6.3570     13.256  0.000e+00
     13.142     6.5506    29.8661    23.4333 6.1783e+00     0.1261      0.011    1470.68     90.017     9.0775 113.751997     6.3519     13.267  0.000e+00
     13.178     6.5476    29.8649    23.4327 6.0684e+00     0.1261      0.011    1470.67     89.932     9.0696 113.751998     6.3464     13.303  0.000e+00
     13.191     6.5444    29.8661    23.4340 5.7875e+00     0.1273      0.011    1470.66     89.838     9.0607 113.751998     6.3402     13.316  0.000e+00
     13.213     6.5417    29.8666    23.4348 5.5800e+00     0.1261      0.011    1470.65     89.812     9.0586 113.751999     6.3387     13.339  0.000e+00
     13.226     6.5372    29.8660    23.4348 5.4212e+00     0.1273      0.011    1470.63     89.722     9.0506 113.751999     6.3331     13.352  0.000e+00
     13.251     6.5326    29.8660    23.4354 5.3358e+00     0.1261      0.011    1470.61     89.631     9.0424 113.752000     6.3273     13.377  0.000e+00
     13.262     6.5279    29.8662    23.4361 5.3846e+00     0.1261      0.011    1470.60     89.540     9.0341 113.752000     6.3216     13.388  0.000e+00
     13.298     6.5242    29.8660    23.4364 5.4090e+00     0.1273      0.011    1470.58     89.447     9.0256 113.752001     6.3156     13.424  0.000e+00
     13.302     6.5221    29.8659    23.4366 5.3602e+00     0.1261      0.011    1470.57     89.416     9.0229 113.752001     6.3137     13.429  0.000e+00
     13.333     6.5210    29.8658    23.4366 5.2625e+00     0.1273      0.011    1470.57     89.331     9.0145 113.752002     6.3078     13.460  0.000e+00
     13.346     6.5202    29.8655    23.4365 5.3236e+00     0.1261      0.011    1470.57     89.245     9.0060 113.752002     6.3019     13.473  0.000e+00
     13.382     6.5199    29.8656    23.4366 5.5433e+00     0.1261      0.011    1470.57     89.222     9.0037 113.752003     6.3003     13.509  0.000e+00
     13.393     6.5198    29.8648    23.4359 5.6654e+00     0.1261      0.011    1470.56     89.144     8.9960 113.752003     6.2949     13.521  0.000e+00
     13.406     6.5199    29.8639    23.4352 5.6777e+00     0.1261      0.011    1470.56     89.059     8.9875 113.752004     6.2889     13.534  0.000e+00
     13.442     6.5199    29.8628    23.4344 5.5189e+00     0.1261      0.011    1470.56     89.037     8.9853 113.752004     6.2874     13.570  0.000e+00
     13.442     6.5204    29.8625    23.4341 5.4090e+00     0.1261      0.011    1470.56     88.953     8.9767 113.752005     6.2814     13.570  0.000e+00
     13.477     6.5201    29.8653    23.4363 5.3846e+00     0.1261      0.011    1470.57     88.870     8.9683 113.752005     6.2755     13.606  0.000e+00
     13.489     6.5196    29.8676    23.4382 5.5678e+00     0.1261      0.011    1470.57     88.788     8.9599 113.752006     6.2696     13.617  0.000e+00
     13.513     6.5196    29.8680    23.4385 5.7998e+00     0.1273      0.011    1470.57     88.699     8.9509 113.752006     6.2633     13.642  0.000e+00
     13.524     6.5205    29.8679    23.4383 5.8364e+00     0.1261      0.011    1470.57     88.611     8.9419 113.752007     6.2570     13.653  0.000e+00
     13.552     6.5208    29.8682    23.4385 5.7509e+00     0.1261      0.015    1470.57     88.579     8.9386 113.752007     6.2547     13.681  0.000e+00
     13.573     6.5217    29.8675    23.4379 5.7021e+00     0.1261      0.011    1470.58     88.494     8.9299 113.752008     6.2486     13.702  0.000e+00
     13.597     6.5219    29.8670    23.4374 5.8608e+00     0.1261      0.011    1470.58     88.403     8.9206 113.752008     6.2421     13.727  0.000e+00
     13.609     6.5223    29.8672    23.4375 5.8608e+00     0.1261      0.011    1470.58     88.251     8.9052 113.752009     6.2313     13.738  0.000e+00
     13.644     6.5229    29.8682    23.4382 5.7631e+00     0.1261      0.011    1470.58     88.217     8.9016 113.752009     6.2288     13.774  0.000e+00
     13.657     6.5241    29.8686    23.4384 5.7875e+00     0.1261      0.015    1470.59     88.062     8.8857 113.752010     6.2177     13.787  0.000e+00
     13.680     6.5258    29.8695    23.4390 5.8242e+00     0.1261      0.015    1470.60     87.955     8.8745 113.752010     6.2099     13.810  0.000e+00
     13.680     6.5285    29.8697    23.4388 5.6899e+00     0.1273      0.011    1470.61     87.851     8.8634 113.752011     6.2021     13.810  0.000e+00
     13.704     6.5304    29.8700    23.4388 5.5678e+00     0.1261      0.011    1470.62     87.804     8.8583 113.752011     6.1985     13.835  0.000e+00
     13.745     6.5329    29.8701    23.4385 5.6532e+00     0.1273      0.011    1470.63     87.643     8.8415 113.752011     6.1868     13.876  0.000e+00
     13.764     6.5377    29.8742    23.4412 5.4823e+00     0.1261      0.011    1470.65     87.594     8.8353 113.752012     6.1824     13.895  0.000e+00
     13.776     6.5410    29.8843    23.4487 5.2991e+00     0.1273      0.011    1470.68     87.439     8.8184 113.752012     6.1706     13.907  0.000e+00
     13.789     6.5389    29.8974    23.4593 5.2381e+00     0.1273      0.011    1470.69     87.342     8.8083 113.752013     6.1636     13.920  0.000e+00
     13.813     6.5301    29.9140    23.4735 5.2137e+00     0.1261      0.011    1470.67     87.242     8.7991 113.752013     6.1571     13.944  0.000e+00
     13.835     6.5150    29.9385    23.4946 5.2015e+00     0.1273      0.011    1470.64     87.146     8.7911 113.752014     6.1515     13.967  0.000e+00
     13.871     6.4999    29.9623    23.5152 5.6044e+00     0.1261      0.011    1470.62     87.055     8.7836 113.752014     6.1462     14.003  0.000e+00
     13.884     6.4797    29.9848    23.5353 5.7387e+00     0.1261      0.011    1470.56     86.960     8.7769 113.752015     6.1415     14.016  0.000e+00
     13.912     6.4554    30.0062    23.5552 5.8364e+00     0.1261      0.011    1470.49     86.862     8.7707 113.752015     6.1372     14.044  0.000e+00
     13.931     6.4328    30.0239    23.5718 6.0806e+00     0.1273      0.011    1470.43     86.706     8.7586 113.752016     6.1288     14.064  0.000e+00
     13.944     6.4104    30.0477    23.5933 5.9829e+00     0.1261      0.011    1470.37     86.611     8.7522 113.752016     6.1243     14.077  0.000e+00
     13.968     6.3875    30.0800    23.6215 5.5922e+00     0.1273      0.011    1470.32     86.513     8.7451 113.752017     6.1193     14.101  0.000e+00
     13.980     6.3716    30.1054    23.6434 5.2503e+00     0.1261      0.011    1470.29     86.412     8.7367 113.752017     6.1134     14.113  0.000e+00
     14.015     6.3589    30.1235    23.6592 5.0061e+00     0.1261      0.011    1470.26     86.318     8.7287 113.752018     6.1078     14.149  0.000e+00
