RAWDATA/IO2019/20190207/Ap1_20190207_down_bin.cnv
* Sea-Bird SBE 9 Data File:
* FileName = C:\CTD Brukere\NIVA\IO2019\20190207\Ap1_20190207.hex
* Software Version Seasave V 7.23.2
* Temperature SN = 5352
* Conductivity SN = 3840
* Number of Bytes Per Scan = 28
* Number of Voltage Words = 4
* Number of Scans Averaged by the Deck Unit = 1
* NMEA baud rate = 4800
** Ship: R/V Trygve Braarud
** Cruise:
** Station:
** Operator:
# nquan = 12
# nvalues = 26                          
# units = specified
# name 0 = depSM: Depth [salt water, m], lat = 59.60
# name 1 = t090C: Temperature [ITS-90, deg C]
# name 2 = sal00: Salinity, Practical [PSU]
# name 3 = sigma-t00: Density [sigma-t, kg/m^3 ]
# name 4 = flSP: Fluorescence, Seapoint
# name 5 = wetStar: Fluorescence, WET Labs WETstar [mg/m^3]
# name 6 = seaTurbMtr: Turbidity, Seapoint [FTU]
# name 7 = svCM: Sound Velocity [Chen-Millero, m/s]
# name 8 = sbeox0PS: Oxygen, SBE 43 [% saturation]
# name 9 = sbeox0ML/L: Oxygen, SBE 43 [ml/l]
# name 10 = timeJ: Julian Days
# name 11 = flag: flag
# span 0 =      0.000,     25.000       
# span 1 =     6.4413,     7.4184       
# span 2 =    32.6501,    32.9455       
# span 3 =    25.6410,    25.7433       
# span 4 = 1.9043e-01, 2.0149e-01       
# span 5 =     0.1289,     0.1298       
# span 6 =      0.015,      0.016       
# span 7 =    1473.53,    1478.12       
# span 8 =     38.208,     47.613       
# span 9 =     2.5892,     3.2925       
# span 10 =  38.373712,  38.374661      
# span 11 = 0.0000e+00, 0.0000e+00      
# interval = meters: 1                  
# start_time = Feb 07 2019 08:58:00 [System UpLoad Time]
# bad_flag = -9.990e-29
*END*
      0.000     6.4413    32.6501    25.6410 2.0093e-01     0.1289      0.015    1473.53     47.405     3.2925  38.373712 0.0000e+00
      1.000     6.4595    32.6539    25.6417 1.9526e-01     0.1293      0.015    1473.62     47.326     3.2855  38.373924 0.0000e+00
      2.000     6.4619    32.6548    25.6421 1.9450e-01     0.1294      0.015    1473.65     47.242     3.2795  38.373967 0.0000e+00
      3.000     6.4632    32.6562    25.6430 1.9376e-01     0.1295      0.016    1473.67     47.245     3.2796  38.373991 0.0000e+00
      4.000     6.4614    32.6564    25.6434 1.9486e-01     0.1295      0.016    1473.68     47.264     3.2810  38.374014 0.0000e+00
      5.000     6.4582    32.6559    25.6434 1.9536e-01     0.1295      0.016    1473.68     47.283     3.2826  38.374036 0.0000e+00
      6.000     6.4590    32.6570    25.6442 1.9561e-01     0.1295      0.015    1473.71     47.371     3.2886  38.374058 0.0000e+00
      7.000     6.4728    32.6634    25.6474 1.9536e-01     0.1295      0.016    1473.79     47.345     3.2856  38.374082 0.0000e+00
      8.000     6.5080    32.6863    25.6610 1.9674e-01     0.1295      0.016    1473.97     47.432     3.2885  38.374104 0.0000e+00
      9.000     6.5140    32.6909    25.6639 1.9591e-01     0.1296      0.016    1474.01     47.422     3.2872  38.374125 0.0000e+00
     10.000     6.5282    32.7075    25.6751 1.9587e-01     0.1297      0.016    1474.11     47.388     3.2834  38.374148 0.0000e+00
     11.000     6.5928    32.7445    25.6959 1.9536e-01     0.1295      0.016    1474.43     47.482     3.2842  38.374170 0.0000e+00
     12.000     6.6367    32.7563    25.6996 1.9536e-01     0.1296      0.016    1474.63     47.603     3.2890  38.374192 0.0000e+00
     13.000     6.7217    32.7799    25.7071 1.9618e-01     0.1296      0.016    1475.01     47.613     3.2827  38.374215 0.0000e+00
     14.000     6.7750    32.7857    25.7047 1.9535e-01     0.1295      0.016    1475.24     47.454     3.2676  38.374236 0.0000e+00
     15.000     6.7674    32.7849    25.7051 1.9417e-01     0.1296      0.016    1475.23     47.243     3.2536  38.374259 0.0000e+00
     16.000     6.8433    32.8021    25.7086 1.9318e-01     0.1296      0.016    1475.56     46.556     3.2003  38.374282 0.0000e+00
     17.000     6.9067    32.8150    25.7103 1.9402e-01     0.1297      0.016    1475.84     46.301     3.1779  38.374304 0.0000e+00
     18.000     6.9652    32.8326    25.7163 1.9361e-01     0.1298      0.015    1476.11     46.188     3.1655  38.374327 0.0000e+00
     19.000     7.0501    32.8399    25.7107 1.9369e-01     0.1295      0.016    1476.46     45.562     3.1163  38.374349 0.0000e+00
     20.000     7.0632    32.8447    25.7127 1.9198e-01     0.1297      0.016    1476.54     45.002     3.0770  38.374371 0.0000e+00
     21.000     7.1188    32.8617    25.7186 1.9298e-01     0.1298      0.016    1476.79     43.980     3.0030  38.374394 0.0000e+00
     22.000     7.1611    32.8724    25.7213 1.9043e-01     0.1297      0.016    1476.99     43.350     2.9569  38.374416 0.0000e+00
     23.000     7.2295    32.8885    25.7246 1.9420e-01     0.1298      0.016    1477.29     42.474     2.8923  38.374451 0.0000e+00
     24.000     7.4184    32.9438    25.7420 2.0149e-01     0.1298      0.016    1478.10     38.208     2.5892  38.374660 0.0000e+00
     25.000     7.4183    32.9455    25.7433 1.9124e-01     0.1298      0.016    1478.12     39.141     2.6528  38.374661 0.0000e+00
