RAWDATA/IO2019/20190207/Ap1_20190207_down.cnv
* Sea-Bird SBE 9 Data File:
* FileName = C:\CTD Brukere\NIVA\IO2019\20190207\Ap1_20190207.hex
* Software Version Seasave V 7.23.2
* Temperature SN = 5352
* Conductivity SN = 3840
* Number of Bytes Per Scan = 28
* Number of Voltage Words = 4
* Number of Scans Averaged by the Deck Unit = 1
* NMEA baud rate = 4800
** Ship: R/V Trygve Braarud
** Cruise:
** Station:
** Operator:
# nquan = 12
# nvalues = 2219                                  
# units = specified
# name 0 = depSM: Depth [salt water, m], lat = 59.60
# name 1 = t090C: Temperature [ITS-90, deg C]
# name 2 = sal00: Salinity, Practical [PSU]
# name 3 = sigma-t00: Density [sigma-t, kg/m^3 ]
# name 4 = flSP: Fluorescence, Seapoint
# name 5 = wetStar: Fluorescence, WET Labs WETstar [mg/m^3]
# name 6 = seaTurbMtr: Turbidity, Seapoint [FTU]
# name 7 = svCM: Sound Velocity [Chen-Millero, m/s]
# name 8 = sbeox0PS: Oxygen, SBE 43 [% saturation]
# name 9 = sbeox0ML/L: Oxygen, SBE 43 [ml/l]
# name 10 = timeJ: Julian Days
# name 11 = flag:  0.000e+00
# span 0 =      0.064,     25.459                 
# span 1 =     6.4346,     7.4380                 
# span 2 =    32.6421,    32.9552                 
# span 3 =    25.6342,    25.7561                 
# span 4 = 1.8315e-01, 3.4188e-01                 
# span 5 =     0.1273,     0.1310                 
# span 6 =      0.011,      0.018                 
# span 7 =    1473.51,    1478.20                 
# span 8 =     38.841,     47.818                 
# span 9 =     2.6318,     3.3014                 
# span 10 =  38.373611,  38.374681                
# span 11 = 0.0000e+00, 0.0000e+00                
# interval = seconds: 0.0416667
# start_time = Feb 07 2019 08:58:00 [System UpLoad Time]
# bad_flag = -9.990e-29
*END*
[from data line 722]
      1.724     6.4651    32.6552    25.6420 1.8315e-01     0.1285      0.015    1473.66     47.302     3.2834  38.373959  0.000e+00
      1.747     6.4654    32.6548    25.6416 1.9536e-01     0.1298      0.015    1473.66     47.251     3.2798  38.373960  0.000e+00
      1.760     6.4652    32.6543    25.6413 1.9536e-01     0.1285      0.018    1473.66     47.246     3.2795  38.373960  0.000e+00
      1.771     6.4654    32.6545    25.6414 1.9536e-01     0.1298      0.015    1473.66     47.249     3.2797  38.373961  0.000e+00
      1.795     6.4649    32.6549    25.6417 1.9536e-01     0.1298      0.015    1473.66     47.252     3.2800  38.373961  0.000e+00
      1.807     6.4652    32.6545    25.6414 1.9536e-01     0.1298      0.015    1473.66     47.256     3.2802  38.373962  0.000e+00
      1.820     6.4651    32.6544    25.6413 1.9536e-01     0.1298      0.015    1473.66     47.260     3.2805  38.373962  0.000e+00
      1.855     6.4649    32.6545    25.6414 1.9536e-01     0.1298      0.015    1473.66     47.264     3.2808  38.373963  0.000e+00
      1.867     6.4648    32.6548    25.6417 1.9536e-01     0.1298      0.015    1473.66     47.268     3.2811  38.373963  0.000e+00
      1.891     6.4652    32.6542    25.6412 1.9536e-01     0.1285      0.015    1473.66     47.273     3.2814  38.373964  0.000e+00
      1.902     6.4642    32.6545    25.6416 1.9536e-01     0.1298      0.015    1473.66     47.279     3.2819  38.373964  0.000e+00
      1.926     6.4629    32.6537    25.6410 1.9536e-01     0.1298      0.018    1473.65     47.276     3.2818  38.373965  0.000e+00
      1.938     6.4601    32.6539    25.6416 1.9536e-01     0.1298      0.018    1473.64     47.274     3.2819  38.373965  0.000e+00
      1.951     6.4589    32.6543    25.6420 1.9536e-01     0.1298      0.015    1473.64     47.218     3.2780  38.373966  0.000e+00
      1.975     6.4588    32.6545    25.6422 1.9536e-01     0.1285      0.015    1473.64     47.278     3.2822  38.373966  0.000e+00
      2.011     6.4589    32.6550    25.6426 1.9536e-01     0.1298      0.015    1473.64     47.223     3.2784  38.373967  0.000e+00
      2.011     6.4594    32.6551    25.6426 1.9536e-01     0.1298      0.015    1473.64     47.276     3.2820  38.373967  0.000e+00
      2.033     6.4601    32.6553    25.6427 1.9536e-01     0.1298      0.015    1473.64     47.213     3.2776  38.373967  0.000e+00
      2.046     6.4607    32.6555    25.6428 1.9536e-01     0.1285      0.015    1473.65     47.267     3.2813  38.373968  0.000e+00
      2.070     6.4614    32.6550    25.6423 1.9536e-01     0.1285      0.015    1473.65     47.266     3.2812  38.373968  0.000e+00
      2.093     6.4618    32.6551    25.6423 1.9536e-01     0.1285      0.015    1473.65     47.266     3.2811  38.373969  0.000e+00
      2.106     6.4617    32.6549    25.6421 1.9536e-01     0.1298      0.015    1473.65     47.265     3.2811  38.373969  0.000e+00
      2.117     6.4615    32.6544    25.6418 1.9536e-01     0.1298      0.015    1473.65     47.211     3.2774  38.373970  0.000e+00
      2.142     6.4614    32.6543    25.6417 1.9536e-01     0.1298      0.015    1473.65     47.265     3.2811  38.373970  0.000e+00
      2.153     6.4614    32.6548    25.6422 1.9536e-01     0.1285      0.015    1473.65     47.265     3.2811  38.373971  0.000e+00
      2.177     6.4613    32.6546    25.6420 1.9536e-01     0.1298      0.015    1473.65     47.266     3.2812  38.373971  0.000e+00
      2.202     6.4611    32.6548    25.6422 1.9536e-01     0.1298      0.018    1473.65     47.212     3.2774  38.373972  0.000e+00
      2.213     6.4613    32.6545    25.6419 1.9536e-01     0.1298      0.018    1473.65     47.267     3.2813  38.373972  0.000e+00
      2.237     6.4609    32.6548    25.6422 1.9536e-01     0.1298      0.015    1473.65     47.206     3.2770  38.373973  0.000e+00
      2.261     6.4611    32.6543    25.6418 1.9536e-01     0.1298      0.015    1473.65     47.207     3.2771  38.373973  0.000e+00
      2.261     6.4607    32.6551    25.6424 1.9536e-01     0.1298      0.015    1473.65     47.201     3.2767  38.373974  0.000e+00
      2.297     6.4611    32.6546    25.6420 1.9536e-01     0.1298      0.015    1473.65     47.257     3.2806  38.373974  0.000e+00
      2.308     6.4611    32.6551    25.6424 1.9536e-01     0.1298      0.018    1473.65     47.267     3.2813  38.373975  0.000e+00
      2.344     6.4613    32.6552    25.6425 1.9536e-01     0.1298      0.015    1473.65     47.270     3.2814  38.373975  0.000e+00
      2.344     6.4617    32.6547    25.6420 1.9536e-01     0.1285      0.015    1473.65     47.210     3.2773  38.373976  0.000e+00
      2.368     6.4616    32.6549    25.6422 1.9536e-01     0.1285      0.015    1473.65     47.205     3.2769  38.373976  0.000e+00
      2.393     6.4617    32.6547    25.6420 1.9536e-01     0.1298      0.015    1473.65     47.200     3.2766  38.373977  0.000e+00
      2.415     6.4614    32.6551    25.6423 1.9536e-01     0.1285      0.015    1473.65     47.258     3.2806  38.373977  0.000e+00
      2.439     6.4615    32.6551    25.6423 1.9536e-01     0.1285      0.015    1473.65     47.261     3.2809  38.373978  0.000e+00
      2.452     6.4616    32.6550    25.6423 1.9536e-01     0.1298      0.015    1473.65     47.203     3.2768  38.373978  0.000e+00
      2.475     6.4618    32.6552    25.6424 1.9536e-01     0.1298      0.015    1473.66     47.261     3.2808  38.373979  0.000e+00
      2.475     6.4622    32.6553    25.6424 1.9536e-01     0.1298      0.015    1473.66     47.264     3.2810  38.373979  0.000e+00
      2.524     6.4623    32.6558    25.6428 1.9536e-01     0.1298      0.015    1473.66     47.206     3.2769  38.373980  0.000e+00
      2.524     6.4625    32.6562    25.6431 1.9536e-01     0.1298      0.015    1473.66     47.264     3.2809  38.373980  0.000e+00
      2.548     6.4627    32.6567    25.6435 1.9536e-01     0.1298      0.018    1473.66     47.206     3.2769  38.373981  0.000e+00
      2.571     6.4630    32.6573    25.6439 1.8315e-01     0.1298      0.015    1473.67     47.265     3.2809  38.373981  0.000e+00
      2.595     6.4636    32.6580    25.6444 1.8315e-01     0.1285      0.015    1473.67     47.269     3.2812  38.373981  0.000e+00
      2.619     6.4638    32.6584    25.6446 1.9536e-01     0.1298      0.015    1473.67     47.211     3.2771  38.373982  0.000e+00
      2.619     6.4641    32.6577    25.6440 1.9536e-01     0.1298      0.015    1473.67     47.270     3.2812  38.373982  0.000e+00
      2.655     6.4639    32.6569    25.6434 1.9536e-01     0.1298      0.015    1473.67     47.221     3.2778  38.373983  0.000e+00
      2.666     6.4636    32.6562    25.6429 1.9536e-01     0.1298      0.015    1473.67     47.218     3.2777  38.373983  0.000e+00
      2.690     6.4630    32.6565    25.6433 1.9536e-01     0.1298      0.015    1473.67     47.278     3.2819  38.373984  0.000e+00
      2.715     6.4630    32.6563    25.6431 1.9536e-01     0.1298      0.015    1473.67     47.284     3.2823  38.373984  0.000e+00
      2.726     6.4629    32.6561    25.6429 1.9536e-01     0.1298      0.015    1473.67     47.289     3.2827  38.373985  0.000e+00
      2.762     6.4627    32.6559    25.6428 1.9536e-01     0.1298      0.018    1473.67     47.233     3.2788  38.373985  0.000e+00
      2.775     6.4627    32.6560    25.6429 1.9536e-01     0.1285      0.015    1473.67     47.293     3.2829  38.373986  0.000e+00
      2.799     6.4627    32.6562    25.6430 1.9536e-01     0.1298      0.018    1473.67     47.299     3.2834  38.373986  0.000e+00
      2.810     6.4625    32.6558    25.6427 1.9536e-01     0.1298      0.018    1473.67     47.243     3.2795  38.373987  0.000e+00
      2.846     6.4627    32.6555    25.6425 1.9536e-01     0.1298      0.015    1473.67     47.241     3.2794  38.373987  0.000e+00
      2.857     6.4625    32.6556    25.6426 1.9536e-01     0.1285      0.015    1473.67     47.240     3.2793  38.373988  0.000e+00
      2.881     6.4621    32.6557    25.6427 1.9536e-01     0.1285      0.015    1473.67     47.301     3.2836  38.373988  0.000e+00
      2.894     6.4620    32.6557    25.6428 1.9536e-01     0.1285      0.015    1473.66     47.308     3.2840  38.373989  0.000e+00
      2.917     6.4617    32.6562    25.6432 1.9536e-01     0.1285      0.018    1473.66     47.307     3.2840  38.373989  0.000e+00
      2.941     6.4625    32.6566    25.6434 1.9536e-01     0.1298      0.015    1473.67     47.314     3.2844  38.373990  0.000e+00
      2.966     6.4634    32.6567    25.6434 1.9536e-01     0.1298      0.015    1473.67     47.250     3.2799  38.373990  0.000e+00
      3.001     6.4641    32.6561    25.6428 1.9536e-01     0.1298      0.015    1473.68     47.249     3.2798  38.373991  0.000e+00
      3.025     6.4642    32.6559    25.6426 1.8315e-01     0.1298      0.015    1473.68     47.240     3.2792  38.373991  0.000e+00
      3.061     6.4644    32.6559    25.6426 1.9536e-01     0.1285      0.018    1473.68     47.239     3.2791  38.373992  0.000e+00
      3.048     6.4645    32.6556    25.6424 1.9536e-01     0.1298      0.015    1473.68     47.239     3.2790  38.373992  0.000e+00
      3.097     6.4644    32.6557    25.6424 1.8315e-01     0.1285      0.018    1473.68     47.239     3.2790  38.373993  0.000e+00
      3.108     6.4644    32.6557    25.6424 1.9536e-01     0.1298      0.015    1473.68     47.239     3.2791  38.373993  0.000e+00
      3.132     6.4642    32.6560    25.6427 1.9536e-01     0.1298      0.015    1473.68     47.231     3.2785  38.373994  0.000e+00
      3.168     6.4644    32.6554    25.6422 1.9536e-01     0.1298      0.015    1473.68     47.232     3.2786  38.373994  0.000e+00
      3.181     6.4637    32.6551    25.6421 1.9536e-01     0.1298      0.015    1473.68     47.233     3.2787  38.373995  0.000e+00
      3.216     6.4629    32.6552    25.6423 1.9536e-01     0.1298      0.015    1473.67     47.296     3.2831  38.373995  0.000e+00
      3.239     6.4628    32.6559    25.6428 1.9536e-01     0.1298      0.015    1473.67     47.235     3.2789  38.373995  0.000e+00
      3.263     6.4632    32.6565    25.6432 1.9536e-01     0.1298      0.015    1473.68     47.236     3.2789  38.373996  0.000e+00
      3.276     6.4634    32.6567    25.6434 1.9536e-01     0.1298      0.015    1473.68     47.229     3.2784  38.373996  0.000e+00
      3.299     6.4638    32.6557    25.6425 1.9536e-01     0.1298      0.015    1473.68     47.222     3.2780  38.373997  0.000e+00
      3.323     6.4634    32.6566    25.6433 1.9536e-01     0.1298      0.015    1473.68     47.216     3.2775  38.373997  0.000e+00
      3.335     6.4635    32.6562    25.6430 1.9536e-01     0.1298      0.015    1473.68     47.217     3.2776  38.373998  0.000e+00
      3.383     6.4633    32.6565    25.6432 1.8315e-01     0.1298      0.015    1473.68     47.219     3.2778  38.373998  0.000e+00
      3.372     6.4636    32.6563    25.6430 1.8315e-01     0.1285      0.018    1473.68     47.221     3.2779  38.373999  0.000e+00
      3.407     6.4634    32.6565    25.6432 1.9536e-01     0.1285      0.015    1473.68     47.215     3.2775  38.373999  0.000e+00
      3.430     6.4632    32.6554    25.6424 1.9536e-01     0.1298      0.015    1473.68     47.210     3.2771  38.374000  0.000e+00
      3.430     6.4625    32.6554    25.6425 1.9536e-01     0.1298      0.015    1473.68     47.204     3.2768  38.374000  0.000e+00
      3.467     6.4623    32.6555    25.6425 1.9536e-01     0.1285      0.015    1473.68     47.207     3.2770  38.374001  0.000e+00
      3.467     6.4623    32.6557    25.6427 1.9536e-01     0.1298      0.015    1473.68     47.209     3.2772  38.374001  0.000e+00
      3.503     6.4623    32.6560    25.6429 1.8315e-01     0.1298      0.015    1473.68     47.204     3.2768  38.374002  0.000e+00
      3.490     6.4625    32.6560    25.6429 1.9536e-01     0.1285      0.015    1473.68     47.207     3.2770  38.374002  0.000e+00
      3.585     6.4622    32.6562    25.6431 1.9536e-01     0.1298      0.015    1473.68     47.273     3.2816  38.374003  0.000e+00
      3.563     6.4620    32.6562    25.6431 1.9536e-01     0.1298      0.015    1473.68     47.214     3.2775  38.374003  0.000e+00
      3.574     6.4617    32.6565    25.6434 1.9536e-01     0.1298      0.015    1473.68     47.217     3.2777  38.374004  0.000e+00
      3.598     6.4618    32.6568    25.6436 1.9536e-01     0.1285      0.015    1473.68     47.275     3.2817  38.374004  0.000e+00
      3.621     6.4617    32.6572    25.6439 1.9536e-01     0.1298      0.015    1473.68     47.224     3.2782  38.374005  0.000e+00
      3.645     6.4620    32.6568    25.6436 1.9536e-01     0.1298      0.015    1473.68     47.227     3.2784  38.374005  0.000e+00
      3.670     6.4617    32.6570    25.6438 1.9536e-01     0.1285      0.015    1473.68     47.223     3.2782  38.374006  0.000e+00
      3.681     6.4615    32.6571    25.6439 1.9536e-01     0.1298      0.015    1473.68     47.227     3.2784  38.374006  0.000e+00
      3.705     6.4613    32.6574    25.6442 1.9536e-01     0.1285      0.015    1473.68     47.285     3.2825  38.374007  0.000e+00
      3.729     6.4614    32.6573    25.6441 1.9536e-01     0.1298      0.015    1473.68     47.227     3.2784  38.374007  0.000e+00
      3.741     6.4616    32.6571    25.6439 1.9536e-01     0.1285      0.018    1473.68     47.231     3.2787  38.374008  0.000e+00
      3.765     6.4617    32.6567    25.6436 1.9536e-01     0.1285      0.015    1473.68     47.297     3.2833  38.374008  0.000e+00
      3.776     6.4617    32.6566    25.6435 1.9536e-01     0.1298      0.015    1473.68     47.309     3.2841  38.374008  0.000e+00
      3.814     6.4620    32.6565    25.6434 1.9536e-01     0.1298      0.015    1473.68     47.313     3.2844  38.374009  0.000e+00
      3.825     6.4617    32.6571    25.6439 1.9536e-01     0.1298      0.015    1473.68     47.263     3.2809  38.374009  0.000e+00
      3.849     6.4617    32.6570    25.6438 1.9536e-01     0.1285      0.018    1473.68     47.267     3.2812  38.374010  0.000e+00
      3.872     6.4617    32.6566    25.6435 1.9536e-01     0.1298      0.015    1473.68     47.264     3.2810  38.374010  0.000e+00
      3.885     6.4615    32.6567    25.6436 1.9536e-01     0.1298      0.015    1473.68     47.260     3.2807  38.374011  0.000e+00
      3.895     6.4617    32.6567    25.6436 1.9536e-01     0.1298      0.015    1473.68     47.257     3.2805  38.374011  0.000e+00
      3.932     6.4618    32.6565    25.6434 1.9536e-01     0.1298      0.015    1473.68     47.262     3.2808  38.374012  0.000e+00
      3.956     6.4622    32.6560    25.6430 1.9536e-01     0.1298      0.015    1473.68     47.266     3.2811  38.374012  0.000e+00
      3.967     6.4621    32.6558    25.6428 1.9536e-01     0.1298      0.015    1473.68     47.334     3.2858  38.374013  0.000e+00
      3.992     6.4617    32.6553    25.6425 1.9536e-01     0.1298      0.015    1473.68     47.347     3.2867  38.374013  0.000e+00
      4.005     6.4612    32.6561    25.6432 1.9536e-01     0.1298      0.015    1473.68     47.290     3.2828  38.374014  0.000e+00
      4.016     6.4611    32.6558    25.6430 1.9536e-01     0.1298      0.018    1473.68     47.287     3.2826  38.374014  0.000e+00
      4.052     6.4609    32.6561    25.6432 1.9536e-01     0.1285      0.018    1473.68     47.284     3.2825  38.374015  0.000e+00
      4.063     6.4611    32.6560    25.6431 1.9536e-01     0.1298      0.018    1473.68     47.281     3.2822  38.374015  0.000e+00
      4.087     6.4609    32.6565    25.6435 1.9536e-01     0.1298      0.018    1473.68     47.279     3.2821  38.374016  0.000e+00
      4.100     6.4613    32.6564    25.6434 1.9536e-01     0.1298      0.015    1473.68     47.276     3.2818  38.374016  0.000e+00
      4.123     6.4614    32.6566    25.6435 1.9536e-01     0.1298      0.015    1473.68     47.273     3.2816  38.374017  0.000e+00
