RAWDATA/IO2019/20190207/Ap1_20190207_down.cnv
* Sea-Bird SBE 9 Data File:
* FileName = C:\CTD Brukere\NIVA\IO2019\20190207\Ap1_20190207.hex
* Software Version Seasave V 7.23.2
* Temperature SN = 5352
* Conductivity SN = 3840
* Number of Bytes Per Scan = 28
* Number of Voltage Words = 4
* Number of Scans Averaged by the Deck Unit = 1
* NMEA baud rate = 4800
** Ship: R/V Trygve Braarud
** Cruise:
** Station:
** Operator:
# nquan = 12
# nvalues = 2219                                  
# units = specified
# name 0 = depSM: Depth [salt water, m], lat = 59.60
# name 1 = t090C: Temperature [ITS-90, deg C]
# name 2 = sal00: Salinity, Practical [PSU]
# name 3 = sigma-t00: Density [sigma-t, kg/m^3 ]
# name 4 = flSP: Fluorescence, Seapoint
# name 5 = wetStar: Fluorescence, WET Labs WETstar [mg/m^3]
# name 6 = seaTurbMtr: Turbidity, Seapoint [FTU]
# name 7 = svCM: Sound Velocity [Chen-Millero, m/s]
# name 8 = sbeox0PS: Oxygen, SBE 43 [% saturation]
# name 9 = sbeox0ML/L: Oxygen, SBE 43 [ml/l]
# name 10 = timeJ: Julian Days
# name 11 = flag:  0.000e+00
# span 0 =      0.064,     25.459                 
# span 1 =     6.4346,     7.4380                 
# span 2 =    32.6421,    32.9552                 
# span 3 =    25.6342,    25.7561                 
# span 4 = 1.8315e-01, 3.4188e-01                 
# span 5 =     0.1273,     0.1310                 
# span 6 =      0.011,      0.018                 
# span 7 =    1473.51,    1478.20                 
# span 8 =     38.841,     47.818                 
# span 9 =     2.6318,     3.3014                 
# span 10 =  38.373611,  38.374681                
# span 11 = 0.0000e+00, 0.0000e+00                
# interval = seconds: 0.0416667
# start_time = Feb 07 2019 08:58:00 [System UpLoad Time]
# bad_flag = -9.990e-29
*END*
[from data line 2166]
     24.836     7.4233    32.9418    25.7398 1.8315e-01     0.1298      0.018    1478.13     39.343     2.6663  38.374656  0.000e+00
     24.856     7.4235    32.9435    25.7411 1.8315e-01     0.1298      0.018    1478.13     39.345     2.6664  38.374656  0.000e+00
     24.872     7.4238    32.9426    25.7403 1.8315e-01     0.1298      0.015    1478.13     39.286     2.6624  38.374657  0.000e+00
     24.883     7.4215    32.9422    25.7403 1.8315e-01     0.1298      0.015    1478.13     39.281     2.6622  38.374657  0.000e+00
     24.896     7.4216    32.9444    25.7420 1.8315e-01     0.1285      0.015    1478.13     39.278     2.6619  38.374658  0.000e+00
     24.916     7.4238    32.9465    25.7434 1.8315e-01     0.1298      0.015    1478.14     39.275     2.6616  38.374658  0.000e+00
     24.932     7.4257    32.9486    25.7448 1.8315e-01     0.1298      0.015    1478.15     39.272     2.6612  38.374659  0.000e+00
     24.943     7.4279    32.9498    25.7454 1.8315e-01     0.1298      0.015    1478.16     39.201     2.6562  38.374659  0.000e+00
     24.943     7.4305    32.9492    25.7446 1.8315e-01     0.1298      0.015    1478.17     39.192     2.6555  38.374660  0.000e+00
     24.963     7.4324    32.9487    25.7439 1.8315e-01     0.1298      0.018    1478.18     39.185     2.6549  38.374660  0.000e+00
     24.992     7.4337    32.9480    25.7432 1.8315e-01     0.1298      0.018    1478.18     39.178     2.6544  38.374660  0.000e+00
     25.003     7.4342    32.9484    25.7434 1.8315e-01     0.1298      0.015    1478.18     39.172     2.6539  38.374661  0.000e+00
     25.016     7.4350    32.9481    25.7431 1.8315e-01     0.1298      0.018    1478.19     39.167     2.6536  38.374661  0.000e+00
     25.023     7.4358    32.9485    25.7433 1.8315e-01     0.1298      0.015    1478.19     39.156     2.6527  38.374662  0.000e+00
     25.039     7.4365    32.9478    25.7427 1.8315e-01     0.1298      0.015    1478.19     39.152     2.6525  38.374662  0.000e+00
     25.052     7.4369    32.9476    25.7424 1.8315e-01     0.1298      0.015    1478.19     39.088     2.6481  38.374663  0.000e+00
     25.075     7.4373    32.9483    25.7429 1.8315e-01     0.1298      0.015    1478.20     39.141     2.6517  38.374663  0.000e+00
     25.083     7.4380    32.9480    25.7426 1.8315e-01     0.1298      0.015    1478.20     39.018     2.6433  38.374664  0.000e+00
     25.112     7.4380    32.9470    25.7418 1.8315e-01     0.1298      0.015    1478.20     39.066     2.6465  38.374664  0.000e+00
     25.112     7.4371    32.9465    25.7416 1.8315e-01     0.1298      0.015    1478.19     39.061     2.6463  38.374665  0.000e+00
     25.135     7.4361    32.9463    25.7416 1.9536e-01     0.1298      0.015    1478.19     39.058     2.6461  38.374665  0.000e+00
     25.131     7.4358    32.9476    25.7426 1.9536e-01     0.1298      0.018    1478.19     39.055     2.6459  38.374666  0.000e+00
     25.172     7.4358    32.9478    25.7427 1.9536e-01     0.1298      0.018    1478.19     38.992     2.6417  38.374666  0.000e+00
     25.159     7.4363    32.9477    25.7426 1.9536e-01     0.1298      0.015    1478.19     38.978     2.6406  38.374667  0.000e+00
     25.195     7.4368    32.9476    25.7425 1.9536e-01     0.1298      0.015    1478.20     38.964     2.6397  38.374667  0.000e+00
     25.203     7.4369    32.9467    25.7417 1.9536e-01     0.1298      0.015    1478.20     38.952     2.6389  38.374668  0.000e+00
     25.195     7.4361    32.9459    25.7412 1.8315e-01     0.1285      0.015    1478.19     38.941     2.6382  38.374668  0.000e+00
     25.232     7.4347    32.9462    25.7416 1.9536e-01     0.1298      0.015    1478.19     38.931     2.6376  38.374669  0.000e+00
     25.243     7.4338    32.9456    25.7413 1.9536e-01     0.1298      0.015    1478.18     38.923     2.6371  38.374669  0.000e+00
     25.250     7.4327    32.9457    25.7415 1.8315e-01     0.1298      0.015    1478.18     38.923     2.6372  38.374670  0.000e+00
     25.255     7.4318    32.9457    25.7416 1.9536e-01     0.1298      0.015    1478.18     38.917     2.6369  38.374670  0.000e+00
     25.279     7.4308    32.9456    25.7417 1.9536e-01     0.1298      0.015    1478.17     38.851     2.6325  38.374671  0.000e+00
     25.255     7.4302    32.9457    25.7419 1.9536e-01     0.1298      0.018    1478.17     38.841     2.6318  38.374671  0.000e+00
     25.334     7.4296    32.9455    25.7418 1.9536e-01     0.1298      0.015    1478.17     38.894     2.6354  38.374672  0.000e+00
     25.328     7.4292    32.9453    25.7417 1.9536e-01     0.1298      0.018    1478.17     38.901     2.6359  38.374672  0.000e+00
     25.315     7.4284    32.9451    25.7416 1.9536e-01     0.1298      0.018    1478.16     38.910     2.6366  38.374673  0.000e+00
     25.334     7.4279    32.9456    25.7421 1.9536e-01     0.1298      0.015    1478.16     38.851     2.6326  38.374673  0.000e+00
     25.339     7.4283    32.9463    25.7426 1.9536e-01     0.1298      0.015    1478.16     38.848     2.6324  38.374674  0.000e+00
     25.363     7.4285    32.9473    25.7434 1.9536e-01     0.1298      0.015    1478.17     38.847     2.6323  38.374674  0.000e+00
     25.375     7.4291    32.9468    25.7429 1.9536e-01     0.1298      0.018    1478.17     38.847     2.6322  38.374674  0.000e+00
     25.383     7.4292    32.9463    25.7425 1.9536e-01     0.1298      0.015    1478.17     38.848     2.6323  38.374675  0.000e+00
     25.375     7.4286    32.9453    25.7418 1.9536e-01     0.1298      0.015    1478.16     38.851     2.6326  38.374675  0.000e+00
     25.410     7.4262    32.9453    25.7421 1.9536e-01     0.1298      0.015    1478.16     38.856     2.6331  38.374676  0.000e+00
     25.394     7.4241    32.9445    25.7418 1.9536e-01     0.1298      0.015    1478.15     38.855     2.6331  38.374676  0.000e+00
     25.410     7.4211    32.9436    25.7415 1.8315e-01     0.1298      0.015    1478.13     38.855     2.6333  38.374677  0.000e+00
     25.423     7.4177    32.9437    25.7420 1.9536e-01     0.1298      0.018    1478.12     38.863     2.6341  38.374677  0.000e+00
     25.448     7.4146    32.9440    25.7427 1.8315e-01     0.1298      0.015    1478.11     38.866     2.6345  38.374678  0.000e+00
     25.430     7.4132    32.9428    25.7420 1.9536e-01     0.1298      0.015    1478.10     38.870     2.6348  38.374678  0.000e+00
     25.448     7.4119    32.9409    25.7406 1.9536e-01     0.1298      0.015    1478.10     38.875     2.6353  38.374679  0.000e+00
     25.410     7.4093    32.9400    25.7403 1.8315e-01     0.1298      0.015    1478.08     38.889     2.6364  38.374679  0.000e+00
     25.418     7.4069    32.9410    25.7414 1.9536e-01     0.1298      0.015    1478.08     38.904     2.6375  38.374680  0.000e+00
     25.448     7.4055    32.9419    25.7424 1.9536e-01     0.1298      0.015    1478.07     38.913     2.6383  38.374680  0.000e+00
     25.459     7.4055    32.9421    25.7424 1.9536e-01     0.1298      0.015    1478.07     38.924     2.6390  38.374681  0.000e+00
