RAWDATA/IO2019/20190207/Ap1_20190207_down.cnv
* Sea-Bird SBE 9 Data File:
* FileName = C:\CTD Brukere\NIVA\IO2019\20190207\Ap1_20190207.hex
* Software Version Seasave V 7.23.2
* Temperature SN = 5352
* Conductivity SN = 3840
* Number of Bytes Per Scan = 28
* Number of Voltage Words = 4
* Number of Scans Averaged by the Deck Unit = 1
* NMEA baud rate = 4800
** Ship: R/V Trygve Braarud
** Cruise:
** Station:
** Operator:
# nquan = 12
# nvalues = 2219                                  
# units = specified
# name 0 = depSM: Depth [salt water, m], lat = 59.60
# name 1 = t090C: Temperature [ITS-90, deg C]
# name 2 = sal00: Salinity, Practical [PSU]
# name 3 = sigma-t00: Density [sigma-t, kg/m^3 ]
# name 4 = flSP: Fluorescence, Seapoint
# name 5 = wetStar: Fluorescence, WET Labs WETstar [mg/m^3]
# name 6 = seaTurbMtr: Turbidity, Seapoint [FTU]
# name 7 = svCM: Sound Velocity [Chen-Millero, m/s]
# name 8 = sbeox0PS: Oxygen, SBE 43 [% saturation]
# name 9 = sbeox0ML/L: Oxygen, SBE 43 [ml/l]
# name 10 = timeJ: Julian Days
# name 11 = flag:  0.000e+00
# span 0 =      0.064,     25.459                 
# span 1 =     6.4346,     7.4380                 
# span 2 =    32.6421,    32.9552                 
# span 3 =    25.6342,    25.7561                 
# span 4 = 1.8315e-01, 3.4188e-01                 
# span 5 =     0.1273,     0.1310                 
# span 6 =      0.011,      0.018                 
# span 7 =    1473.51,    1478.20                 
# span 8 =     38.841,     47.818                 
# span 9 =     2.6318,     3.3014                 
# span 10 =  38.373611,  38.374681                
# span 11 = 0.0000e+00, 0.0000e+00                
# interval = seconds: 0.0416667
# start_time = Feb 07 2019 08:58:00 [System UpLoad Time]
# bad_flag = -9.990e-29
*END*
[from data line 602]
      0.219     6.4567    32.6527    25.6410 1.9536e-01     0.1285      0.015    1473.60     47.283     3.2828  38.373901  0.000e+00
      0.221     6.4543    32.6524    25.6411 2.0757e-01     0.1298      0.015    1473.59     47.279     3.2827  38.373902  0.000e+00
      0.268     6.4516    32.6531    25.6420 1.9536e-01     0.1285      0.015    1473.58     47.276     3.2827  38.373902  0.000e+00
      0.268     6.4502    32.6528    25.6420 1.9536e-01     0.1298      0.015    1473.57     47.273     3.2826  38.373903  0.000e+00
      0.266     6.4494    32.6529    25.6421 1.9536e-01     0.1285      0.015    1473.57     47.271     3.2825  38.373903  0.000e+00
      0.316     6.4483    32.6536    25.6429 1.9536e-01     0.1285      0.015    1473.57     47.268     3.2824  38.373904  0.000e+00
      0.303     6.4481    32.6537    25.6429 1.9536e-01     0.1298      0.015    1473.56     47.204     3.2779  38.373904  0.000e+00
      0.328     6.4478    32.6540    25.6432 1.9536e-01     0.1285      0.015    1473.56     47.257     3.2816  38.373905  0.000e+00
      0.315     6.4478    32.6540    25.6432 1.9536e-01     0.1298      0.018    1473.56     47.256     3.2815  38.373905  0.000e+00
      0.292     6.4478    32.6537    25.6430 1.9536e-01     0.1298      0.015    1473.56     47.255     3.2815  38.373906  0.000e+00
      0.316     6.4476    32.6538    25.6431 1.9536e-01     0.1298      0.015    1473.56     47.254     3.2814  38.373906  0.000e+00
      0.339     6.4478    32.6536    25.6429 1.9536e-01     0.1285      0.018    1473.56     47.254     3.2814  38.373907  0.000e+00
      0.362     6.4481    32.6538    25.6430 1.9536e-01     0.1285      0.015    1473.57     47.254     3.2814  38.373907  0.000e+00
      0.363     6.4483    32.6539    25.6430 1.9536e-01     0.1298      0.015    1473.57     47.254     3.2814  38.373908  0.000e+00
      0.363     6.4484    32.6542    25.6433 1.9536e-01     0.1298      0.015    1473.57     47.255     3.2814  38.373908  0.000e+00
      0.374     6.4491    32.6535    25.6426 1.9536e-01     0.1285      0.015    1473.57     47.256     3.2815  38.373909  0.000e+00
      0.374     6.4498    32.6534    25.6425 1.9536e-01     0.1298      0.015    1473.57     47.257     3.2815  38.373909  0.000e+00
      0.386     6.4495    32.6539    25.6430 1.9536e-01     0.1298      0.015    1473.57     47.259     3.2816  38.373910  0.000e+00
      0.399     6.4487    32.6539    25.6430 1.9536e-01     0.1298      0.015    1473.57     47.261     3.2818  38.373910  0.000e+00
      0.399     6.4476    32.6538    25.6431 1.9536e-01     0.1298      0.015    1473.56     47.201     3.2778  38.373911  0.000e+00
      0.423     6.4468    32.6532    25.6427 1.9536e-01     0.1298      0.015    1473.56     47.197     3.2775  38.373911  0.000e+00
      0.421     6.4464    32.6535    25.6430 1.9536e-01     0.1285      0.015    1473.56     47.254     3.2816  38.373912  0.000e+00
      0.447     6.4487    32.6534    25.6426 1.9536e-01     0.1298      0.015    1473.57     47.258     3.2817  38.373912  0.000e+00
      0.447     6.4510    32.6533    25.6423 1.9536e-01     0.1298      0.015    1473.58     47.262     3.2818  38.373913  0.000e+00
      0.470     6.4527    32.6532    25.6420 1.9536e-01     0.1285      0.015    1473.58     47.205     3.2776  38.373913  0.000e+00
      0.470     6.4531    32.6532    25.6419 1.9536e-01     0.1298      0.015    1473.59     47.202     3.2774  38.373913  0.000e+00
      0.507     6.4543    32.6534    25.6420 1.9536e-01     0.1285      0.015    1473.59     47.262     3.2815  38.373914  0.000e+00
      0.507     6.4556    32.6537    25.6420 1.9536e-01     0.1298      0.015    1473.60     47.268     3.2818  38.373914  0.000e+00
      0.530     6.4570    32.6535    25.6416 1.9536e-01     0.1285      0.015    1473.60     47.275     3.2822  38.373915  0.000e+00
      0.543     6.4569    32.6533    25.6415 1.9536e-01     0.1298      0.015    1473.60     47.274     3.2821  38.373915  0.000e+00
      0.541     6.4567    32.6531    25.6414 1.9536e-01     0.1298      0.015    1473.60     47.280     3.2826  38.373916  0.000e+00
      0.565     6.4571    32.6534    25.6415 1.9536e-01     0.1298      0.015    1473.60     47.287     3.2830  38.373916  0.000e+00
      0.565     6.4567    32.6535    25.6417 1.9536e-01     0.1298      0.015    1473.60     47.233     3.2793  38.373917  0.000e+00
      0.603     6.4569    32.6533    25.6415 1.9536e-01     0.1285      0.015    1473.60     47.295     3.2836  38.373917  0.000e+00
      0.603     6.4566    32.6538    25.6419 1.9536e-01     0.1285      0.015    1473.60     47.304     3.2842  38.373918  0.000e+00
      0.625     6.4564    32.6539    25.6421 1.8315e-01     0.1298      0.015    1473.60     47.312     3.2848  38.373918  0.000e+00
      0.638     6.4559    32.6541    25.6422 1.9536e-01     0.1298      0.015    1473.60     47.322     3.2855  38.373919  0.000e+00
      0.650     6.4558    32.6541    25.6423 1.9536e-01     0.1285      0.015    1473.60     47.323     3.2856  38.373919  0.000e+00
      0.661     6.4558    32.6541    25.6423 1.9536e-01     0.1298      0.015    1473.60     47.324     3.2857  38.373920  0.000e+00
      0.698     6.4564    32.6538    25.6420 1.9536e-01     0.1298      0.015    1473.60     47.326     3.2857  38.373920  0.000e+00
      0.697     6.4564    32.6543    25.6424 1.9536e-01     0.1298      0.015    1473.60     47.335     3.2864  38.373921  0.000e+00
      0.721     6.4574    32.6543    25.6422 1.9536e-01     0.1298      0.015    1473.61     47.337     3.2864  38.373921  0.000e+00
      0.745     6.4593    32.6542    25.6419 1.9536e-01     0.1285      0.015    1473.62     47.338     3.2864  38.373922  0.000e+00
      0.745     6.4619    32.6544    25.6418 1.9536e-01     0.1298      0.015    1473.63     47.348     3.2868  38.373922  0.000e+00
      0.769     6.4639    32.6547    25.6417 1.9536e-01     0.1285      0.015    1473.64     47.350     3.2868  38.373923  0.000e+00
      0.779     6.4652    32.6550    25.6418 1.9536e-01     0.1298      0.015    1473.64     47.351     3.2868  38.373923  0.000e+00
      0.805     6.4664    32.6549    25.6415 1.9536e-01     0.1298      0.015    1473.65     47.353     3.2869  38.373924  0.000e+00
      0.816     6.4671    32.6545    25.6412 1.9536e-01     0.1285      0.015    1473.65     47.355     3.2870  38.373924  0.000e+00
      0.829     6.4684    32.6540    25.6406 1.9536e-01     0.1298      0.015    1473.65     47.357     3.2870  38.373925  0.000e+00
      0.841     6.4690    32.6534    25.6401 1.9536e-01     0.1285      0.015    1473.66     47.359     3.2871  38.373925  0.000e+00
      0.852     6.4684    32.6534    25.6401 1.9536e-01     0.1298      0.015    1473.65     47.361     3.2873  38.373926  0.000e+00
      0.887     6.4674    32.6537    25.6404 1.9536e-01     0.1285      0.015    1473.65     47.363     3.2875  38.373926  0.000e+00
      0.900     6.4666    32.6533    25.6402 1.9536e-01     0.1298      0.015    1473.65     47.365     3.2877  38.373927  0.000e+00
      0.912     6.4654    32.6526    25.6399 1.9536e-01     0.1298      0.015    1473.64     47.368     3.2880  38.373927  0.000e+00
      0.925     6.4641    32.6521    25.6397 1.9536e-01     0.1298      0.018    1473.64     47.370     3.2882  38.373927  0.000e+00
      0.936     6.4623    32.6526    25.6403 1.9536e-01     0.1285      0.015    1473.63     47.364     3.2880  38.373928  0.000e+00
      0.959     6.4608    32.6531    25.6409 1.9536e-01     0.1285      0.015    1473.62     47.366     3.2882  38.373928  0.000e+00
      0.960     6.4598    32.6533    25.6411 1.9536e-01     0.1285      0.015    1473.62     47.367     3.2884  38.373929  0.000e+00
      0.972     6.4592    32.6539    25.6417 1.9536e-01     0.1298      0.015    1473.62     47.369     3.2885  38.373929  0.000e+00
      0.996     6.4587    32.6546    25.6423 1.9536e-01     0.1298      0.018    1473.62     47.309     3.2844  38.373930  0.000e+00
      1.007     6.4587    32.6542    25.6420 1.9536e-01     0.1298      0.015    1473.62     47.365     3.2883  38.373930  0.000e+00
      1.020     6.4588    32.6543    25.6420 1.9536e-01     0.1285      0.015    1473.62     47.367     3.2884  38.373931  0.000e+00
      1.030     6.4589    32.6543    25.6421 1.9536e-01     0.1298      0.018    1473.62     47.369     3.2885  38.373931  0.000e+00
      1.043     6.4593    32.6541    25.6419 1.8315e-01     0.1298      0.015    1473.62     47.371     3.2887  38.373932  0.000e+00
      1.056     6.4593    32.6542    25.6419 1.9536e-01     0.1285      0.015    1473.62     47.373     3.2888  38.373932  0.000e+00
      1.067     6.4599    32.6541    25.6417 1.9536e-01     0.1298      0.015    1473.62     47.375     3.2889  38.373933  0.000e+00
      1.078     6.4601    32.6541    25.6417 1.9536e-01     0.1298      0.015    1473.63     47.377     3.2890  38.373933  0.000e+00
      1.091     6.4601    32.6541    25.6418 1.9536e-01     0.1298      0.015    1473.63     47.379     3.2891  38.373934  0.000e+00
      1.116     6.4601    32.6538    25.6415 1.9536e-01     0.1298      0.015    1473.63     47.373     3.2887  38.373934  0.000e+00
      1.114     6.4598    32.6541    25.6418 1.9536e-01     0.1285      0.015    1473.62     47.367     3.2883  38.373935  0.000e+00
      1.127     6.4598    32.6540    25.6417 1.9536e-01     0.1298      0.018    1473.62     47.368     3.2884  38.373935  0.000e+00
      1.138     6.4601    32.6542    25.6418 1.9536e-01     0.1285      0.015    1473.63     47.369     3.2885  38.373936  0.000e+00
      1.151     6.4598    32.6539    25.6416 1.9536e-01     0.1285      0.015    1473.63     47.371     3.2886  38.373936  0.000e+00
      1.174     6.4596    32.6541    25.6418 1.9536e-01     0.1298      0.015    1473.62     47.302     3.2839  38.373937  0.000e+00
      1.174     6.4597    32.6543    25.6420 1.9536e-01     0.1285      0.015    1473.63     47.350     3.2871  38.373937  0.000e+00
      1.185     6.4594    32.6545    25.6421 1.9536e-01     0.1285      0.015    1473.62     47.351     3.2872  38.373938  0.000e+00
      1.198     6.4595    32.6543    25.6419 1.9536e-01     0.1298      0.015    1473.63     47.352     3.2873  38.373938  0.000e+00
      1.222     6.4594    32.6546    25.6422 1.9536e-01     0.1298      0.015    1473.63     47.353     3.2874  38.373939  0.000e+00
      1.222     6.4597    32.6542    25.6419 1.9536e-01     0.1298      0.015    1473.63     47.354     3.2874  38.373939  0.000e+00
      1.234     6.4596    32.6547    25.6423 1.9536e-01     0.1298      0.015    1473.63     47.355     3.2875  38.373940  0.000e+00
      1.258     6.4592    32.6545    25.6421 1.9536e-01     0.1298      0.015    1473.63     47.356     3.2876  38.373940  0.000e+00
      1.269     6.4591    32.6548    25.6424 1.9536e-01     0.1285      0.015    1473.63     47.349     3.2871  38.373940  0.000e+00
      1.269     6.4590    32.6551    25.6426 1.9536e-01     0.1285      0.015    1473.63     47.288     3.2829  38.373941  0.000e+00
      1.294     6.4594    32.6549    25.6424 1.9536e-01     0.1298      0.015    1473.63     47.281     3.2824  38.373941  0.000e+00
      1.294     6.4598    32.6548    25.6423 1.9536e-01     0.1298      0.015    1473.63     47.337     3.2862  38.373942  0.000e+00
      1.307     6.4604    32.6546    25.6421 1.9536e-01     0.1298      0.015    1473.63     47.338     3.2863  38.373942  0.000e+00
      1.329     6.4606    32.6545    25.6420 1.9536e-01     0.1285      0.015    1473.63     47.339     3.2864  38.373943  0.000e+00
      1.342     6.4609    32.6543    25.6418 1.9536e-01     0.1285      0.015    1473.63     47.279     3.2821  38.373943  0.000e+00
      1.354     6.4609    32.6544    25.6419 1.9536e-01     0.1285      0.015    1473.63     47.273     3.2817  38.373944  0.000e+00
      1.354     6.4614    32.6538    25.6414 1.9536e-01     0.1298      0.015    1473.63     47.267     3.2813  38.373944  0.000e+00
      1.365     6.4611    32.6537    25.6413 1.9536e-01     0.1285      0.015    1473.63     47.262     3.2809  38.373945  0.000e+00
      1.389     6.4607    32.6541    25.6416 1.9536e-01     0.1298      0.015    1473.63     47.257     3.2806  38.373945  0.000e+00
      1.402     6.4608    32.6545    25.6419 1.9536e-01     0.1298      0.015    1473.63     47.252     3.2803  38.373946  0.000e+00
      1.402     6.4609    32.6546    25.6420 1.9536e-01     0.1285      0.015    1473.63     47.310     3.2843  38.373946  0.000e+00
      1.425     6.4609    32.6545    25.6420 1.9536e-01     0.1285      0.015    1473.63     47.251     3.2802  38.373947  0.000e+00
      1.438     6.4607    32.6547    25.6421 1.9536e-01     0.1298      0.015    1473.63     47.247     3.2799  38.373947  0.000e+00
      1.438     6.4606    32.6545    25.6420 1.9536e-01     0.1298      0.015    1473.63     47.243     3.2797  38.373948  0.000e+00
      1.449     6.4604    32.6544    25.6419 1.9536e-01     0.1285      0.015    1473.63     47.302     3.2837  38.373948  0.000e+00
      1.460     6.4603    32.6542    25.6417 1.9536e-01     0.1298      0.015    1473.63     47.244     3.2798  38.373949  0.000e+00
      1.460     6.4604    32.6542    25.6418 1.9536e-01     0.1298      0.015    1473.63     47.241     3.2795  38.373949  0.000e+00
      1.473     6.4603    32.6541    25.6417 1.9536e-01     0.1285      0.015    1473.63     47.300     3.2836  38.373950  0.000e+00
      1.485     6.4604    32.6542    25.6418 1.9536e-01     0.1285      0.015    1473.63     47.243     3.2797  38.373950  0.000e+00
      1.485     6.4603    32.6541    25.6417 1.9536e-01     0.1298      0.015    1473.63     47.240     3.2795  38.373951  0.000e+00
      1.498     6.4599    32.6544    25.6420 1.9536e-01     0.1285      0.018    1473.63     47.300     3.2837  38.373951  0.000e+00
      1.509     6.4601    32.6544    25.6420 1.9536e-01     0.1298      0.015    1473.63     47.244     3.2797  38.373952  0.000e+00
      1.520     6.4599    32.6545    25.6420 1.9536e-01     0.1285      0.015    1473.63     47.242     3.2796  38.373952  0.000e+00
      1.532     6.4600    32.6538    25.6415 1.9536e-01     0.1298      0.015    1473.63     47.240     3.2795  38.373953  0.000e+00
      1.544     6.4594    32.6542    25.6419 1.9536e-01     0.1298      0.015    1473.63     47.239     3.2795  38.373953  0.000e+00
      1.544     6.4595    32.6546    25.6422 1.8315e-01     0.1298      0.015    1473.63     47.230     3.2788  38.373954  0.000e+00
      1.556     6.4594    32.6541    25.6418 1.9536e-01     0.1298      0.015    1473.63     47.229     3.2788  38.373954  0.000e+00
      1.593     6.4595    32.6545    25.6421 1.9536e-01     0.1298      0.015    1473.63     47.229     3.2788  38.373954  0.000e+00
      1.580     6.4596    32.6554    25.6429 1.9536e-01     0.1298      0.015    1473.63     47.228     3.2787  38.373955  0.000e+00
      1.616     6.4600    32.6555    25.6428 1.9536e-01     0.1285      0.015    1473.64     47.229     3.2787  38.373955  0.000e+00
      1.616     6.4611    32.6551    25.6424 1.8315e-01     0.1285      0.015    1473.64     47.229     3.2786  38.373956  0.000e+00
      1.629     6.4613    32.6553    25.6425 1.9536e-01     0.1298      0.015    1473.64     47.230     3.2787  38.373956  0.000e+00
      1.640     6.4614    32.6555    25.6427 1.8315e-01     0.1285      0.015    1473.64     47.231     3.2787  38.373957  0.000e+00
      1.651     6.4627    32.6556    25.6426 1.9536e-01     0.1298      0.015    1473.65     47.232     3.2787  38.373957  0.000e+00
      1.676     6.4641    32.6557    25.6425 1.9536e-01     0.1285      0.018    1473.65     47.234     3.2787  38.373958  0.000e+00
      1.689     6.4648    32.6554    25.6421 1.9536e-01     0.1298      0.015    1473.66     47.235     3.2788  38.373958  0.000e+00
