RAWDATA/IO2019/20190207/Ap1_20190207_down.cnv
* Sea-Bird SBE 9 Data File:
* FileName = C:\CTD Brukere\NIVA\IO2019\20190207\Ap1_20190207.hex
* Software Version Seasave V 7.23.2
* Temperature SN = 5352
* Conductivity SN = 3840
* Number of Bytes Per Scan = 28
* Number of Voltage Words = 4
* Number of Scans Averaged by the Deck Unit = 1
* NMEA baud rate = 4800
** Ship: R/V Trygve Braarud
** Cruise:
** Station:
** Operator:
# nquan = 12
# nvalues = 2219                                  
# units = specified
# name 0 = depSM: Depth [salt water, m], lat = 59.60
# name 1 = t090C: Temperature [ITS-90, deg C]
# name 2 = sal00: Salinity, Practical [PSU]
# name 3 = sigma-t00: Density [sigma-t, kg/m^3 ]
# name 4 = flSP: Fluorescence, Seapoint
# name 5 = wetStar: Fluorescence, WET Labs WETstar [mg/m^3]
# name 6 = seaTurbMtr: Turbidity, Seapoint [FTU]
# name 7 = svCM: Sound Velocity [Chen-Millero, m/s]
# name 8 = sbeox0PS: Oxygen, SBE 43 [% saturation]
# name 9 = sbeox0ML/L: Oxygen, SBE 43 [ml/l]
# name 10 = timeJ: Julian Days
# name 11 = flag:  0.000e+00
# span 0 =      0.064,     25.459                 
# span 1 =     6.4346,     7.4380                 
# span 2 =    32.6421,    32.9552                 
# span 3 =    25.6342,    25.7561                 
# span 4 = 1.8315e-01, 3.4188e-01                 
# span 5 =     0.1273,     0.1310                 
# span 6 =      0.011,      0.018                 
# span 7 =    1473.51,    1478.20                 
# span 8 =     38.841,     47.818                 
# span 9 =     2.6318,     3.3014                 
# span 10 =  38.373611,  38.374681                
# span 11 = 0.0000e+00, 0.0000e+00                
# interval = seconds: 0.0416667
# start_time = Feb 07 2019 08:58:00 [System UpLoad Time]
# bad_flag = -9.990e-29
*END*
[from data line 1083]
      9.377     6.5100    32.6903    25.6639 1.9536e-01     0.1298      0.018    1474.00     47.406     3.2864  38.374133  0.000e+00
      9.404     6.5113    32.6854    25.6598 1.9536e-01     0.1298      0.015    1474.00     47.405     3.2864  38.374134  0.000e+00
      9.424     6.5097    32.6830    25.6582 1.9536e-01     0.1298      0.018    1474.00     47.405     3.2865  38.374134  0.000e+00
      9.435     6.5083    32.6819    25.6575 1.9536e-01     0.1298      0.015    1473.99     47.405     3.2866  38.374135  0.000e+00
      9.442     6.5077    32.6821    25.6577 1.9536e-01     0.1285      0.018    1473.99     47.404     3.2866  38.374135  0.000e+00
      9.472     6.5085    32.6826    25.6580 1.9536e-01     0.1298      0.018    1473.99     47.404     3.2865  38.374136  0.000e+00
      9.508     6.5104    32.6851    25.6598 1.9536e-01     0.1298      0.015    1474.00     47.403     3.2863  38.374136  0.000e+00
      9.513     6.5129    32.6880    25.6617 1.9536e-01     0.1298      0.015    1474.02     47.402     3.2860  38.374137  0.000e+00
      9.544     6.5145    32.6918    25.6645 1.9536e-01     0.1298      0.015    1474.03     47.402     3.2857  38.374137  0.000e+00
      9.555     6.5161    32.6952    25.6670 1.9536e-01     0.1285      0.015    1474.04     47.401     3.2855  38.374138  0.000e+00
      9.584     6.5191    32.6964    25.6675 1.9536e-01     0.1298      0.015    1474.05     47.400     3.2852  38.374138  0.000e+00
      9.603     6.5212    32.6990    25.6694 1.9536e-01     0.1298      0.015    1474.06     47.400     3.2849  38.374139  0.000e+00
      9.603     6.5218    32.7014    25.6712 1.9536e-01     0.1298      0.015    1474.07     47.399     3.2848  38.374139  0.000e+00
      9.639     6.5218    32.7016    25.6713 1.9536e-01     0.1298      0.015    1474.07     47.337     3.2805  38.374140  0.000e+00
      9.657     6.5215    32.7024    25.6719 1.9536e-01     0.1298      0.015    1474.07     47.391     3.2842  38.374140  0.000e+00
      9.675     6.5209    32.7037    25.6731 1.9536e-01     0.1298      0.018    1474.07     47.390     3.2842  38.374141  0.000e+00
      9.686     6.5198    32.7029    25.6726 1.9536e-01     0.1298      0.015    1474.06     47.390     3.2843  38.374141  0.000e+00
      9.715     6.5183    32.7011    25.6714 1.9536e-01     0.1298      0.015    1474.06     47.390     3.2845  38.374142  0.000e+00
      9.735     6.5171    32.7007    25.6712 1.9536e-01     0.1298      0.015    1474.05     47.390     3.2846  38.374142  0.000e+00
      9.746     6.5161    32.7007    25.6713 1.9536e-01     0.1298      0.015    1474.05     47.390     3.2846  38.374143  0.000e+00
      9.759     6.5159    32.7014    25.6719 2.0757e-01     0.1298      0.018    1474.05     47.390     3.2846  38.374143  0.000e+00
      9.799     6.5159    32.7026    25.6728 2.0757e-01     0.1298      0.015    1474.05     47.390     3.2846  38.374144  0.000e+00
      9.817     6.5169    32.7026    25.6727 1.9536e-01     0.1298      0.015    1474.05     47.389     3.2845  38.374144  0.000e+00
      9.830     6.5185    32.7019    25.6720 1.9536e-01     0.1298      0.018    1474.06     47.389     3.2844  38.374144  0.000e+00
      9.848     6.5203    32.7014    25.6713 1.9536e-01     0.1298      0.015    1474.07     47.389     3.2842  38.374145  0.000e+00
      9.866     6.5215    32.7013    25.6711 1.9536e-01     0.1298      0.015    1474.07     47.326     3.2798  38.374145  0.000e+00
      9.890     6.5220    32.7014    25.6711 1.9536e-01     0.1285      0.015    1474.07     47.381     3.2835  38.374146  0.000e+00
      9.914     6.5214    32.7020    25.6716 1.9536e-01     0.1298      0.015    1474.07     47.319     3.2793  38.374146  0.000e+00
      9.919     6.5214    32.7037    25.6730 1.9536e-01     0.1298      0.018    1474.08     47.374     3.2830  38.374147  0.000e+00
      9.961     6.5215    32.7071    25.6757 1.9536e-01     0.1298      0.015    1474.08     47.374     3.2830  38.374147  0.000e+00
      9.961     6.5226    32.7092    25.6772 1.9536e-01     0.1298      0.018    1474.09     47.383     3.2834  38.374148  0.000e+00
      9.997     6.5239    32.7112    25.6786 1.9536e-01     0.1298      0.018    1474.10     47.383     3.2833  38.374148  0.000e+00
     10.015     6.5258    32.7118    25.6788 1.9536e-01     0.1298      0.018    1474.10     47.384     3.2832  38.374149  0.000e+00
     10.033     6.5270    32.7116    25.6785 1.9536e-01     0.1298      0.015    1474.11     47.385     3.2832  38.374149  0.000e+00
     10.057     6.5283    32.7092    25.6764 1.9536e-01     0.1285      0.015    1474.11     47.385     3.2832  38.374150  0.000e+00
     10.075     6.5285    32.7069    25.6746 1.9536e-01     0.1298      0.018    1474.11     47.394     3.2838  38.374150  0.000e+00
     10.106     6.5283    32.7083    25.6757 1.9536e-01     0.1285      0.015    1474.11     47.395     3.2839  38.374151  0.000e+00
     10.117     6.5293    32.7126    25.6790 1.9536e-01     0.1298      0.015    1474.12     47.396     3.2838  38.374151  0.000e+00
     10.141     6.5311    32.7154    25.6810 1.9536e-01     0.1298      0.015    1474.13     47.397     3.2837  38.374152  0.000e+00
     10.146     6.5325    32.7166    25.6818 1.9536e-01     0.1298      0.015    1474.14     47.398     3.2836  38.374152  0.000e+00
     10.201     6.5368    32.7162    25.6809 1.9536e-01     0.1298      0.015    1474.16     47.399     3.2833  38.374153  0.000e+00
     10.201     6.5415    32.7170    25.6809 1.9536e-01     0.1298      0.015    1474.18     47.338     3.2787  38.374153  0.000e+00
     10.237     6.5466    32.7187    25.6816 1.9536e-01     0.1298      0.015    1474.20     47.393     3.2821  38.374154  0.000e+00
     10.248     6.5500    32.7162    25.6792 1.9536e-01     0.1298      0.015    1474.21     47.394     3.2820  38.374154  0.000e+00
     10.277     6.5482    32.7131    25.6770 1.9536e-01     0.1298      0.015    1474.20     47.396     3.2823  38.374155  0.000e+00
     10.297     6.5445    32.7131    25.6774 1.9536e-01     0.1298      0.018    1474.18     47.397     3.2827  38.374155  0.000e+00
     10.319     6.5417    32.7152    25.6795 1.9536e-01     0.1298      0.015    1474.18     47.399     3.2830  38.374156  0.000e+00
     10.332     6.5415    32.7156    25.6798 1.9536e-01     0.1298      0.015    1474.18     47.400     3.2831  38.374156  0.000e+00
     10.361     6.5444    32.7159    25.6797 1.9536e-01     0.1298      0.015    1474.19     47.402     3.2830  38.374157  0.000e+00
     10.392     6.5445    32.7180    25.6813 1.9536e-01     0.1298      0.018    1474.19     47.403     3.2830  38.374157  0.000e+00
     10.428     6.5444    32.7155    25.6793 1.9536e-01     0.1298      0.018    1474.19     47.405     3.2832  38.374158  0.000e+00
     10.439     6.5426    32.7150    25.6792 1.9536e-01     0.1285      0.018    1474.18     47.406     3.2834  38.374158  0.000e+00
     10.452     6.5412    32.7181    25.6818 1.9536e-01     0.1298      0.018    1474.18     47.408     3.2836  38.374158  0.000e+00
     10.493     6.5412    32.7209    25.6840 1.9536e-01     0.1298      0.018    1474.18     47.409     3.2836  38.374159  0.000e+00
     10.510     6.5415    32.7240    25.6864 1.9536e-01     0.1298      0.018    1474.19     47.410     3.2836  38.374159  0.000e+00
     10.535     6.5423    32.7258    25.6878 1.9536e-01     0.1298      0.015    1474.20     47.412     3.2836  38.374160  0.000e+00
     10.548     6.5428    32.7255    25.6874 1.9536e-01     0.1285      0.015    1474.20     47.413     3.2837  38.374160  0.000e+00
     10.565     6.5424    32.7247    25.6868 1.9536e-01     0.1298      0.015    1474.20     47.415     3.2838  38.374161  0.000e+00
     10.619     6.5421    32.7261    25.6880 1.9536e-01     0.1285      0.018    1474.20     47.416     3.2839  38.374161  0.000e+00
     10.619     6.5442    32.7315    25.6920 1.9536e-01     0.1285      0.015    1474.21     47.417     3.2837  38.374162  0.000e+00
     10.655     6.5516    32.7338    25.6928 1.9536e-01     0.1298      0.018    1474.24     47.418     3.2832  38.374162  0.000e+00
     10.679     6.5572    32.7377    25.6952 1.9536e-01     0.1285      0.018    1474.27     47.419     3.2827  38.374163  0.000e+00
     10.685     6.5685    32.7495    25.7031 1.9536e-01     0.1298      0.015    1474.33     47.412     3.2811  38.374163  0.000e+00
     10.714     6.5895    32.7541    25.7039 1.9536e-01     0.1298      0.018    1474.42     47.474     3.2837  38.374164  0.000e+00
     10.750     6.6053    32.7557    25.7031 1.9536e-01     0.1285      0.015    1474.48     47.419     3.2786  38.374164  0.000e+00
     10.774     6.6189    32.7473    25.6948 1.9536e-01     0.1298      0.018    1474.53     47.419     3.2778  38.374165  0.000e+00
     10.810     6.6193    32.7410    25.6897 1.9536e-01     0.1298      0.015    1474.52     47.420     3.2779  38.374165  0.000e+00
     10.821     6.6160    32.7426    25.6914 1.9536e-01     0.1298      0.015    1474.51     47.421     3.2782  38.374166  0.000e+00
     10.841     6.6154    32.7443    25.6929 1.9536e-01     0.1285      0.015    1474.51     47.421     3.2783  38.374166  0.000e+00
     10.857     6.6195    32.7449    25.6928 1.9536e-01     0.1298      0.015    1474.53     47.422     3.2780  38.374167  0.000e+00
     10.894     6.6146    32.7529    25.6997 1.9536e-01     0.1298      0.018    1474.52     47.485     3.2826  38.374167  0.000e+00
     10.917     6.6093    32.7517    25.6995 1.9536e-01     0.1298      0.015    1474.50     47.493     3.2836  38.374168  0.000e+00
     10.941     6.6022    32.7458    25.6958 1.9536e-01     0.1298      0.015    1474.46     47.440     3.2805  38.374168  0.000e+00
     10.953     6.5986    32.7451    25.6957 1.9536e-01     0.1298      0.018    1474.45     47.502     3.2851  38.374169  0.000e+00
     10.996     6.5991    32.7530    25.7018 1.9536e-01     0.1298      0.018    1474.46     47.502     3.2849  38.374169  0.000e+00
     11.013     6.6106    32.7574    25.7038 1.9536e-01     0.1298      0.015    1474.51     47.508     3.2843  38.374170  0.000e+00
     11.013     6.6229    32.7572    25.7021 1.9536e-01     0.1285      0.015    1474.56     47.505     3.2832  38.374170  0.000e+00
     11.050     6.6269    32.7637    25.7066 1.9536e-01     0.1298      0.015    1474.58     47.511     3.2832  38.374171  0.000e+00
     11.085     6.6347    32.7599    25.7026 1.9536e-01     0.1298      0.015    1474.61     47.516     3.2830  38.374171  0.000e+00
     11.097     6.6332    32.7536    25.6979 1.9536e-01     0.1285      0.018    1474.60     47.521     3.2836  38.374171  0.000e+00
     11.115     6.6303    32.7469    25.6930 1.9536e-01     0.1298      0.018    1474.58     47.526     3.2843  38.374172  0.000e+00
     11.132     6.6241    32.7387    25.6873 1.9536e-01     0.1298      0.015    1474.54     47.469     3.2811  38.374172  0.000e+00
     11.157     6.6025    32.7388    25.6902 1.9536e-01     0.1298      0.015    1474.46     47.530     3.2869  38.374173  0.000e+00
     11.181     6.5849    32.7387    25.6924 1.9536e-01     0.1298      0.015    1474.39     47.473     3.2843  38.374173  0.000e+00
     11.204     6.5762    32.7390    25.6937 1.9536e-01     0.1285      0.015    1474.36     47.533     3.2891  38.374174  0.000e+00
     11.228     6.5736    32.7409    25.6956 1.9536e-01     0.1298      0.015    1474.35     47.537     3.2895  38.374174  0.000e+00
     11.241     6.5760    32.7438    25.6976 1.9536e-01     0.1285      0.015    1474.36     47.540     3.2895  38.374175  0.000e+00
     11.270     6.5787    32.7453    25.6984 1.9536e-01     0.1298      0.018    1474.38     47.543     3.2895  38.374175  0.000e+00
     11.288     6.5796    32.7480    25.7004 1.9536e-01     0.1298      0.018    1474.38     47.546     3.2896  38.374176  0.000e+00
     11.312     6.5873    32.7458    25.6977 1.9536e-01     0.1285      0.015    1474.41     47.548     3.2892  38.374176  0.000e+00
     11.323     6.5953    32.7417    25.6934 1.9536e-01     0.1298      0.015    1474.44     47.542     3.2882  38.374177  0.000e+00
     11.359     6.5979    32.7402    25.6919 1.9536e-01     0.1298      0.015    1474.45     47.544     3.2882  38.374177  0.000e+00
     11.383     6.5960    32.7431    25.6944 1.9536e-01     0.1298      0.015    1474.44     47.545     3.2884  38.374178  0.000e+00
     11.383     6.5969    32.7451    25.6959 1.9536e-01     0.1298      0.018    1474.45     47.484     3.2840  38.374178  0.000e+00
     11.419     6.5987    32.7472    25.6973 1.9536e-01     0.1298      0.015    1474.46     47.540     3.2877  38.374179  0.000e+00
     11.438     6.6031    32.7524    25.7008 1.9536e-01     0.1298      0.015    1474.48     47.540     3.2873  38.374179  0.000e+00
     11.455     6.6097    32.7605    25.7064 1.9536e-01     0.1298      0.015    1474.52     47.540     3.2866  38.374180  0.000e+00
     11.492     6.6241    32.7632    25.7066 1.9536e-01     0.1298      0.015    1474.58     47.539     3.2854  38.374180  0.000e+00
     11.503     6.6378    32.7676    25.7083 1.9536e-01     0.1298      0.018    1474.64     47.538     3.2841  38.374181  0.000e+00
     11.528     6.6495    32.7727    25.7109 1.9536e-01     0.1298      0.018    1474.69     47.537     3.2830  38.374181  0.000e+00
     11.550     6.6641    32.7709    25.7075 1.9536e-01     0.1298      0.018    1474.75     47.535     3.2818  38.374182  0.000e+00
     11.575     6.6758    32.7704    25.7056 1.9536e-01     0.1298      0.015    1474.79     47.533     3.2808  38.374182  0.000e+00
     11.587     6.6826    32.7712    25.7054 1.9536e-01     0.1298      0.018    1474.82     47.531     3.2802  38.374183  0.000e+00
     11.610     6.6866    32.7737    25.7068 1.9536e-01     0.1285      0.018    1474.84     47.529     3.2797  38.374183  0.000e+00
     11.647     6.6919    32.7746    25.7068 1.9536e-01     0.1298      0.015    1474.86     47.526     3.2791  38.374184  0.000e+00
     11.641     6.6978    32.7717    25.7037 1.9536e-01     0.1298      0.015    1474.88     47.523     3.2785  38.374184  0.000e+00
     11.683     6.7020    32.7623    25.6958 1.9536e-01     0.1298      0.015    1474.89     47.459     3.2739  38.374185  0.000e+00
     11.694     6.6969    32.7451    25.6829 1.9536e-01     0.1298      0.015    1474.85     47.510     3.2782  38.374185  0.000e+00
     11.719     6.6731    32.7324    25.6760 1.9536e-01     0.1285      0.015    1474.74     47.509     3.2802  38.374185  0.000e+00
     11.730     6.6437    32.7309    25.6786 1.9536e-01     0.1298      0.015    1474.62     47.508     3.2824  38.374186  0.000e+00
     11.754     6.6235    32.7325    25.6825 1.9536e-01     0.1298      0.015    1474.54     47.506     3.2838  38.374186  0.000e+00
     11.779     6.6109    32.7362    25.6871 1.9536e-01     0.1298      0.015    1474.50     47.502     3.2844  38.374187  0.000e+00
     11.814     6.6022    32.7422    25.6929 1.9536e-01     0.1298      0.015    1474.47     47.507     3.2852  38.374187  0.000e+00
     11.814     6.5995    32.7508    25.7001 1.9536e-01     0.1298      0.015    1474.47     47.503     3.2850  38.374188  0.000e+00
     11.826     6.6022    32.7572    25.7048 1.9536e-01     0.1298      0.015    1474.49     47.498     3.2843  38.374188  0.000e+00
     11.861     6.6013    32.7674    25.7129 1.9536e-01     0.1298      0.015    1474.50     47.493     3.2838  38.374189  0.000e+00
     11.886     6.6049    32.7675    25.7125 1.9536e-01     0.1298      0.015    1474.52     47.549     3.2874  38.374189  0.000e+00
     11.892     6.6039    32.7615    25.7080 1.9536e-01     0.1298      0.015    1474.51     47.489     3.2835  38.374190  0.000e+00
     11.921     6.6017    32.7573    25.7049 1.9536e-01     0.1298      0.015    1474.49     47.483     3.2833  38.374190  0.000e+00
     11.934     6.6000    32.7583    25.7059 1.9536e-01     0.1298      0.015    1474.49     47.546     3.2878  38.374191  0.000e+00
