RAWDATA/IO2019/20190207/Aq2_20190207_down.cnv
* Sea-Bird SBE 9 Data File:
* FileName = C:\CTD Brukere\NIVA\IO2019\20190207\Aq2_20190207.hex
* Software Version Seasave V 7.23.2
* Temperature SN = 5352
* Conductivity SN = 3840
* Number of Bytes Per Scan = 28
* Number of Voltage Words = 4
* Number of Scans Averaged by the Deck Unit = 1
* NMEA baud rate = 4800
** Ship: R/V Trygve Braarud
** Cruise:
** Station:
** Operator:
# nquan = 12
# nvalues = 1972                                  
# units = specified
# name 0 = depSM: Depth [salt water, m], lat = 59.60
# name 1 = t090C: Temperature [ITS-90, deg C]
# name 2 = sal00: Salinity, Practical [PSU]
# name 3 = sigma-t00: Density [sigma-t, kg/m^3 ]
# name 4 = flSP: Fluorescence, Seapoint
# name 5 = wetStar: Fluorescence, WET Labs WETstar [mg/m^3]
# name 6 = seaTurbMtr: Turbidity, Seapoint [FTU]
# name 7 = svCM: Sound Velocity [Chen-Millero, m/s]
# name 8 = sbeox0PS: Oxygen, SBE 43 [% saturation]
# name 9 = sbeox0ML/L: Oxygen, SBE 43 [ml/l]
# name 10 = timeJ: Julian Days
# name 11 = flag:  0.000e+00
# span 0 =      0.096,     18.583                 
# span 1 =     4.5814,     7.6243                 
# span 2 =    26.4030,    33.0027                 
# span 3 =    20.8688,    25.7712                 
# span 4 = 1.7094e-01, 3.0525e-01                 
# span 5 =     0.1261,     0.1298                 
# span 6 =      0.007,      0.018                 
# span 7 =    1458.42,    1478.86                 
# span 8 =     36.917,     55.508                 
# span 9 =     2.4909,     4.1926                 
# span 10 =  38.410058,  38.411008                
# span 11 = 0.0000e+00, 0.0000e+00                
# interval = seconds: 0.0416667
# start_time = Feb 07 2019 09:50:29 [System UpLoad Time]
# bad_flag = -9.990e-29
*END*
[from data line 722]
      0.205     5.5439    30.6370    24.1590 2.0757e-01     0.1285      0.015    1467.40     52.818     3.7970  38.410406  0.000e+00
      0.205     5.5333    30.6122    24.1405 2.0757e-01     0.1285      0.015    1467.33     52.810     3.7980  38.410407  0.000e+00
      0.205     5.5179    30.5771    24.1145 2.0757e-01     0.1285      0.015    1467.22     52.802     3.7997  38.410407  0.000e+00
      0.181     5.5081    30.5433    24.0889 2.0757e-01     0.1298      0.015    1467.14     52.794     3.8009  38.410408  0.000e+00
      0.193     5.5028    30.5028    24.0575 2.0757e-01     0.1285      0.011    1467.06     52.786     3.8018  38.410408  0.000e+00
      0.181     5.4971    30.4583    24.0229 2.0757e-01     0.1285      0.015    1466.98     52.716     3.7984  38.410408  0.000e+00
      0.205     5.4962    30.4290    23.9999 2.0757e-01     0.1285      0.015    1466.94     52.693     3.7976  38.410409  0.000e+00
      0.192     5.4940    30.4010    23.9780 2.0757e-01     0.1285      0.011    1466.90     52.678     3.7974  38.410409  0.000e+00
      0.181     5.4957    30.3714    23.9544 2.0757e-01     0.1298      0.015    1466.87     52.663     3.7969  38.410410  0.000e+00
      0.181     5.4920    30.3526    23.9399 2.0757e-01     0.1285      0.015    1466.83     52.642     3.7962  38.410410  0.000e+00
      0.181     5.4867    30.3338    23.9257 2.1978e-01     0.1285      0.015    1466.78     52.629     3.7962  38.410411  0.000e+00
      0.181     5.5041    30.3038    23.9000 2.0757e-01     0.1285      0.015    1466.82     52.614     3.7944  38.410411  0.000e+00
      0.181     5.5636    30.2428    23.8452 2.0757e-01     0.1285      0.015    1466.98     52.597     3.7893  38.410412  0.000e+00
      0.158     5.5969    30.2343    23.8349 2.0757e-01     0.1298      0.015    1467.11     52.583     3.7855  38.410412  0.000e+00
      0.169     5.5863    30.2950    23.8840 2.0757e-01     0.1273      0.011    1467.14     52.565     3.7836  38.410413  0.000e+00
      0.181     5.5720    30.3527    23.9312 2.0757e-01     0.1285      0.015    1467.15     52.556     3.7828  38.410413  0.000e+00
      0.158     5.5506    30.3930    23.9654 2.0757e-01     0.1285      0.015    1467.12     52.548     3.7831  38.410414  0.000e+00
      0.158     5.5281    30.4007    23.9739 2.0757e-01     0.1285      0.015    1467.04     52.478     3.7800  38.410414  0.000e+00
      0.169     5.5185    30.3701    23.9509 2.0757e-01     0.1298      0.015    1466.96     52.472     3.7811  38.410415  0.000e+00
      0.156     5.5111    30.3244    23.9155 2.0757e-01     0.1285      0.011    1466.87     52.466     3.7825  38.410415  0.000e+00
      0.169     5.5014    30.2989    23.8965 2.0757e-01     0.1298      0.015    1466.80     52.462     3.7837  38.410416  0.000e+00
      0.158     5.4873    30.2910    23.8918 2.0757e-01     0.1285      0.011    1466.73     52.451     3.7844  38.410416  0.000e+00
      0.145     5.4860    30.2678    23.8736 2.0757e-01     0.1285      0.015    1466.70     52.448     3.7849  38.410417  0.000e+00
      0.168     5.5039    30.2365    23.8468 2.0757e-01     0.1285      0.015    1466.73     52.445     3.7839  38.410417  0.000e+00
      0.145     5.5289    30.2018    23.8167 2.0757e-01     0.1285      0.011    1466.79     52.443     3.7824  38.410418  0.000e+00
      0.158     5.5317    30.2038    23.8180 2.0757e-01     0.1298      0.015    1466.80     52.382     3.7777  38.410418  0.000e+00
      0.145     5.5355    30.2246    23.8340 2.0757e-01     0.1285      0.015    1466.84     52.377     3.7764  38.410419  0.000e+00
      0.143     5.5437    30.2515    23.8543 2.1978e-01     0.1285      0.018    1466.91     52.373     3.7747  38.410419  0.000e+00
      0.145     5.5501    30.2753    23.8724 2.0757e-01     0.1285      0.015    1466.97     52.317     3.7695  38.410420  0.000e+00
      0.145     5.5612    30.3045    23.8943 2.0757e-01     0.1285      0.015    1467.05     52.308     3.7672  38.410420  0.000e+00
      0.134     5.5699    30.3269    23.9110 2.0757e-01     0.1285      0.018    1467.11     52.302     3.7654  38.410421  0.000e+00
      0.143     5.5798    30.3486    23.9271 2.0757e-01     0.1273      0.011    1467.18     52.298     3.7637  38.410421  0.000e+00
      0.134     5.5924    30.3780    23.9489 2.0757e-01     0.1285      0.015    1467.27     52.288     3.7610  38.410421  0.000e+00
      0.134     5.6008    30.4044    23.9688 2.0757e-01     0.1285      0.015    1467.34     52.217     3.7545  38.410422  0.000e+00
      0.108     5.6066    30.4407    23.9969 1.9536e-01     0.1285      0.011    1467.41     52.202     3.7521  38.410422  0.000e+00
      0.158     5.6096    30.4750    24.0236 2.0757e-01     0.1285      0.015    1467.46     52.066     3.7411  38.410423  0.000e+00
      0.122     5.6116    30.5051    24.0472 2.0757e-01     0.1285      0.015    1467.51     52.102     3.7428  38.410423  0.000e+00
      0.134     5.6161    30.5438    24.0772 2.0757e-01     0.1285      0.015    1467.57     52.087     3.7404  38.410424  0.000e+00
      0.121     5.6191    30.5664    24.0947 2.0757e-01     0.1285      0.015    1467.62     52.074     3.7386  38.410424  0.000e+00
      0.134     5.6374    30.5821    24.1051 2.0757e-01     0.1298      0.015    1467.71     52.000     3.7313  38.410425  0.000e+00
      0.134     5.6646    30.5867    24.1057 2.1978e-01     0.1298      0.018    1467.83     51.983     3.7275  38.410425  0.000e+00
      0.122     5.6823    30.6265    24.1351 2.0757e-01     0.1298      0.011    1467.95     51.969     3.7240  38.410426  0.000e+00
      0.108     5.6934    30.6838    24.1791 2.0757e-01     0.1298      0.015    1468.06     51.958     3.7208  38.410426  0.000e+00
      0.134     5.7012    30.7282    24.2133 2.0757e-01     0.1285      0.015    1468.15     51.941     3.7178  38.410427  0.000e+00
      0.122     5.7122    30.7606    24.2377 2.0757e-01     0.1285      0.015    1468.24     51.865     3.7106  38.410427  0.000e+00
      0.122     5.7228    30.7582    24.2346 2.0757e-01     0.1298      0.015    1468.28     51.907     3.7128  38.410428  0.000e+00
      0.121     5.7373    30.7454    24.2228 2.0757e-01     0.1285      0.011    1468.32     51.898     3.7111  38.410428  0.000e+00
      0.134     5.7511    30.7471    24.2225 2.0757e-01     0.1285      0.015    1468.38     51.829     3.7049  38.410429  0.000e+00
      0.122     5.7609    30.7603    24.2318 2.0757e-01     0.1285      0.015    1468.43     51.879     3.7073  38.410429  0.000e+00
      0.134     5.7529    30.8028    24.2664 2.0757e-01     0.1298      0.015    1468.46     51.878     3.7069  38.410430  0.000e+00
      0.121     5.7399    30.8230    24.2838 2.0757e-01     0.1298      0.015    1468.43     51.880     3.7077  38.410430  0.000e+00
      0.134     5.7243    30.8301    24.2912 2.0757e-01     0.1285      0.011    1468.37     51.884     3.7092  38.410431  0.000e+00
      0.122     5.7134    30.8192    24.2838 2.0757e-01     0.1285      0.018    1468.32     51.828     3.7064  38.410431  0.000e+00
      0.134     5.7050    30.7971    24.2673 2.0757e-01     0.1285      0.015    1468.25     51.829     3.7077  38.410432  0.000e+00
      0.143     5.6990    30.7837    24.2574 2.0757e-01     0.1285      0.015    1468.21     51.762     3.7038  38.410432  0.000e+00
      0.134     5.6925    30.7892    24.2625 2.0757e-01     0.1298      0.015    1468.19     51.752     3.7035  38.410433  0.000e+00
      0.134     5.6831    30.8064    24.2771 2.0757e-01     0.1285      0.015    1468.18     51.744     3.7034  38.410433  0.000e+00
      0.134     5.6718    30.8130    24.2836 2.0757e-01     0.1298      0.018    1468.14     51.677     3.6994  38.410434  0.000e+00
      0.143     5.6705    30.7990    24.2727 2.0757e-01     0.1285      0.015    1468.12     51.667     3.6992  38.410434  0.000e+00
      0.134     5.6676    30.7820    24.2596 2.0757e-01     0.1285      0.015    1468.08     51.598     3.6949  38.410435  0.000e+00
      0.145     5.6595    30.7724    24.2529 2.0757e-01     0.1285      0.015    1468.04     51.586     3.6950  38.410435  0.000e+00
      0.145     5.6623    30.7512    24.2359 2.0757e-01     0.1285      0.015    1468.02     51.515     3.6902  38.410435  0.000e+00
      0.143     5.6797    30.7290    24.2164 2.0757e-01     0.1298      0.018    1468.07     51.501     3.6882  38.410436  0.000e+00
      0.145     5.7066    30.7221    24.2079 2.0757e-01     0.1285      0.015    1468.17     51.491     3.6852  38.410436  0.000e+00
      0.145     5.7099    30.7603    24.2377 2.0757e-01     0.1285      0.018    1468.23     51.423     3.6791  38.410437  0.000e+00
      0.145     5.7107    30.8016    24.2702 2.1978e-01     0.1285      0.015    1468.28     51.351     3.6729  38.410437  0.000e+00
      0.156     5.7104    30.8430    24.3029 2.3199e-01     0.1285      0.015    1468.33     51.329     3.6704  38.410438  0.000e+00
      0.145     5.7182    30.8499    24.3075 2.3199e-01     0.1285      0.018    1468.37     51.249     3.6638  38.410438  0.000e+00
      0.145     5.7373    30.8363    24.2945 2.1978e-01     0.1285      0.011    1468.43     51.227     3.6609  38.410439  0.000e+00
      0.169     5.7546    30.8282    24.2862 2.1978e-01     0.1298      0.015    1468.49     51.147     3.6539  38.410439  0.000e+00
      0.143     5.7617    30.8317    24.2881 2.1978e-01     0.1285      0.015    1468.53     51.126     3.6517  38.410440  0.000e+00
      0.158     5.7506    30.8548    24.3077 2.0757e-01     0.1285      0.015    1468.51     51.112     3.6511  38.410440  0.000e+00
      0.158     5.7384    30.8640    24.3163 2.0757e-01     0.1298      0.018    1468.47     51.039     3.6467  38.410441  0.000e+00
      0.158     5.7239    30.8695    24.3224 2.0757e-01     0.1273      0.015    1468.42     50.964     3.6425  38.410441  0.000e+00
      0.168     5.7176    30.8601    24.3156 2.0757e-01     0.1285      0.015    1468.39     50.877     3.6370  38.410442  0.000e+00
      0.169     5.7061    30.8558    24.3136 2.0757e-01     0.1285      0.015    1468.33     50.850     3.6362  38.410442  0.000e+00
      0.158     5.6980    30.8572    24.3156 2.0757e-01     0.1285      0.015    1468.30     50.828     3.6353  38.410443  0.000e+00
      0.181     5.6924    30.8567    24.3159 2.0757e-01     0.1285      0.015    1468.28     50.741     3.6296  38.410443  0.000e+00
      0.168     5.6885    30.8511    24.3118 2.0757e-01     0.1285      0.011    1468.26     50.713     3.6281  38.410444  0.000e+00
      0.169     5.6958    30.8260    24.2912 2.0757e-01     0.1298      0.018    1468.25     50.628     3.6219  38.410444  0.000e+00
      0.169     5.7001    30.7983    24.2688 2.0757e-01     0.1298      0.015    1468.24     50.603     3.6205  38.410445  0.000e+00
      0.181     5.6958    30.7800    24.2548 2.0757e-01     0.1285      0.015    1468.20     50.522     3.6155  38.410445  0.000e+00
      0.181     5.6885    30.7739    24.2508 2.0757e-01     0.1285      0.015    1468.16     50.431     3.6097  38.410446  0.000e+00
      0.193     5.6835    30.7737    24.2513 2.0757e-01     0.1285      0.015    1468.14     50.399     3.6079  38.410446  0.000e+00
      0.181     5.6840    30.7763    24.2532 2.0757e-01     0.1298      0.018    1468.14     50.295     3.6003  38.410447  0.000e+00
      0.181     5.6847    30.7876    24.2621 2.0757e-01     0.1285      0.011    1468.16     50.197     3.5929  38.410447  0.000e+00
      0.192     5.6924    30.7987    24.2700 2.0757e-01     0.1285      0.015    1468.21     50.159     3.5893  38.410448  0.000e+00
      0.193     5.7158    30.7901    24.2606 2.0757e-01     0.1285      0.015    1468.29     50.065     3.5808  38.410448  0.000e+00
      0.193     5.7356    30.7816    24.2516 2.0757e-01     0.1285      0.015    1468.36     50.023     3.5763  38.410448  0.000e+00
      0.193     5.7191    30.7949    24.2639 2.0757e-01     0.1285      0.015    1468.31     49.926     3.5705  38.410449  0.000e+00
      0.203     5.6991    30.7968    24.2677 2.0757e-01     0.1285      0.015    1468.23     49.829     3.5652  38.410449  0.000e+00
      0.193     5.7007    30.7674    24.2443 2.0757e-01     0.1298      0.015    1468.20     49.791     3.5631  38.410450  0.000e+00
      0.193     5.7005    30.7468    24.2281 2.0757e-01     0.1298      0.015    1468.17     49.699     3.5570  38.410450  0.000e+00
      0.193     5.6968    30.7435    24.2259 2.0757e-01     0.1285      0.015    1468.15     49.598     3.5501  38.410451  0.000e+00
      0.203     5.6978    30.7453    24.2272 2.0757e-01     0.1285      0.018    1468.16     49.566     3.5477  38.410451  0.000e+00
      0.193     5.6978    30.7513    24.2319 2.0757e-01     0.1285      0.015    1468.17     49.480     3.5414  38.410452  0.000e+00
      0.193     5.6980    30.7541    24.2341 2.0757e-01     0.1298      0.015    1468.17     49.386     3.5346  38.410452  0.000e+00
      0.205     5.7005    30.7537    24.2335 2.0757e-01     0.1285      0.015    1468.18     49.362     3.5327  38.410453  0.000e+00
      0.203     5.7061    30.7515    24.2311 2.0757e-01     0.1285      0.015    1468.20     49.222     3.5222  38.410453  0.000e+00
      0.205     5.7077    30.7539    24.2329 2.1978e-01     0.1285      0.015    1468.21     49.137     3.5160  38.410454  0.000e+00
      0.205     5.7077    30.7601    24.2378 2.0757e-01     0.1285      0.015    1468.22     49.116     3.5143  38.410454  0.000e+00
      0.205     5.7082    30.7639    24.2407 2.0757e-01     0.1285      0.015    1468.23     49.034     3.5083  38.410455  0.000e+00
      0.192     5.7098    30.7682    24.2439 2.0757e-01     0.1285      0.015    1468.24     49.015     3.5067  38.410455  0.000e+00
      0.218     5.7104    30.7710    24.2461 1.9536e-01     0.1298      0.015    1468.24     48.873     3.4964  38.410456  0.000e+00
      0.193     5.7112    30.7719    24.2467 2.0757e-01     0.1285      0.015    1468.25     48.848     3.4946  38.410456  0.000e+00
      0.205     5.7113    30.7735    24.2480 1.9536e-01     0.1285      0.015    1468.25     48.834     3.4935  38.410457  0.000e+00
      0.203     5.7118    30.7699    24.2451 2.0757e-01     0.1298      0.018    1468.25     48.696     3.4837  38.410457  0.000e+00
      0.205     5.7132    30.7654    24.2413 2.0757e-01     0.1285      0.015    1468.25     48.677     3.4823  38.410458  0.000e+00
      0.205     5.7128    30.7661    24.2420 1.9536e-01     0.1285      0.018    1468.25     48.597     3.4766  38.410458  0.000e+00
      0.205     5.7120    30.7710    24.2459 1.9536e-01     0.1285      0.015    1468.25     48.519     3.4710  38.410459  0.000e+00
      0.192     5.7109    30.7763    24.2502 1.9536e-01     0.1285      0.015    1468.25     48.498     3.4694  38.410459  0.000e+00
      0.218     5.7041    30.7746    24.2496 1.9536e-01     0.1285      0.015    1468.22     48.424     3.4648  38.410460  0.000e+00
      0.193     5.6974    30.7493    24.2304 2.0757e-01     0.1285      0.015    1468.16     48.352     3.4608  38.410460  0.000e+00
      0.205     5.6898    30.7225    24.2101 1.9536e-01     0.1285      0.015    1468.10     48.275     3.4565  38.410461  0.000e+00
      0.192     5.6982    30.6939    24.1865 2.0757e-01     0.1285      0.015    1468.10     48.192     3.4505  38.410461  0.000e+00
      0.218     5.7020    30.6923    24.1849 1.9536e-01     0.1298      0.018    1468.11     48.113     3.4445  38.410462  0.000e+00
      0.205     5.6817    30.7188    24.2081 2.0757e-01     0.1298      0.015    1468.06     48.089     3.4439  38.410462  0.000e+00
      0.193     5.6752    30.7291    24.2170 2.0757e-01     0.1298      0.015    1468.05     48.014     3.4388  38.410462  0.000e+00
      0.205     5.6846    30.7270    24.2143 2.0757e-01     0.1285      0.018    1468.08     47.996     3.4368  38.410463  0.000e+00
      0.203     5.6917    30.7409    24.2244 2.0757e-01     0.1285      0.015    1468.13     47.865     3.4265  38.410463  0.000e+00
