RAWDATA/IO2019/20190207/Aq2_20190207_down_bin.cnv
* Sea-Bird SBE 9 Data File:
* FileName = C:\CTD Brukere\NIVA\IO2019\20190207\Aq2_20190207.hex
* Software Version Seasave V 7.23.2
* Temperature SN = 5352
* Conductivity SN = 3840
* Number of Bytes Per Scan = 28
* Number of Voltage Words = 4
* Number of Scans Averaged by the Deck Unit = 1
* NMEA baud rate = 4800
** Ship: R/V Trygve Braarud
** Cruise:
** Station:
** Operator:
# nquan = 12
# nvalues = 20                          
# units = specified
# name 0 = depSM: Depth [salt water, m], lat = 59.60
# name 1 = t090C: Temperature [ITS-90, deg C]
# name 2 = sal00: Salinity, Practical [PSU]
# name 3 = sigma-t00: Density [sigma-t, kg/m^3 ]
# name 4 = flSP: Fluorescence, Seapoint
# name 5 = wetStar: Fluorescence, WET Labs WETstar [mg/m^3]
# name 6 = seaTurbMtr: Turbidity, Seapoint [FTU]
# name 7 = svCM: Sound Velocity [Chen-Millero, m/s]
# name 8 = sbeox0PS: Oxygen, SBE 43 [% saturation]
# name 9 = sbeox0ML/L: Oxygen, SBE 43 [ml/l]
# name 10 = timeJ: Julian Days
# name 11 = flag: flag
# span 0 =      0.000,     19.000       
# span 1 =     5.0490,     7.6010       
# span 2 =    28.4273,    32.9910       
# span 3 =    22.4651,    25.7536       
# span 4 = 1.8316e-01, 2.2781e-01       
# span 5 =     0.1281,     0.1298       
# span 6 =      0.013,      0.016       
# span 7 =    1462.58,    1478.76       
# span 8 =     34.348,     50.872       
# span 9 =     2.3213,     3.7528       
# span 10 =  38.410251,  38.411043      
# span 11 = 0.0000e+00, 0.0000e+00      
# interval = meters: 1                  
# start_time = Feb 07 2019 09:50:29 [System UpLoad Time]
# bad_flag = -9.990e-29
*END*
      0.000     5.0490    28.4273    22.4651 2.2781e-01     0.1281      0.013    1462.58     50.872     3.7528  38.410251 0.0000e+00
      1.000     6.4311    32.0509    25.1696 1.9385e-01     0.1292      0.015    1472.75     46.071     3.2129  38.410599 0.0000e+00
      2.000     7.1282    32.6316    25.5361 1.8539e-01     0.1292      0.015    1476.23     46.192     3.1581  38.410614 0.0000e+00
      3.000     7.3001    32.7495    25.6055 1.8316e-01     0.1290      0.015    1477.06     46.855     3.1884  38.410637 0.0000e+00
      4.000     7.3885    32.8029    25.6354 1.8513e-01     0.1291      0.015    1477.48     45.168     3.0663  38.410659 0.0000e+00
      5.000     7.4071    32.8546    25.6734 1.8834e-01     0.1290      0.015    1477.63     42.596     2.8895  38.410680 0.0000e+00
      6.000     7.3912    32.8708    25.6884 1.8814e-01     0.1293      0.015    1477.61     41.220     2.7969  38.410702 0.0000e+00
      7.000     7.3696    32.8761    25.6956 1.9338e-01     0.1292      0.015    1477.55     40.216     2.7300  38.410723 0.0000e+00
      8.000     7.3351    32.8785    25.7022 1.9540e-01     0.1292      0.015    1477.43     39.573     2.6884  38.410744 0.0000e+00
      9.000     7.2741    32.8747    25.7076 1.9678e-01     0.1294      0.015    1477.21     39.416     2.6815  38.410765 0.0000e+00
     10.000     7.1964    32.8644    25.7102 1.9821e-01     0.1294      0.015    1476.91     39.483     2.6911  38.410786 0.0000e+00
     11.000     7.2030    32.8705    25.7141 1.9675e-01     0.1294      0.015    1476.96     39.607     2.6990  38.410808 0.0000e+00
     12.000     7.1843    32.8722    25.7180 2.0691e-01     0.1294      0.015    1476.91     39.871     2.7181  38.410830 0.0000e+00
     13.000     7.1666    32.8714    25.7197 2.0372e-01     0.1291      0.015    1476.86     40.322     2.7500  38.410851 0.0000e+00
     14.000     7.2345    32.8898    25.7250 1.9950e-01     0.1291      0.015    1477.16     40.412     2.7515  38.410873 0.0000e+00
     15.000     7.2397    32.8949    25.7282 2.0120e-01     0.1291      0.014    1477.20     40.465     2.7547  38.410894 0.0000e+00
     16.000     7.3273    32.9187    25.7349 1.9533e-01     0.1293      0.015    1477.59     40.783     2.7704  38.410916 0.0000e+00
     17.000     7.5642    32.9797    25.7499 1.8817e-01     0.1296      0.015    1478.59     40.434     2.7308  38.410938 0.0000e+00
     18.000     7.6010    32.9910    25.7536 1.8698e-01     0.1295      0.015    1478.76     40.270     2.7172  38.410960 0.0000e+00
     19.000     7.5420    32.9748    25.7491 2.0793e-01     0.1298      0.016    1478.53     34.348     2.3213  38.411043 0.0000e+00
