RAWDATA/IO2019/20190207/Aq2_20190207_down.cnv
* Sea-Bird SBE 9 Data File:
* FileName = C:\CTD Brukere\NIVA\IO2019\20190207\Aq2_20190207.hex
* Software Version Seasave V 7.23.2
* Temperature SN = 5352
* Conductivity SN = 3840
* Number of Bytes Per Scan = 28
* Number of Voltage Words = 4
* Number of Scans Averaged by the Deck Unit = 1
* NMEA baud rate = 4800
** Ship: R/V Trygve Braarud
** Cruise:
** Station:
** Operator:
# nquan = 12
# nvalues = 1972                                  
# units = specified
# name 0 = depSM: Depth [salt water, m], lat = 59.60
# name 1 = t090C: Temperature [ITS-90, deg C]
# name 2 = sal00: Salinity, Practical [PSU]
# name 3 = sigma-t00: Density [sigma-t, kg/m^3 ]
# name 4 = flSP: Fluorescence, Seapoint
# name 5 = wetStar: Fluorescence, WET Labs WETstar [mg/m^3]
# name 6 = seaTurbMtr: Turbidity, Seapoint [FTU]
# name 7 = svCM: Sound Velocity [Chen-Millero, m/s]
# name 8 = sbeox0PS: Oxygen, SBE 43 [% saturation]
# name 9 = sbeox0ML/L: Oxygen, SBE 43 [ml/l]
# name 10 = timeJ: Julian Days
# name 11 = flag:  0.000e+00
# span 0 =      0.096,     18.583                 
# span 1 =     4.5814,     7.6243                 
# span 2 =    26.4030,    33.0027                 
# span 3 =    20.8688,    25.7712                 
# span 4 = 1.7094e-01, 3.0525e-01                 
# span 5 =     0.1261,     0.1298                 
# span 6 =      0.007,      0.018                 
# span 7 =    1458.42,    1478.86                 
# span 8 =     36.917,     55.508                 
# span 9 =     2.4909,     4.1926                 
# span 10 =  38.410058,  38.411008                
# span 11 = 0.0000e+00, 0.0000e+00                
# interval = seconds: 0.0416667
# start_time = Feb 07 2019 09:50:29 [System UpLoad Time]
# bad_flag = -9.990e-29
*END*
[from data line 1685]
     13.868     7.2403    32.8911    25.7252 2.0757e-01     0.1285      0.015    1477.18     40.468     2.7550  38.410870  0.000e+00
     13.895     7.2401    32.8919    25.7258 2.0757e-01     0.1285      0.015    1477.18     40.463     2.7546  38.410871  0.000e+00
     13.916     7.2395    32.8926    25.7265 2.0757e-01     0.1285      0.015    1477.18     40.396     2.7500  38.410871  0.000e+00
     13.952     7.2390    32.8926    25.7265 1.9536e-01     0.1285      0.015    1477.18     40.443     2.7533  38.410872  0.000e+00
     13.965     7.2388    32.8926    25.7265 1.9536e-01     0.1298      0.015    1477.18     40.373     2.7486  38.410872  0.000e+00
     14.012     7.2388    32.8930    25.7269 1.9536e-01     0.1298      0.015    1477.18     40.418     2.7516  38.410873  0.000e+00
     14.000     7.2390    32.8933    25.7270 1.9536e-01     0.1298      0.015    1477.18     40.408     2.7509  38.410873  0.000e+00
     14.047     7.2395    32.8929    25.7267 1.9536e-01     0.1298      0.015    1477.18     40.404     2.7506  38.410874  0.000e+00
     14.051     7.2390    32.8936    25.7273 1.9536e-01     0.1285      0.015    1477.18     40.399     2.7503  38.410874  0.000e+00
     14.096     7.2390    32.8932    25.7270 1.9536e-01     0.1285      0.015    1477.18     40.393     2.7499  38.410875  0.000e+00
     14.120     7.2390    32.8935    25.7272 2.0757e-01     0.1298      0.015    1477.18     40.387     2.7495  38.410875  0.000e+00
     14.132     7.2394    32.8938    25.7274 2.0757e-01     0.1285      0.015    1477.18     40.379     2.7489  38.410876  0.000e+00
     14.167     7.2394    32.8935    25.7272 2.0757e-01     0.1285      0.015    1477.18     40.371     2.7483  38.410876  0.000e+00
     14.179     7.2392    32.8935    25.7272 1.9536e-01     0.1298      0.015    1477.18     40.361     2.7477  38.410877  0.000e+00
     14.203     7.2394    32.8933    25.7270 2.0757e-01     0.1285      0.015    1477.19     40.358     2.7475  38.410877  0.000e+00
     14.242     7.2394    32.8935    25.7272 1.9536e-01     0.1285      0.015    1477.19     40.355     2.7473  38.410878  0.000e+00
     14.252     7.2392    32.8935    25.7272 2.0757e-01     0.1298      0.015    1477.19     40.290     2.7428  38.410878  0.000e+00
     14.276     7.2392    32.8937    25.7274 2.0757e-01     0.1298      0.015    1477.19     40.340     2.7462  38.410879  0.000e+00
     14.299     7.2394    32.8936    25.7272 2.0757e-01     0.1298      0.015    1477.19     40.335     2.7459  38.410879  0.000e+00
     14.334     7.2392    32.8938    25.7274 2.0757e-01     0.1285      0.015    1477.19     40.330     2.7455  38.410880  0.000e+00
     14.350     7.2390    32.8936    25.7273 2.0757e-01     0.1298      0.015    1477.19     40.323     2.7451  38.410880  0.000e+00
     14.383     7.2387    32.8940    25.7277 1.9536e-01     0.1285      0.011    1477.19     40.317     2.7447  38.410881  0.000e+00
     14.407     7.2392    32.8935    25.7272 2.0757e-01     0.1298      0.015    1477.19     40.310     2.7442  38.410881  0.000e+00
     14.418     7.2392    32.8936    25.7273 1.9536e-01     0.1285      0.011    1477.19     40.302     2.7436  38.410882  0.000e+00
     14.443     7.2394    32.8933    25.7270 1.9536e-01     0.1285      0.011    1477.19     40.301     2.7436  38.410882  0.000e+00
     14.467     7.2397    32.8933    25.7270 2.0757e-01     0.1285      0.015    1477.19     40.292     2.7430  38.410883  0.000e+00
     14.506     7.2397    32.8935    25.7272 2.0757e-01     0.1298      0.015    1477.19     40.283     2.7423  38.410883  0.000e+00
     14.527     7.2395    32.8939    25.7275 1.9536e-01     0.1298      0.011    1477.19     40.280     2.7422  38.410883  0.000e+00
     14.538     7.2395    32.8940    25.7275 1.9536e-01     0.1285      0.015    1477.19     40.277     2.7420  38.410884  0.000e+00
     14.563     7.2397    32.8936    25.7272 1.9536e-01     0.1285      0.015    1477.19     40.274     2.7418  38.410884  0.000e+00
     14.585     7.2401    32.8935    25.7271 1.9536e-01     0.1298      0.015    1477.19     40.333     2.7457  38.410885  0.000e+00
     14.613     7.2400    32.8938    25.7274 2.0757e-01     0.1285      0.015    1477.20     40.275     2.7418  38.410885  0.000e+00
     14.623     7.2400    32.8941    25.7276 1.9536e-01     0.1285      0.011    1477.20     40.270     2.7415  38.410886  0.000e+00
     14.658     7.2398    32.8943    25.7277 1.9536e-01     0.1285      0.011    1477.20     40.328     2.7454  38.410886  0.000e+00
     14.694     7.2394    32.8942    25.7278 1.9536e-01     0.1285      0.015    1477.19     40.330     2.7456  38.410887  0.000e+00
     14.694     7.2395    32.8939    25.7275 1.9536e-01     0.1298      0.015    1477.19     40.332     2.7457  38.410887  0.000e+00
     14.733     7.2394    32.8940    25.7276 2.0757e-01     0.1285      0.011    1477.19     40.340     2.7463  38.410888  0.000e+00
     14.741     7.2390    32.8941    25.7277 2.0757e-01     0.1298      0.011    1477.19     40.349     2.7469  38.410888  0.000e+00
     14.778     7.2390    32.8940    25.7276 1.9536e-01     0.1285      0.015    1477.19     40.349     2.7469  38.410889  0.000e+00
     14.778     7.2390    32.8938    25.7275 2.0757e-01     0.1285      0.015    1477.19     40.357     2.7474  38.410889  0.000e+00
     14.804     7.2390    32.8937    25.7274 2.0757e-01     0.1285      0.015    1477.19     40.364     2.7479  38.410890  0.000e+00
     14.849     7.2394    32.8943    25.7278 2.0757e-01     0.1285      0.015    1477.20     40.363     2.7478  38.410890  0.000e+00
     14.861     7.2397    32.8938    25.7274 2.0757e-01     0.1298      0.011    1477.20     40.370     2.7482  38.410891  0.000e+00
     14.885     7.2397    32.8939    25.7274 1.9536e-01     0.1285      0.015    1477.20     40.376     2.7486  38.410891  0.000e+00
     14.909     7.2397    32.8943    25.7277 2.0757e-01     0.1285      0.011    1477.20     40.374     2.7485  38.410892  0.000e+00
     14.935     7.2398    32.8936    25.7272 1.9536e-01     0.1298      0.015    1477.20     40.379     2.7488  38.410892  0.000e+00
     14.934     7.2401    32.8937    25.7273 1.9536e-01     0.1285      0.011    1477.20     40.437     2.7528  38.410893  0.000e+00
     14.969     7.2406    32.8934    25.7269 1.9536e-01     0.1285      0.015    1477.20     40.448     2.7536  38.410893  0.000e+00
     14.994     7.2408    32.8942    25.7275 1.9536e-01     0.1298      0.015    1477.20     40.451     2.7537  38.410894  0.000e+00
     15.020     7.2406    32.8945    25.7278 2.0757e-01     0.1285      0.015    1477.21     40.461     2.7544  38.410894  0.000e+00
     15.041     7.2408    32.8942    25.7275 1.9536e-01     0.1298      0.011    1477.21     40.470     2.7550  38.410895  0.000e+00
     15.065     7.2405    32.8950    25.7282 2.0757e-01     0.1285      0.015    1477.21     40.471     2.7551  38.410895  0.000e+00
     15.089     7.2403    32.8947    25.7280 2.0757e-01     0.1285      0.015    1477.21     40.478     2.7556  38.410896  0.000e+00
     15.091     7.2401    32.8948    25.7281 1.9536e-01     0.1298      0.015    1477.20     40.478     2.7555  38.410896  0.000e+00
     15.125     7.2397    32.8952    25.7285 1.9536e-01     0.1285      0.015    1477.20     40.484     2.7560  38.410897  0.000e+00
     15.149     7.2392    32.8951    25.7285 2.0757e-01     0.1298      0.015    1477.20     40.489     2.7564  38.410897  0.000e+00
     15.160     7.2388    32.8946    25.7281 2.0757e-01     0.1298      0.015    1477.20     40.555     2.7609  38.410897  0.000e+00
     15.199     7.2388    32.8946    25.7281 2.0757e-01     0.1285      0.015    1477.20     40.567     2.7617  38.410898  0.000e+00
     15.207     7.2387    32.8952    25.7286 2.0757e-01     0.1298      0.015    1477.20     40.577     2.7624  38.410898  0.000e+00
     15.232     7.2394    32.8948    25.7282 2.0757e-01     0.1298      0.015    1477.20     40.586     2.7630  38.410899  0.000e+00
     15.245     7.2395    32.8956    25.7288 2.0757e-01     0.1285      0.015    1477.21     40.595     2.7635  38.410899  0.000e+00
     15.271     7.2398    32.8959    25.7290 1.9536e-01     0.1298      0.015    1477.21     40.602     2.7640  38.410900  0.000e+00
     15.292     7.2401    32.8959    25.7290 2.0757e-01     0.1298      0.015    1477.21     40.609     2.7645  38.410900  0.000e+00
     15.316     7.2401    32.8965    25.7294 1.9536e-01     0.1298      0.015    1477.21     40.615     2.7648  38.410901  0.000e+00
     15.331     7.2403    32.8965    25.7294 2.0757e-01     0.1298      0.015    1477.21     40.619     2.7652  38.410901  0.000e+00
     15.352     7.2406    32.8964    25.7293 1.9536e-01     0.1298      0.015    1477.21     40.677     2.7691  38.410902  0.000e+00
     15.376     7.2401    32.8968    25.7296 1.9536e-01     0.1298      0.015    1477.21     40.625     2.7656  38.410902  0.000e+00
     15.400     7.2401    32.8966    25.7295 1.9536e-01     0.1285      0.015    1477.21     40.688     2.7699  38.410903  0.000e+00
     15.413     7.2397    32.8973    25.7301 1.9536e-01     0.1285      0.015    1477.21     40.696     2.7704  38.410903  0.000e+00
     15.447     7.2400    32.8973    25.7301 2.0757e-01     0.1298      0.015    1477.21     40.702     2.7708  38.410904  0.000e+00
     15.472     7.2390    32.8980    25.7308 2.0757e-01     0.1285      0.015    1477.21     40.707     2.7712  38.410904  0.000e+00
     15.447     7.2373    32.8992    25.7319 1.9536e-01     0.1298      0.015    1477.21     40.711     2.7715  38.410905  0.000e+00
     15.533     7.2368    32.8987    25.7316 1.9536e-01     0.1298      0.015    1477.20     40.714     2.7718  38.410905  0.000e+00
     15.532     7.2358    32.8991    25.7321 1.9536e-01     0.1298      0.015    1477.20     40.715     2.7719  38.410906  0.000e+00
     15.543     7.2355    32.8993    25.7323 1.9536e-01     0.1285      0.015    1477.20     40.715     2.7719  38.410906  0.000e+00
     15.569     7.2357    32.8996    25.7325 1.9536e-01     0.1298      0.015    1477.20     40.714     2.7718  38.410907  0.000e+00
     15.592     7.2360    32.9000    25.7328 1.9536e-01     0.1298      0.015    1477.20     40.712     2.7717  38.410907  0.000e+00
     15.616     7.2368    32.8998    25.7325 1.9536e-01     0.1285      0.015    1477.21     40.770     2.7756  38.410908  0.000e+00
     15.629     7.2390    32.8999    25.7323 1.9536e-01     0.1285      0.015    1477.22     40.772     2.7756  38.410908  0.000e+00
     15.651     7.2433    32.8997    25.7315 1.9536e-01     0.1298      0.015    1477.23     40.780     2.7758  38.410909  0.000e+00
     15.674     7.2488    32.9008    25.7316 1.9536e-01     0.1285      0.015    1477.26     40.779     2.7754  38.410909  0.000e+00
     15.702     7.2551    32.9010    25.7309 1.9536e-01     0.1298      0.015    1477.28     40.777     2.7748  38.410910  0.000e+00
     15.723     7.2612    32.9019    25.7308 1.9536e-01     0.1298      0.015    1477.31     40.781     2.7747  38.410910  0.000e+00
     15.734     7.2668    32.9025    25.7305 1.9536e-01     0.1285      0.015    1477.33     40.783     2.7745  38.410910  0.000e+00
     15.771     7.2716    32.9049    25.7317 1.9536e-01     0.1298      0.015    1477.35     40.784     2.7743  38.410911  0.000e+00
     15.773     7.2770    32.9052    25.7312 2.0757e-01     0.1298      0.015    1477.37     40.784     2.7739  38.410911  0.000e+00
     15.794     7.2834    32.9063    25.7312 1.9536e-01     0.1298      0.015    1477.40     40.783     2.7734  38.410912  0.000e+00
     15.830     7.2910    32.9072    25.7309 2.0757e-01     0.1298      0.015    1477.43     40.842     2.7769  38.410912  0.000e+00
     15.844     7.2962    32.9091    25.7316 1.9536e-01     0.1285      0.015    1477.45     40.846     2.7768  38.410913  0.000e+00
     15.867     7.3001    32.9099    25.7317 1.9536e-01     0.1298      0.015    1477.47     40.848     2.7767  38.410913  0.000e+00
     15.878     7.3028    32.9110    25.7322 1.9536e-01     0.1298      0.015    1477.48     40.848     2.7765  38.410914  0.000e+00
     15.916     7.3048    32.9123    25.7330 1.9536e-01     0.1298      0.015    1477.49     40.848     2.7763  38.410914  0.000e+00
     15.927     7.3068    32.9129    25.7332 1.9536e-01     0.1298      0.018    1477.50     40.845     2.7760  38.410915  0.000e+00
     15.950     7.3095    32.9131    25.7329 1.9536e-01     0.1285      0.015    1477.51     40.841     2.7755  38.410915  0.000e+00
     15.976     7.3130    32.9140    25.7331 1.9536e-01     0.1298      0.015    1477.52     40.835     2.7749  38.410916  0.000e+00
     15.985     7.3174    32.9148    25.7332 1.9536e-01     0.1285      0.015    1477.54     40.836     2.7747  38.410916  0.000e+00
     16.023     7.3211    32.9171    25.7345 1.9536e-01     0.1298      0.015    1477.56     40.835     2.7743  38.410917  0.000e+00
     16.035     7.3255    32.9180    25.7346 1.9536e-01     0.1298      0.015    1477.58     40.833     2.7739  38.410917  0.000e+00
     16.058     7.3292    32.9187    25.7346 1.9536e-01     0.1285      0.015    1477.59     40.830     2.7734  38.410918  0.000e+00
     16.070     7.3334    32.9194    25.7346 1.9536e-01     0.1298      0.015    1477.61     40.825     2.7728  38.410918  0.000e+00
     16.107     7.3374    32.9204    25.7349 1.9536e-01     0.1298      0.015    1477.63     40.820     2.7722  38.410919  0.000e+00
     16.105     7.3423    32.9218    25.7353 1.9536e-01     0.1285      0.015    1477.65     40.874     2.7756  38.410919  0.000e+00
     16.144     7.3475    32.9232    25.7356 1.9536e-01     0.1285      0.015    1477.67     40.812     2.7710  38.410920  0.000e+00
     16.165     7.3514    32.9242    25.7359 1.9536e-01     0.1285      0.015    1477.69     40.802     2.7700  38.410920  0.000e+00
     16.178     7.3548    32.9260    25.7368 1.9536e-01     0.1285      0.015    1477.70     40.791     2.7690  38.410921  0.000e+00
     16.202     7.3585    32.9275    25.7375 1.9536e-01     0.1298      0.015    1477.72     40.787     2.7685  38.410921  0.000e+00
     16.225     7.3655    32.9284    25.7372 1.9536e-01     0.1285      0.015    1477.75     40.781     2.7676  38.410922  0.000e+00
     16.261     7.3747    32.9292    25.7366 1.9536e-01     0.1298      0.015    1477.79     40.775     2.7666  38.410922  0.000e+00
     16.262     7.3840    32.9311    25.7368 1.9536e-01     0.1298      0.015    1477.82     40.767     2.7655  38.410923  0.000e+00
     16.296     7.3926    32.9343    25.7382 1.9536e-01     0.1298      0.015    1477.86     40.759     2.7643  38.410923  0.000e+00
     16.309     7.4021    32.9366    25.7386 1.9536e-01     0.1298      0.015    1477.90     40.811     2.7672  38.410924  0.000e+00
     16.335     7.4110    32.9388    25.7391 1.9536e-01     0.1298      0.015    1477.94     40.746     2.7622  38.410924  0.000e+00
     16.369     7.4197    32.9395    25.7384 1.9536e-01     0.1285      0.018    1477.97     40.735     2.7609  38.410924  0.000e+00
     16.371     7.4273    32.9405    25.7382 1.9536e-01     0.1298      0.015    1478.01     40.722     2.7595  38.410925  0.000e+00
     16.405     7.4337    32.9423    25.7387 1.8315e-01     0.1285      0.015    1478.03     40.717     2.7587  38.410925  0.000e+00
     16.429     7.4426    32.9460    25.7403 1.9536e-01     0.1298      0.015    1478.07     40.703     2.7572  38.410926  0.000e+00
     16.442     7.4536    32.9507    25.7425 1.8315e-01     0.1285      0.015    1478.12     40.696     2.7559  38.410926  0.000e+00
     16.476     7.4652    32.9570    25.7459 1.9536e-01     0.1298      0.015    1478.17     40.688     2.7545  38.410927  0.000e+00
     16.478     7.4837    32.9595    25.7452 1.9536e-01     0.1298      0.015    1478.25     40.679     2.7527  38.410927  0.000e+00
