RAWDATA/IO2019/20190207/Aq2_20190207_down.cnv
* Sea-Bird SBE 9 Data File:
* FileName = C:\CTD Brukere\NIVA\IO2019\20190207\Aq2_20190207.hex
* Software Version Seasave V 7.23.2
* Temperature SN = 5352
* Conductivity SN = 3840
* Number of Bytes Per Scan = 28
* Number of Voltage Words = 4
* Number of Scans Averaged by the Deck Unit = 1
* NMEA baud rate = 4800
** Ship: R/V Trygve Braarud
** Cruise:
** Station:
** Operator:
# nquan = 12
# nvalues = 1972                                  
# units = specified
# name 0 = depSM: Depth [salt water, m], lat = 59.60
# name 1 = t090C: Temperature [ITS-90, deg C]
# name 2 = sal00: Salinity, Practical [PSU]
# name 3 = sigma-t00: Density [sigma-t, kg/m^3 ]
# name 4 = flSP: Fluorescence, Seapoint
# name 5 = wetStar: Fluorescence, WET Labs WETstar [mg/m^3]
# name 6 = seaTurbMtr: Turbidity, Seapoint [FTU]
# name 7 = svCM: Sound Velocity [Chen-Millero, m/s]
# name 8 = sbeox0PS: Oxygen, SBE 43 [% saturation]
# name 9 = sbeox0ML/L: Oxygen, SBE 43 [ml/l]
# name 10 = timeJ: Julian Days
# name 11 = flag:  0.000e+00
# span 0 =      0.096,     18.583                 
# span 1 =     4.5814,     7.6243                 
# span 2 =    26.4030,    33.0027                 
# span 3 =    20.8688,    25.7712                 
# span 4 = 1.7094e-01, 3.0525e-01                 
# span 5 =     0.1261,     0.1298                 
# span 6 =      0.007,      0.018                 
# span 7 =    1458.42,    1478.86                 
# span 8 =     36.917,     55.508                 
# span 9 =     2.4909,     4.1926                 
# span 10 =  38.410058,  38.411008                
# span 11 = 0.0000e+00, 0.0000e+00                
# interval = seconds: 0.0416667
# start_time = Feb 07 2019 09:50:29 [System UpLoad Time]
# bad_flag = -9.990e-29
*END*
[from data line 1204]
      3.058     7.3087    32.7527    25.6069 1.8315e-01     0.1298      0.015    1477.09     47.020     3.1989  38.410639  0.000e+00
      3.094     7.3134    32.7551    25.6082 1.8315e-01     0.1285      0.015    1477.12     47.015     3.1982  38.410639  0.000e+00
      3.105     7.3178    32.7571    25.6091 1.8315e-01     0.1285      0.015    1477.13     47.009     3.1974  38.410639  0.000e+00
      3.129     7.3198    32.7582    25.6097 1.8315e-01     0.1298      0.015    1477.14     47.002     3.1967  38.410640  0.000e+00
      3.154     7.3138    32.7648    25.6157 1.8315e-01     0.1285      0.015    1477.13     46.993     3.1965  38.410640  0.000e+00
      3.178     7.3047    32.7659    25.6178 1.8315e-01     0.1285      0.015    1477.10     46.922     3.1923  38.410641  0.000e+00
      3.189     7.3038    32.7549    25.6093 1.8315e-01     0.1298      0.015    1477.08     46.911     3.1918  38.410641  0.000e+00
      3.214     7.3095    32.7433    25.5994 1.8315e-01     0.1285      0.018    1477.09     46.960     3.1950  38.410642  0.000e+00
      3.249     7.3237    32.7420    25.5964 1.8315e-01     0.1298      0.015    1477.14     46.892     3.1893  38.410642  0.000e+00
      3.261     7.3413    32.7465    25.5975 1.8315e-01     0.1298      0.015    1477.22     46.876     3.1868  38.410643  0.000e+00
      3.285     7.3564    32.7581    25.6046 1.8315e-01     0.1285      0.015    1477.29     46.860     3.1844  38.410643  0.000e+00
      3.307     7.3627    32.7700    25.6131 1.8315e-01     0.1298      0.015    1477.33     46.782     3.1784  38.410644  0.000e+00
      3.332     7.3607    32.7844    25.6247 1.8315e-01     0.1285      0.015    1477.34     46.758     3.1766  38.410644  0.000e+00
      3.356     7.3564    32.7895    25.6293 1.8315e-01     0.1285      0.015    1477.33     46.734     3.1752  38.410645  0.000e+00
      3.369     7.3470    32.7916    25.6323 1.8315e-01     0.1285      0.015    1477.29     46.709     3.1741  38.410645  0.000e+00
      3.392     7.3359    32.7898    25.6324 1.8315e-01     0.1285      0.015    1477.25     46.622     3.1691  38.410646  0.000e+00
      3.427     7.3372    32.7744    25.6201 1.8315e-01     0.1285      0.015    1477.24     46.596     3.1675  38.410646  0.000e+00
      3.440     7.3407    32.7646    25.6118 1.8315e-01     0.1298      0.015    1477.24     46.570     3.1657  38.410647  0.000e+00
      3.464     7.3372    32.7686    25.6155 1.8315e-01     0.1298      0.015    1477.23     46.537     3.1636  38.410647  0.000e+00
      3.487     7.3410    32.7695    25.6157 1.8315e-01     0.1298      0.015    1477.25     46.510     3.1615  38.410648  0.000e+00
      3.500     7.3456    32.7683    25.6141 1.8315e-01     0.1285      0.015    1477.26     46.422     3.1552  38.410648  0.000e+00
      3.536     7.3492    32.7696    25.6146 1.7094e-01     0.1285      0.015    1477.28     46.389     3.1527  38.410649  0.000e+00
      3.560     7.3526    32.7703    25.6147 1.8315e-01     0.1298      0.015    1477.29     46.356     3.1502  38.410649  0.000e+00
      3.571     7.3529    32.7726    25.6165 1.8315e-01     0.1298      0.015    1477.30     46.331     3.1484  38.410650  0.000e+00
      3.605     7.3481    32.7781    25.6215 1.8315e-01     0.1285      0.015    1477.29     46.307     3.1470  38.410650  0.000e+00
      3.618     7.3439    32.7773    25.6214 1.8315e-01     0.1285      0.015    1477.27     46.222     3.1415  38.410651  0.000e+00
      3.631     7.3423    32.7728    25.6181 1.8315e-01     0.1285      0.015    1477.26     46.191     3.1397  38.410651  0.000e+00
      3.678     7.3479    32.7633    25.6099 2.0757e-01     0.1298      0.015    1477.27     46.101     3.1333  38.410652  0.000e+00
      3.702     7.3542    32.7623    25.6082 1.9536e-01     0.1298      0.015    1477.29     46.065     3.1305  38.410652  0.000e+00
      3.715     7.3636    32.7639    25.6081 1.9536e-01     0.1298      0.015    1477.33     46.030     3.1274  38.410652  0.000e+00
      3.738     7.3733    32.7685    25.6104 1.8315e-01     0.1285      0.015    1477.37     45.935     3.1202  38.410653  0.000e+00
      3.762     7.3842    32.7720    25.6116 1.9536e-01     0.1298      0.015    1477.42     45.835     3.1125  38.410653  0.000e+00
      3.787     7.3957    32.7751    25.6125 1.8315e-01     0.1285      0.015    1477.47     45.798     3.1091  38.410654  0.000e+00
      3.809     7.4061    32.7825    25.6169 1.8315e-01     0.1298      0.015    1477.52     45.763     3.1059  38.410654  0.000e+00
      3.822     7.4121    32.7925    25.6239 1.8315e-01     0.1285      0.015    1477.55     45.669     3.0988  38.410655  0.000e+00
      3.858     7.4099    32.8115    25.6391 1.8315e-01     0.1285      0.015    1477.57     45.571     3.0919  38.410655  0.000e+00
      3.882     7.4096    32.8147    25.6418 1.8315e-01     0.1298      0.015    1477.57     45.529     3.0891  38.410656  0.000e+00
      3.893     7.4136    32.8097    25.6373 1.8315e-01     0.1298      0.015    1477.58     45.490     3.0862  38.410656  0.000e+00
      3.918     7.4144    32.8127    25.6395 1.8315e-01     0.1285      0.015    1477.59     45.400     3.0800  38.410657  0.000e+00
      3.953     7.4047    32.8264    25.6516 1.8315e-01     0.1285      0.015    1477.57     45.368     3.0782  38.410657  0.000e+00
      3.953     7.3929    32.8289    25.6552 1.8315e-01     0.1285      0.015    1477.53     45.277     3.0728  38.410658  0.000e+00
      3.987     7.3763    32.8231    25.6530 1.8315e-01     0.1285      0.015    1477.46     45.245     3.0719  38.410658  0.000e+00
      4.013     7.3750    32.7956    25.6315 1.9536e-01     0.1298      0.015    1477.42     45.154     3.0664  38.410659  0.000e+00
      4.037     7.3950    32.7658    25.6053 1.8315e-01     0.1285      0.015    1477.46     45.059     3.0592  38.410659  0.000e+00
      4.049     7.4095    32.7724    25.6085 1.8315e-01     0.1298      0.015    1477.52     45.024     3.0556  38.410660  0.000e+00
      4.084     7.4147    32.7989    25.6286 1.8315e-01     0.1285      0.015    1477.58     44.992     3.0526  38.410660  0.000e+00
      4.097     7.4139    32.8194    25.6449 1.8315e-01     0.1298      0.015    1477.60     44.904     3.0462  38.410661  0.000e+00
      4.120     7.4116    32.8265    25.6508 1.8315e-01     0.1298      0.015    1477.60     44.874     3.0442  38.410661  0.000e+00
      4.143     7.4099    32.8277    25.6519 1.8315e-01     0.1298      0.015    1477.60     44.787     3.0384  38.410662  0.000e+00
      4.156     7.4085    32.8280    25.6523 1.8315e-01     0.1285      0.015    1477.59     44.759     3.0367  38.410662  0.000e+00
      4.180     7.4071    32.8281    25.6526 1.8315e-01     0.1298      0.015    1477.59     44.675     3.0310  38.410663  0.000e+00
      4.193     7.4043    32.8304    25.6548 1.8315e-01     0.1285      0.015    1477.58     44.589     3.0253  38.410663  0.000e+00
      4.229     7.4004    32.8313    25.6560 1.8315e-01     0.1285      0.015    1477.56     44.500     3.0196  38.410664  0.000e+00
      4.251     7.3968    32.8296    25.6552 1.8315e-01     0.1298      0.015    1477.55     44.472     3.0179  38.410664  0.000e+00
      4.275     7.3932    32.8283    25.6547 1.8315e-01     0.1285      0.015    1477.53     44.381     3.0120  38.410665  0.000e+00
      4.309     7.3914    32.8238    25.6514 1.9536e-01     0.1285      0.015    1477.52     44.349     3.0101  38.410665  0.000e+00
      4.311     7.3908    32.8208    25.6491 1.8315e-01     0.1298      0.015    1477.52     44.269     3.0047  38.410666  0.000e+00
      4.324     7.3891    32.8212    25.6497 1.9536e-01     0.1298      0.015    1477.51     44.181     2.9989  38.410666  0.000e+00
      4.360     7.3910    32.8190    25.6477 1.8315e-01     0.1298      0.015    1477.52     44.153     2.9969  38.410666  0.000e+00
      4.384     7.3943    32.8181    25.6466 1.8315e-01     0.1298      0.015    1477.53     44.070     2.9911  38.410667  0.000e+00
      4.405     7.3935    32.8236    25.6510 1.8315e-01     0.1285      0.015    1477.53     44.041     2.9890  38.410667  0.000e+00
      4.420     7.3952    32.8266    25.6531 1.8315e-01     0.1285      0.015    1477.54     43.956     2.9831  38.410668  0.000e+00
      4.455     7.3977    32.8265    25.6527 1.8315e-01     0.1298      0.015    1477.55     43.871     2.9771  38.410668  0.000e+00
      4.479     7.3994    32.8286    25.6540 1.8315e-01     0.1285      0.015    1477.56     43.847     2.9754  38.410669  0.000e+00
      4.502     7.3986    32.8320    25.6569 1.8315e-01     0.1298      0.015    1477.56     43.761     2.9695  38.410669  0.000e+00
      4.502     7.3979    32.8323    25.6572 1.8315e-01     0.1285      0.015    1477.56     43.674     2.9637  38.410670  0.000e+00
      4.538     7.4006    32.8280    25.6534 1.8315e-01     0.1285      0.015    1477.57     43.649     2.9619  38.410670  0.000e+00
      4.562     7.4101    32.8206    25.6463 1.8315e-01     0.1298      0.015    1477.59     43.571     2.9560  38.410671  0.000e+00
      4.586     7.4192    32.8253    25.6487 1.8315e-01     0.1285      0.015    1477.64     43.492     2.9500  38.410671  0.000e+00
      4.598     7.4209    32.8405    25.6604 1.8315e-01     0.1285      0.015    1477.66     43.406     2.9438  38.410672  0.000e+00
      4.622     7.4170    32.8504    25.6688 1.8315e-01     0.1285      0.015    1477.66     43.382     2.9422  38.410672  0.000e+00
      4.669     7.4131    32.8521    25.6706 1.8315e-01     0.1285      0.015    1477.65     43.305     2.9372  38.410673  0.000e+00
      4.670     7.4118    32.8479    25.6675 1.8315e-01     0.1298      0.015    1477.64     43.229     2.9322  38.410673  0.000e+00
      4.682     7.4111    32.8454    25.6657 1.8315e-01     0.1285      0.015    1477.63     43.215     2.9314  38.410674  0.000e+00
      4.717     7.4096    32.8458    25.6662 1.8315e-01     0.1285      0.015    1477.63     43.141     2.9264  38.410674  0.000e+00
      4.730     7.4076    32.8458    25.6665 1.8315e-01     0.1285      0.015    1477.62     43.129     2.9258  38.410675  0.000e+00
      4.764     7.4095    32.8430    25.6640 1.8315e-01     0.1298      0.015    1477.62     43.057     2.9208  38.410675  0.000e+00
      4.790     7.4109    32.8434    25.6641 1.8315e-01     0.1285      0.015    1477.63     42.986     2.9159  38.410676  0.000e+00
      4.802     7.4121    32.8459    25.6660 1.8315e-01     0.1285      0.015    1477.64     42.978     2.9152  38.410676  0.000e+00
      4.826     7.4122    32.8506    25.6696 1.9536e-01     0.1298      0.015    1477.64     42.910     2.9105  38.410677  0.000e+00
      4.860     7.4119    32.8528    25.6713 1.9536e-01     0.1285      0.015    1477.65     42.836     2.9055  38.410677  0.000e+00
      4.873     7.4109    32.8550    25.6732 1.8315e-01     0.1298      0.015    1477.65     42.825     2.9047  38.410678  0.000e+00
      4.897     7.4095    32.8567    25.6747 1.9536e-01     0.1298      0.015    1477.64     42.761     2.9005  38.410678  0.000e+00
      4.921     7.4106    32.8546    25.6729 1.9536e-01     0.1285      0.015    1477.64     42.753     2.8999  38.410679  0.000e+00
      4.944     7.4071    32.8588    25.6767 1.8315e-01     0.1285      0.015    1477.64     42.684     2.8954  38.410679  0.000e+00
      4.955     7.4066    32.8562    25.6748 1.8315e-01     0.1285      0.015    1477.63     42.617     2.8909  38.410679  0.000e+00
      4.981     7.4116    32.8503    25.6695 1.9536e-01     0.1285      0.015    1477.64     42.552     2.8863  38.410680  0.000e+00
      5.017     7.4156    32.8525    25.6706 1.8315e-01     0.1298      0.015    1477.66     42.482     2.8812  38.410680  0.000e+00
      5.040     7.4186    32.8576    25.6742 1.8315e-01     0.1298      0.015    1477.68     42.475     2.8805  38.410681  0.000e+00
      5.051     7.4193    32.8641    25.6792 1.8315e-01     0.1298      0.015    1477.69     42.470     2.8800  38.410681  0.000e+00
      5.088     7.4160    32.8696    25.6840 1.8315e-01     0.1298      0.015    1477.69     42.351     2.8720  38.410682  0.000e+00
      5.099     7.4104    32.8724    25.6870 1.8315e-01     0.1285      0.015    1477.67     42.342     2.8717  38.410682  0.000e+00
      5.124     7.4045    32.8708    25.6865 1.9536e-01     0.1285      0.015    1477.64     42.274     2.8675  38.410683  0.000e+00
      5.146     7.4012    32.8645    25.6820 1.8315e-01     0.1285      0.015    1477.62     42.270     2.8675  38.410683  0.000e+00
      5.172     7.4020    32.8575    25.6764 1.8315e-01     0.1298      0.015    1477.62     42.213     2.8638  38.410684  0.000e+00
      5.195     7.4025    32.8581    25.6769 1.9536e-01     0.1285      0.015    1477.62     42.151     2.8595  38.410684  0.000e+00
      5.208     7.4035    32.8601    25.6782 1.9536e-01     0.1298      0.015    1477.63     42.154     2.8596  38.410685  0.000e+00
      5.242     7.4039    32.8634    25.6808 1.9536e-01     0.1285      0.015    1477.63     42.096     2.8556  38.410685  0.000e+00
      5.268     7.4029    32.8661    25.6830 1.9536e-01     0.1285      0.015    1477.63     42.103     2.8561  38.410686  0.000e+00
      5.279     7.4023    32.8658    25.6829 1.9536e-01     0.1285      0.015    1477.63     42.051     2.8526  38.410686  0.000e+00
      5.290     7.4023    32.8648    25.6821 1.9536e-01     0.1285      0.015    1477.63     41.993     2.8487  38.410687  0.000e+00
      5.313     7.4020    32.8651    25.6824 1.9536e-01     0.1298      0.015    1477.63     41.991     2.8486  38.410687  0.000e+00
      5.375     7.4012    32.8663    25.6834 1.9536e-01     0.1285      0.015    1477.63     41.938     2.8450  38.410688  0.000e+00
      5.375     7.3991    32.8673    25.6845 1.9536e-01     0.1298      0.015    1477.62     41.879     2.8411  38.410688  0.000e+00
      5.363     7.3955    32.8674    25.6851 1.9536e-01     0.1298      0.015    1477.61     41.884     2.8417  38.410689  0.000e+00
      5.456     7.3929    32.8646    25.6833 1.9536e-01     0.1298      0.015    1477.60     41.830     2.8383  38.410689  0.000e+00
      5.435     7.3931    32.8602    25.6798 1.8315e-01     0.1285      0.015    1477.59     41.832     2.8385  38.410690  0.000e+00
      5.470     7.3958    32.8578    25.6775 1.9536e-01     0.1285      0.015    1477.60     41.783     2.8350  38.410690  0.000e+00
      5.469     7.3960    32.8604    25.6795 1.9536e-01     0.1298      0.015    1477.60     41.728     2.8312  38.410691  0.000e+00
      5.506     7.3951    32.8641    25.6825 1.9536e-01     0.1285      0.015    1477.61     41.737     2.8318  38.410691  0.000e+00
      5.530     7.3948    32.8638    25.6824 1.9536e-01     0.1298      0.015    1477.60     41.686     2.8284  38.410692  0.000e+00
      5.541     7.3948    32.8635    25.6822 1.9536e-01     0.1298      0.015    1477.60     41.692     2.8288  38.410692  0.000e+00
      5.575     7.3957    32.8640    25.6824 1.9536e-01     0.1285      0.015    1477.61     41.646     2.8256  38.410693  0.000e+00
      5.590     7.3964    32.8655    25.6835 1.9536e-01     0.1298      0.015    1477.61     41.656     2.8262  38.410693  0.000e+00
      5.614     7.3960    32.8671    25.6849 1.9536e-01     0.1285      0.015    1477.62     41.607     2.8228  38.410693  0.000e+00
      5.647     7.3948    32.8671    25.6850 1.9536e-01     0.1285      0.015    1477.61     41.559     2.8197  38.410694  0.000e+00
      5.650     7.3963    32.8644    25.6827 1.9536e-01     0.1285      0.015    1477.61     41.568     2.8203  38.410694  0.000e+00
      5.686     7.3978    32.8649    25.6828 1.9536e-01     0.1298      0.015    1477.62     41.518     2.8167  38.410695  0.000e+00
      5.707     7.3981    32.8697    25.6866 1.9536e-01     0.1298      0.015    1477.63     41.523     2.8170  38.410695  0.000e+00
