RAWDATA/IO2019/20190207/Aq2_20190207_down.cnv
* Sea-Bird SBE 9 Data File:
* FileName = C:\CTD Brukere\NIVA\IO2019\20190207\Aq2_20190207.hex
* Software Version Seasave V 7.23.2
* Temperature SN = 5352
* Conductivity SN = 3840
* Number of Bytes Per Scan = 28
* Number of Voltage Words = 4
* Number of Scans Averaged by the Deck Unit = 1
* NMEA baud rate = 4800
** Ship: R/V Trygve Braarud
** Cruise:
** Station:
** Operator:
# nquan = 12
# nvalues = 1972                                  
# units = specified
# name 0 = depSM: Depth [salt water, m], lat = 59.60
# name 1 = t090C: Temperature [ITS-90, deg C]
# name 2 = sal00: Salinity, Practical [PSU]
# name 3 = sigma-t00: Density [sigma-t, kg/m^3 ]
# name 4 = flSP: Fluorescence, Seapoint
# name 5 = wetStar: Fluorescence, WET Labs WETstar [mg/m^3]
# name 6 = seaTurbMtr: Turbidity, Seapoint [FTU]
# name 7 = svCM: Sound Velocity [Chen-Millero, m/s]
# name 8 = sbeox0PS: Oxygen, SBE 43 [% saturation]
# name 9 = sbeox0ML/L: Oxygen, SBE 43 [ml/l]
# name 10 = timeJ: Julian Days
# name 11 = flag:  0.000e+00
# span 0 =      0.096,     18.583                 
# span 1 =     4.5814,     7.6243                 
# span 2 =    26.4030,    33.0027                 
# span 3 =    20.8688,    25.7712                 
# span 4 = 1.7094e-01, 3.0525e-01                 
# span 5 =     0.1261,     0.1298                 
# span 6 =      0.007,      0.018                 
# span 7 =    1458.42,    1478.86                 
# span 8 =     36.917,     55.508                 
# span 9 =     2.4909,     4.1926                 
# span 10 =  38.410058,  38.411008                
# span 11 = 0.0000e+00, 0.0000e+00                
# interval = seconds: 0.0416667
# start_time = Feb 07 2019 09:50:29 [System UpLoad Time]
# bad_flag = -9.990e-29
*END*
[from data line 1805]
     16.536     7.5161    32.9665    25.7462 1.8315e-01     0.1298      0.015    1478.38     40.660     2.7493  38.410928  0.000e+00
     16.562     7.5257    32.9678    25.7459 1.8315e-01     0.1285      0.015    1478.42     40.650     2.7480  38.410929  0.000e+00
     16.572     7.5329    32.9699    25.7466 1.9536e-01     0.1298      0.015    1478.45     40.639     2.7468  38.410929  0.000e+00
     16.598     7.5412    32.9710    25.7463 1.8315e-01     0.1298      0.015    1478.48     40.628     2.7455  38.410930  0.000e+00
     16.632     7.5478    32.9730    25.7469 1.8315e-01     0.1298      0.015    1478.51     40.616     2.7442  38.410930  0.000e+00
     16.645     7.5534    32.9741    25.7469 1.8315e-01     0.1298      0.015    1478.54     40.604     2.7430  38.410931  0.000e+00
     16.682     7.5570    32.9753    25.7474 1.8315e-01     0.1285      0.015    1478.55     40.599     2.7424  38.410931  0.000e+00
     16.692     7.5596    32.9761    25.7476 1.8315e-01     0.1285      0.015    1478.56     40.532     2.7377  38.410932  0.000e+00
     16.705     7.5614    32.9767    25.7479 1.8315e-01     0.1298      0.015    1478.57     40.580     2.7409  38.410932  0.000e+00
     16.740     7.5626    32.9768    25.7478 1.8315e-01     0.1298      0.015    1478.58     40.513     2.7363  38.410933  0.000e+00
     16.763     7.5642    32.9769    25.7476 1.8315e-01     0.1298      0.015    1478.58     40.500     2.7353  38.410933  0.000e+00
     16.789     7.5655    32.9786    25.7488 1.8315e-01     0.1298      0.015    1478.59     40.487     2.7343  38.410934  0.000e+00
     16.800     7.5671    32.9787    25.7486 1.9536e-01     0.1285      0.015    1478.60     40.474     2.7333  38.410934  0.000e+00
     16.838     7.5676    32.9794    25.7491 1.9536e-01     0.1298      0.015    1478.60     40.461     2.7324  38.410935  0.000e+00
     16.860     7.5684    32.9794    25.7490 1.8315e-01     0.1285      0.015    1478.60     40.448     2.7315  38.410935  0.000e+00
     16.873     7.5686    32.9797    25.7492 1.9536e-01     0.1298      0.015    1478.60     40.435     2.7306  38.410936  0.000e+00
     16.883     7.5686    32.9798    25.7493 1.9536e-01     0.1298      0.015    1478.61     40.430     2.7302  38.410936  0.000e+00
     16.932     7.5684    32.9804    25.7498 1.9536e-01     0.1298      0.015    1478.61     40.425     2.7299  38.410937  0.000e+00
     16.945     7.5679    32.9808    25.7502 1.9536e-01     0.1298      0.015    1478.60     40.420     2.7296  38.410937  0.000e+00
     16.979     7.5683    32.9809    25.7502 1.9536e-01     0.1298      0.015    1478.61     40.416     2.7292  38.410938  0.000e+00
     16.980     7.5686    32.9815    25.7506 1.8315e-01     0.1298      0.015    1478.61     40.411     2.7289  38.410938  0.000e+00
     17.016     7.5703    32.9819    25.7507 1.8315e-01     0.1298      0.015    1478.62     40.407     2.7286  38.410938  0.000e+00
     17.029     7.5722    32.9826    25.7510 1.8315e-01     0.1298      0.015    1478.63     40.404     2.7282  38.410939  0.000e+00
     17.063     7.5735    32.9828    25.7509 1.8315e-01     0.1298      0.015    1478.63     40.401     2.7279  38.410939  0.000e+00
     17.076     7.5741    32.9836    25.7515 1.8315e-01     0.1285      0.015    1478.63     40.398     2.7276  38.410940  0.000e+00
     17.112     7.5753    32.9839    25.7516 1.8315e-01     0.1298      0.015    1478.64     40.395     2.7274  38.410940  0.000e+00
     17.134     7.5759    32.9839    25.7515 1.9536e-01     0.1298      0.015    1478.64     40.393     2.7272  38.410941  0.000e+00
     17.160     7.5757    32.9837    25.7513 1.8315e-01     0.1298      0.018    1478.64     40.329     2.7229  38.410941  0.000e+00
     17.171     7.5740    32.9839    25.7518 1.8315e-01     0.1298      0.018    1478.64     40.382     2.7266  38.410942  0.000e+00
     17.184     7.5749    32.9836    25.7514 1.8315e-01     0.1298      0.015    1478.64     40.319     2.7223  38.410942  0.000e+00
     17.218     7.5763    32.9847    25.7520 1.8315e-01     0.1298      0.015    1478.65     40.381     2.7263  38.410943  0.000e+00
     17.244     7.5782    32.9850    25.7520 1.9536e-01     0.1298      0.018    1478.65     40.319     2.7220  38.410943  0.000e+00
     17.267     7.5791    32.9851    25.7519 1.8315e-01     0.1298      0.015    1478.66     40.312     2.7215  38.410944  0.000e+00
     17.291     7.5794    32.9852    25.7520 1.8315e-01     0.1298      0.015    1478.66     40.306     2.7211  38.410944  0.000e+00
     17.314     7.5788    32.9856    25.7524 1.8315e-01     0.1298      0.015    1478.66     40.301     2.7208  38.410945  0.000e+00
     17.340     7.5784    32.9854    25.7523 1.9536e-01     0.1298      0.015    1478.66     40.296     2.7205  38.410945  0.000e+00
     17.350     7.5778    32.9850    25.7521 1.9536e-01     0.1298      0.015    1478.65     40.354     2.7244  38.410946  0.000e+00
     17.387     7.5767    32.9850    25.7522 1.9536e-01     0.1298      0.015    1478.65     40.296     2.7206  38.410946  0.000e+00
     17.398     7.5708    32.9842    25.7524 1.9536e-01     0.1298      0.015    1478.63     40.293     2.7207  38.410947  0.000e+00
     17.436     7.5657    32.9814    25.7510 1.9536e-01     0.1298      0.015    1478.61     40.298     2.7215  38.410947  0.000e+00
     17.445     7.5689    32.9811    25.7503 1.9536e-01     0.1298      0.015    1478.62     40.296     2.7211  38.410948  0.000e+00
     17.470     7.5753    32.9847    25.7522 1.9536e-01     0.1298      0.015    1478.65     40.295     2.7206  38.410948  0.000e+00
     17.496     7.5814    32.9871    25.7532 1.9536e-01     0.1298      0.015    1478.67     40.294     2.7201  38.410949  0.000e+00
     17.518     7.5859    32.9884    25.7537 1.8315e-01     0.1298      0.015    1478.69     40.294     2.7198  38.410949  0.000e+00
     17.554     7.5887    32.9889    25.7536 1.8315e-01     0.1298      0.015    1478.70     40.295     2.7197  38.410950  0.000e+00
     17.554     7.5906    32.9887    25.7532 1.9536e-01     0.1285      0.015    1478.71     40.296     2.7196  38.410950  0.000e+00
     17.591     7.5923    32.9890    25.7532 1.8315e-01     0.1285      0.015    1478.72     40.298     2.7197  38.410951  0.000e+00
     17.603     7.5937    32.9899    25.7537 1.8315e-01     0.1285      0.015    1478.73     40.300     2.7197  38.410951  0.000e+00
     17.651     7.5959    32.9901    25.7535 1.8315e-01     0.1298      0.015    1478.74     40.303     2.7198  38.410951  0.000e+00
     17.650     7.5978    32.9898    25.7530 1.8315e-01     0.1298      0.015    1478.74     40.307     2.7199  38.410952  0.000e+00
     17.674     7.5990    32.9906    25.7535 1.8315e-01     0.1298      0.015    1478.75     40.311     2.7201  38.410952  0.000e+00
     17.698     7.5999    32.9906    25.7534 1.9536e-01     0.1298      0.015    1478.75     40.316     2.7204  38.410953  0.000e+00
     17.721     7.6008    32.9908    25.7534 1.8315e-01     0.1285      0.015    1478.76     40.322     2.7207  38.410953  0.000e+00
     17.747     7.6012    32.9911    25.7536 1.8315e-01     0.1298      0.015    1478.76     40.328     2.7211  38.410954  0.000e+00
     17.758     7.6019    32.9907    25.7531 1.9536e-01     0.1298      0.015    1478.76     40.335     2.7215  38.410954  0.000e+00
     17.794     7.6009    32.9910    25.7536 1.8315e-01     0.1298      0.015    1478.76     40.342     2.7221  38.410955  0.000e+00
     17.816     7.6002    32.9904    25.7532 1.9536e-01     0.1298      0.015    1478.76     40.343     2.7222  38.410955  0.000e+00
     17.829     7.6008    32.9906    25.7533 1.8315e-01     0.1298      0.015    1478.76     40.351     2.7227  38.410956  0.000e+00
     17.854     7.6025    32.9908    25.7532 1.8315e-01     0.1298      0.015    1478.76     40.352     2.7227  38.410956  0.000e+00
     17.878     7.6053    32.9910    25.7529 1.8315e-01     0.1285      0.015    1478.78     40.354     2.7226  38.410957  0.000e+00
     17.901     7.6079    32.9912    25.7527 1.8315e-01     0.1285      0.015    1478.79     40.356     2.7226  38.410957  0.000e+00
     17.914     7.6101    32.9917    25.7528 1.9536e-01     0.1298      0.015    1478.80     40.358     2.7226  38.410958  0.000e+00
     17.936     7.6104    32.9921    25.7531 1.9536e-01     0.1285      0.015    1478.80     40.360     2.7227  38.410958  0.000e+00
     17.961     7.6097    32.9924    25.7534 1.8315e-01     0.1298      0.015    1478.80     40.363     2.7229  38.410959  0.000e+00
     17.985     7.6073    32.9917    25.7532 1.8315e-01     0.1298      0.015    1478.79     40.366     2.7233  38.410959  0.000e+00
     17.998     7.6002    32.9890    25.7521 1.8315e-01     0.1298      0.015    1478.76     40.308     2.7199  38.410960  0.000e+00
     18.021     7.5890    32.9855    25.7509 1.9536e-01     0.1298      0.015    1478.71     40.306     2.7205  38.410960  0.000e+00
     18.045     7.5801    32.9830    25.7502 1.8315e-01     0.1298      0.015    1478.67     40.303     2.7209  38.410961  0.000e+00
     18.058     7.5780    32.9851    25.7521 1.8315e-01     0.1298      0.015    1478.67     40.363     2.7250  38.410961  0.000e+00
     18.092     7.5815    32.9878    25.7537 1.9536e-01     0.1298      0.015    1478.68     40.369     2.7251  38.410962  0.000e+00
     18.105     7.5855    32.9895    25.7545 1.9536e-01     0.1298      0.015    1478.70     40.374     2.7252  38.410962  0.000e+00
     18.129     7.5887    32.9908    25.7551 1.9536e-01     0.1298      0.015    1478.72     40.319     2.7213  38.410963  0.000e+00
     18.154     7.5928    32.9908    25.7546 1.9536e-01     0.1285      0.015    1478.73     40.318     2.7210  38.410963  0.000e+00
     18.176     7.5951    32.9917    25.7549 1.9536e-01     0.1285      0.015    1478.74     40.380     2.7250  38.410964  0.000e+00
     18.189     7.5929    32.9921    25.7556 1.9536e-01     0.1298      0.015    1478.74     40.326     2.7215  38.410964  0.000e+00
     18.212     7.5919    32.9909    25.7547 1.8315e-01     0.1298      0.015    1478.73     40.327     2.7216  38.410965  0.000e+00
     18.225     7.5939    32.9905    25.7541 1.8315e-01     0.1298      0.015    1478.74     40.321     2.7211  38.410965  0.000e+00
     18.249     7.5972    32.9918    25.7547 1.8315e-01     0.1285      0.015    1478.75     40.323     2.7210  38.410965  0.000e+00
     18.285     7.6022    32.9935    25.7553 1.8315e-01     0.1298      0.015    1478.77     40.317     2.7203  38.410966  0.000e+00
     18.296     7.6084    32.9953    25.7558 1.8315e-01     0.1298      0.015    1478.80     40.258     2.7159  38.410966  0.000e+00
     18.321     7.6136    32.9967    25.7562 1.8315e-01     0.1298      0.015    1478.82     40.247     2.7148  38.410967  0.000e+00
     18.345     7.6172    32.9966    25.7556 1.8315e-01     0.1298      0.015    1478.84     40.236     2.7138  38.410967  0.000e+00
     18.356     7.6187    32.9958    25.7548 1.9536e-01     0.1298      0.015    1478.84     40.226     2.7131  38.410968  0.000e+00
     18.368     7.6198    32.9950    25.7540 1.8315e-01     0.1298      0.015    1478.84     40.217     2.7124  38.410968  0.000e+00
     18.405     7.6205    32.9954    25.7542 1.8315e-01     0.1298      0.015    1478.85     40.208     2.7118  38.410969  0.000e+00
     18.403     7.6208    32.9957    25.7545 1.8315e-01     0.1298      0.015    1478.85     40.146     2.7076  38.410969  0.000e+00
     18.427     7.6208    32.9961    25.7547 1.8315e-01     0.1298      0.015    1478.85     40.132     2.7066  38.410970  0.000e+00
     18.452     7.6217    32.9960    25.7545 1.9536e-01     0.1298      0.015    1478.85     40.119     2.7056  38.410970  0.000e+00
     18.440     7.6221    32.9961    25.7546 1.8315e-01     0.1298      0.015    1478.86     40.106     2.7048  38.410971  0.000e+00
     18.452     7.6230    32.9956    25.7540 1.8315e-01     0.1298      0.015    1478.86     40.033     2.6998  38.410971  0.000e+00
     18.440     7.6240    32.9958    25.7540 1.8315e-01     0.1298      0.015    1478.86     40.015     2.6985  38.410972  0.000e+00
     18.465     7.6243    32.9957    25.7539 1.8315e-01     0.1298      0.015    1478.86     39.999     2.6974  38.410972  0.000e+00
     18.487     7.6233    32.9942    25.7529 1.8315e-01     0.1298      0.015    1478.86     39.923     2.6923  38.410973  0.000e+00
     18.487     7.6153    32.9941    25.7539 1.8315e-01     0.1298      0.015    1478.83     39.902     2.6914  38.410973  0.000e+00
     18.463     7.6002    32.9911    25.7537 1.9536e-01     0.1285      0.015    1478.77     39.883     2.6911  38.410974  0.000e+00
     18.523     7.5841    32.9862    25.7522 1.9536e-01     0.1285      0.015    1478.70     39.866     2.6911  38.410974  0.000e+00
     18.476     7.5741    32.9815    25.7498 1.9536e-01     0.1298      0.015    1478.65     39.849     2.6906  38.410975  0.000e+00
     18.452     7.5684    32.9819    25.7510 1.9536e-01     0.1298      0.015    1478.63     39.773     2.6858  38.410975  0.000e+00
     18.452     7.5630    32.9845    25.7538 1.9536e-01     0.1298      0.015    1478.62     39.691     2.6806  38.410976  0.000e+00
     18.476     7.5508    32.9876    25.7579 1.9536e-01     0.1298      0.015    1478.57     39.666     2.6796  38.410976  0.000e+00
     18.476     7.5482    32.9837    25.7552 1.9536e-01     0.1285      0.015    1478.56     39.581     2.6741  38.410977  0.000e+00
     18.476     7.5508    32.9780    25.7504 1.9536e-01     0.1298      0.015    1478.56     39.552     2.6721  38.410977  0.000e+00
     18.476     7.5345    32.9680    25.7448 1.9536e-01     0.1298      0.015    1478.49     39.527     2.6715  38.410978  0.000e+00
     18.465     7.5092    32.9548    25.7380 1.9536e-01     0.1285      0.015    1478.37     39.504     2.6717  38.410978  0.000e+00
     18.452     7.4865    32.9513    25.7384 1.9536e-01     0.1298      0.015    1478.28     39.483     2.6718  38.410978  0.000e+00
     18.452     7.4660    32.9559    25.7449 1.9536e-01     0.1285      0.015    1478.21     39.404     2.6675  38.410979  0.000e+00
     18.476     7.4448    32.9604    25.7514 1.9536e-01     0.1298      0.015    1478.13     39.319     2.6630  38.410979  0.000e+00
     18.463     7.4347    32.9572    25.7503 1.9536e-01     0.1298      0.015    1478.09     39.292     2.6619  38.410980  0.000e+00
     18.465     7.4281    32.9556    25.7499 1.9536e-01     0.1298      0.015    1478.06     39.267     2.6606  38.410980  0.000e+00
     18.463     7.4268    32.9549    25.7496 1.9536e-01     0.1298      0.015    1478.06     39.184     2.6551  38.410981  0.000e+00
     18.465     7.4276    32.9555    25.7499 1.9536e-01     0.1298      0.015    1478.06     39.159     2.6533  38.410981  0.000e+00
     18.440     7.4299    32.9504    25.7456 1.9536e-01     0.1298      0.015    1478.06     39.075     2.6476  38.410982  0.000e+00
     18.463     7.4316    32.9445    25.7408 1.9536e-01     0.1298      0.015    1478.06     39.049     2.6458  38.410982  0.000e+00
     18.452     7.4302    32.9457    25.7419 1.9536e-01     0.1298      0.015    1478.06     38.966     2.6402  38.410983  0.000e+00
     18.463     7.4289    32.9479    25.7438 1.9536e-01     0.1285      0.015    1478.06     38.933     2.6380  38.410983  0.000e+00
     18.465     7.4274    32.9493    25.7451 1.9536e-01     0.1298      0.015    1478.05     38.903     2.6361  38.410984  0.000e+00
     18.463     7.4238    32.9507    25.7467 1.9536e-01     0.1298      0.015    1478.04     38.816     2.6304  38.410984  0.000e+00
     18.465     7.4245    32.9484    25.7448 1.9536e-01     0.1298      0.015    1478.04     38.794     2.6289  38.410985  0.000e+00
     18.452     7.4251    32.9472    25.7438 1.9536e-01     0.1298      0.015    1478.04     38.715     2.6236  38.410985  0.000e+00
