RAWDATA/IO2019/20190207/Bn1_20190207_down_bin.cnv
* Sea-Bird SBE 9 Data File:
* FileName = C:\CTD Brukere\NIVA\IO2019\20190207\Bn1_20190207.hex
* Software Version Seasave V 7.23.2
* Temperature SN = 5352
* Conductivity SN = 3840
* Number of Bytes Per Scan = 28
* Number of Voltage Words = 4
* Number of Scans Averaged by the Deck Unit = 1
* NMEA baud rate = 4800
** Ship: R/V Trygve Braarud
** Cruise:
** Station:
** Operator:
# nquan = 12
# nvalues = 81                          
# units = specified
# name 0 = depSM: Depth [salt water, m], lat = 59.60
# name 1 = t090C: Temperature [ITS-90, deg C]
# name 2 = sal00: Salinity, Practical [PSU]
# name 3 = sigma-t00: Density [sigma-t, kg/m^3 ]
# name 4 = flSP: Fluorescence, Seapoint
# name 5 = wetStar: Fluorescence, WET Labs WETstar [mg/m^3]
# name 6 = seaTurbMtr: Turbidity, Seapoint [FTU]
# name 7 = svCM: Sound Velocity [Chen-Millero, m/s]
# name 8 = sbeox0PS: Oxygen, SBE 43 [% saturation]
# name 9 = sbeox0ML/L: Oxygen, SBE 43 [ml/l]
# name 10 = timeJ: Julian Days
# name 11 = flag: flag
# span 0 =      0.000,     80.000       
# span 1 =     5.8926,     8.5047       
# span 2 =    32.6911,    33.8361       
# span 3 =    25.7393,    26.2839       
# span 4 = 1.4704e-01, 2.6745e-01       
# span 5 =     0.1283,     0.1295       
# span 6 =      0.015,      0.017       
# span 7 =    1471.40,    1484.26       
# span 8 =     45.844,     58.278       
# span 9 =     3.0927,     3.8821       
# span 10 =  38.341474,  38.343450      
# span 11 = 0.0000e+00, 0.0000e+00      
# interval = meters: 1                  
# start_time = Feb 07 2019 08:11:28 [System UpLoad Time]
# bad_flag = -9.990e-29
*END*
      0.000     5.8926    32.6911    25.7415 2.6745e-01     0.1284      0.015    1471.40     55.197     3.8821  38.341474 0.0000e+00
      1.000     5.9074    32.6920    25.7405 2.4489e-01     0.1284      0.015    1471.48     55.099     3.8738  38.341706 0.0000e+00
      2.000     5.9251    32.6940    25.7399 2.4614e-01     0.1284      0.015    1471.57     55.182     3.8780  38.341730 0.0000e+00
      3.000     5.9458    32.6964    25.7393 2.4698e-01     0.1285      0.015    1471.67     55.195     3.8770  38.341753 0.0000e+00
      4.000     5.9715    32.7013    25.7400 2.5028e-01     0.1286      0.015    1471.79     55.160     3.8720  38.341775 0.0000e+00
      5.000     5.9550    32.6979    25.7393 2.4523e-01     0.1287      0.015    1471.74     55.029     3.8644  38.341799 0.0000e+00
      6.000     6.0031    32.7069    25.7405 2.4395e-01     0.1286      0.015    1471.96     54.852     3.8475  38.341820 0.0000e+00
      7.000     6.0751    32.7195    25.7416 2.4395e-01     0.1287      0.016    1472.28     54.601     3.8231  38.341844 0.0000e+00
      8.000     6.1563    32.7360    25.7446 2.4227e-01     0.1287      0.015    1472.64     54.730     3.8244  38.341868 0.0000e+00
      9.000     6.1972    32.7415    25.7438 2.3963e-01     0.1287      0.016    1472.83     54.312     3.7914  38.341893 0.0000e+00
     10.000     6.2075    32.7452    25.7455 2.3691e-01     0.1287      0.016    1472.89     54.086     3.7747  38.341916 0.0000e+00
     11.000     6.2276    32.7487    25.7458 2.4041e-01     0.1288      0.016    1472.99     53.683     3.7447  38.341936 0.0000e+00
     12.000     6.2413    32.7518    25.7465 2.4029e-01     0.1287      0.015    1473.06     53.563     3.7351  38.341958 0.0000e+00
     13.000     6.2403    32.7531    25.7476 2.3409e-01     0.1287      0.015    1473.08     53.502     3.7308  38.341980 0.0000e+00
     14.000     6.2458    32.7551    25.7486 2.3543e-01     0.1286      0.015    1473.12     53.475     3.7284  38.342001 0.0000e+00
     15.000     6.2523    32.7573    25.7494 2.3479e-01     0.1286      0.016    1473.16     53.603     3.7367  38.342023 0.0000e+00
     16.000     6.2508    32.7575    25.7498 2.3225e-01     0.1287      0.015    1473.18     53.887     3.7567  38.342045 0.0000e+00
     17.000     6.2502    32.7575    25.7499 2.3488e-01     0.1286      0.015    1473.19     54.189     3.7778  38.342066 0.0000e+00
     18.000     6.2483    32.7577    25.7503 2.3270e-01     0.1287      0.016    1473.20     54.296     3.7854  38.342089 0.0000e+00
     19.000     6.2508    32.7594    25.7513 2.2979e-01     0.1287      0.016    1473.23     54.335     3.7879  38.342110 0.0000e+00
     20.000     6.2543    32.7606    25.7518 2.3302e-01     0.1286      0.016    1473.26     54.269     3.7829  38.342132 0.0000e+00
     21.000     6.2545    32.7611    25.7522 2.3020e-01     0.1286      0.015    1473.28     54.245     3.7812  38.342154 0.0000e+00
     22.000     6.2671    32.7641    25.7529 2.2036e-01     0.1287      0.015    1473.35     54.114     3.7709  38.342176 0.0000e+00
     23.000     6.3295    32.7766    25.7550 2.2245e-01     0.1287      0.016    1473.63     54.174     3.7693  38.342199 0.0000e+00
     24.000     6.4565    32.8072    25.7629 2.1667e-01     0.1287      0.016    1474.18     54.200     3.7592  38.342221 0.0000e+00
     25.000     6.9410    32.9228    25.7903 2.0223e-01     0.1288      0.016    1476.24     54.080     3.7063  38.342243 0.0000e+00
     26.000     7.3763    33.0172    25.8056 1.8634e-01     0.1286      0.016    1478.06     54.114     3.6695  38.342267 0.0000e+00
     27.000     7.4040    33.0281    25.8102 1.7545e-01     0.1287      0.015    1478.20     53.201     3.6051  38.342288 0.0000e+00
     28.000     7.4473    33.0554    25.8256 1.7118e-01     0.1287      0.016    1478.42     49.891     3.3767  38.342311 0.0000e+00
     29.000     7.3913    33.0362    25.8184 1.7094e-01     0.1287      0.016    1478.19     46.703     3.1654  38.342334 0.0000e+00
     30.000     7.5792    33.0974    25.8401 1.6615e-01     0.1288      0.016    1479.01     45.844     3.0927  38.342356 0.0000e+00
     31.000     7.8785    33.1798    25.8621 1.6590e-01     0.1287      0.016    1480.27     47.159     3.1581  38.342378 0.0000e+00
     32.000     8.0145    33.2296    25.8814 1.6430e-01     0.1288      0.016    1480.87     48.561     3.2410  38.342400 0.0000e+00
     33.000     8.0196    33.2605    25.9050 1.6834e-01     0.1287      0.016    1480.94     49.623     3.3109  38.342422 0.0000e+00
     34.000     8.0395    33.2968    25.9306 1.6613e-01     0.1286      0.015    1481.08     51.820     3.4550  38.342444 0.0000e+00
     35.000     8.0783    33.3201    25.9431 1.6306e-01     0.1283      0.015    1481.27     52.908     3.5240  38.342466 0.0000e+00
     36.000     8.1156    33.3507    25.9616 1.5931e-01     0.1287      0.015    1481.46     53.498     3.5596  38.342488 0.0000e+00
     37.000     8.1694    33.3952    25.9886 1.5900e-01     0.1287      0.015    1481.74     54.397     3.6140  38.342511 0.0000e+00
     38.000     8.2509    33.4803    26.0432 1.5846e-01     0.1287      0.015    1482.17     55.154     3.6555  38.342533 0.0000e+00
     39.000     8.3027    33.5336    26.0773 1.5787e-01     0.1287      0.015    1482.45     55.697     3.6860  38.342555 0.0000e+00
     40.000     8.3345    33.5851    26.1129 1.5466e-01     0.1288      0.015    1482.65     56.418     3.7298  38.342576 0.0000e+00
     41.000     8.3553    33.6211    26.1379 1.5411e-01     0.1288      0.016    1482.78     56.981     3.7644  38.342598 0.0000e+00
     42.000     8.3905    33.6625    26.1651 1.5292e-01     0.1291      0.015    1482.98     57.344     3.7843  38.342618 0.0000e+00
     43.000     8.4074    33.6840    26.1794 1.5185e-01     0.1289      0.016    1483.09     57.556     3.7964  38.342640 0.0000e+00
     44.000     8.4300    33.7058    26.1931 1.5156e-01     0.1290      0.016    1483.22     57.839     3.8126  38.342663 0.0000e+00
     45.000     8.4357    33.7135    26.1982 1.5051e-01     0.1291      0.016    1483.27     57.832     3.8114  38.342685 0.0000e+00
     46.000     8.4565    33.7352    26.2121 1.4864e-01     0.1290      0.016    1483.39     57.926     3.8153  38.342707 0.0000e+00
     47.000     8.4651    33.7525    26.2244 1.4979e-01     0.1290      0.016    1483.46     57.900     3.8124  38.342729 0.0000e+00
     48.000     8.4760    33.7719    26.2379 1.5144e-01     0.1292      0.017    1483.54     57.958     3.8149  38.342751 0.0000e+00
     49.000     8.4875    33.7827    26.2446 1.4935e-01     0.1290      0.016    1483.61     58.075     3.8213  38.342773 0.0000e+00
     50.000     8.4950    33.7906    26.2497 1.4930e-01     0.1291      0.016    1483.67     58.060     3.8195  38.342794 0.0000e+00
     51.000     8.4993    33.7947    26.2522 1.5101e-01     0.1291      0.016    1483.70     57.983     3.8140  38.342816 0.0000e+00
     52.000     8.5010    33.7968    26.2537 1.4713e-01     0.1293      0.016    1483.73     57.932     3.8104  38.342838 0.0000e+00
     53.000     8.5014    33.7992    26.2555 1.4787e-01     0.1291      0.016    1483.75     58.005     3.8151  38.342860 0.0000e+00
     54.000     8.5022    33.8019    26.2574 1.4763e-01     0.1293      0.016    1483.77     58.172     3.8259  38.342881 0.0000e+00
     55.000     8.5031    33.8064    26.2608 1.4760e-01     0.1292      0.016    1483.80     58.062     3.8186  38.342903 0.0000e+00
     56.000     8.5030    33.8133    26.2663 1.4897e-01     0.1293      0.016    1483.82     57.869     3.8057  38.342925 0.0000e+00
     57.000     8.5033    33.8140    26.2668 1.4706e-01     0.1293      0.016    1483.84     58.034     3.8165  38.342946 0.0000e+00
     58.000     8.5040    33.8180    26.2698 1.4843e-01     0.1292      0.016    1483.87     58.091     3.8201  38.342969 0.0000e+00
     59.000     8.5036    33.8198    26.2713 1.4770e-01     0.1293      0.016    1483.88     58.115     3.8216  38.342989 0.0000e+00
     60.000     8.5039    33.8215    26.2725 1.4811e-01     0.1292      0.016    1483.90     58.158     3.8244  38.343010 0.0000e+00
     61.000     8.5035    33.8247    26.2751 1.4738e-01     0.1292      0.016    1483.92     58.239     3.8297  38.343032 0.0000e+00
     62.000     8.5032    33.8262    26.2764 1.4794e-01     0.1293      0.016    1483.94     58.100     3.8205  38.343052 0.0000e+00
     63.000     8.5030    33.8288    26.2784 1.4731e-01     0.1294      0.016    1483.96     58.182     3.8259  38.343074 0.0000e+00
     64.000     8.5030    33.8318    26.2807 1.4787e-01     0.1294      0.016    1483.98     58.142     3.8232  38.343096 0.0000e+00
     65.000     8.5029    33.8331    26.2818 1.4738e-01     0.1293      0.016    1484.00     58.070     3.8184  38.343118 0.0000e+00
     66.000     8.5029    33.8329    26.2816 1.5136e-01     0.1294      0.016    1484.01     58.042     3.8166  38.343139 0.0000e+00
     67.000     8.5030    33.8337    26.2822 1.4783e-01     0.1295      0.016    1484.03     58.088     3.8196  38.343161 0.0000e+00
     68.000     8.5033    33.8340    26.2824 1.4879e-01     0.1293      0.017    1484.05     58.183     3.8258  38.343182 0.0000e+00
     69.000     8.5035    33.8338    26.2822 1.4759e-01     0.1294      0.016    1484.07     58.194     3.8265  38.343204 0.0000e+00
     70.000     8.5035    33.8334    26.2819 1.4758e-01     0.1292      0.016    1484.08     58.110     3.8210  38.343226 0.0000e+00
     71.000     8.5038    33.8333    26.2818 1.4819e-01     0.1294      0.016    1484.10     58.194     3.8265  38.343247 0.0000e+00
     72.000     8.5040    33.8332    26.2817 1.4842e-01     0.1294      0.016    1484.12     58.141     3.8230  38.343269 0.0000e+00
     73.000     8.5040    33.8334    26.2818 1.4881e-01     0.1294      0.016    1484.14     58.180     3.8255  38.343291 0.0000e+00
     74.000     8.5042    33.8335    26.2819 1.4791e-01     0.1295      0.016    1484.15     58.278     3.8320  38.343313 0.0000e+00
     75.000     8.5043    33.8334    26.2818 1.4811e-01     0.1294      0.016    1484.17     58.191     3.8262  38.343334 0.0000e+00
     76.000     8.5044    33.8334    26.2818 1.4704e-01     0.1295      0.017    1484.19     58.215     3.8278  38.343357 0.0000e+00
     77.000     8.5047    33.8332    26.2816 1.4944e-01     0.1294      0.016    1484.20     58.183     3.8257  38.343379 0.0000e+00
     78.000     8.5047    33.8334    26.2817 1.4737e-01     0.1294      0.016    1484.22     58.150     3.8235  38.343399 0.0000e+00
     79.000     8.5047    33.8342    26.2824 1.4991e-01     0.1295      0.016    1484.24     58.089     3.8195  38.343421 0.0000e+00
     80.000     8.5044    33.8361    26.2839 1.4837e-01     0.1295      0.016    1484.26     58.171     3.8249  38.343450 0.0000e+00
