RAWDATA/IO2019/20190207/Cj1_20190207_down.cnv
* Sea-Bird SBE 9 Data File:
* FileName = C:\CTD Brukere\NIVA\IO2019\20190207\Cj1_20190207.hex
* Software Version Seasave V 7.23.2
* Temperature SN = 5352
* Conductivity SN = 3840
* Number of Bytes Per Scan = 28
* Number of Voltage Words = 4
* Number of Scans Averaged by the Deck Unit = 1
* NMEA baud rate = 4800
** Ship: R/V Trygve Braarud
** Cruise:
** Station:
** Operator:
# nquan = 12
# nvalues = 2312                                  
# units = specified
# name 0 = depSM: Depth [salt water, m], lat = 59.60
# name 1 = t090C: Temperature [ITS-90, deg C]
# name 2 = sal00: Salinity, Practical [PSU]
# name 3 = sigma-t00: Density [sigma-t, kg/m^3 ]
# name 4 = flSP: Fluorescence, Seapoint
# name 5 = wetStar: Fluorescence, WET Labs WETstar [mg/m^3]
# name 6 = seaTurbMtr: Turbidity, Seapoint [FTU]
# name 7 = svCM: Sound Velocity [Chen-Millero, m/s]
# name 8 = sbeox0PS: Oxygen, SBE 43 [% saturation]
# name 9 = sbeox0ML/L: Oxygen, SBE 43 [ml/l]
# name 10 = timeJ: Julian Days
# name 11 = flag:  0.000e+00
# span 0 =      0.701,     52.441                 
# span 1 =     5.4104,     8.6406                 
# span 2 =    32.4491,    33.9036                 
# span 3 =    25.6019,    26.3305                 
# span 4 = 1.4652e-01, 4.6398e-01                 
# span 5 =     0.1273,     0.1310                 
# span 6 =      0.011,      0.018                 
# span 7 =    1469.18,    1484.08                 
# span 8 =     54.585,     58.246                 
# span 9 =     3.6035,     4.1487                 
# span 10 =  38.606644,  38.607758                
# span 11 = 0.0000e+00, 0.0000e+00                
# interval = seconds: 0.0416667
# start_time = Feb 07 2019 14:33:34 [System UpLoad Time]
# bad_flag = -9.990e-29
*END*
[from data line 1083]
     25.238     8.0284    33.1877    25.8465 1.5873e-01     0.1298      0.015    1480.75     55.791     3.7234  38.607166  0.000e+00
     25.281     8.0564    33.1923    25.8460 1.5873e-01     0.1298      0.015    1480.87     55.726     3.7166  38.607166  0.000e+00
     25.309     8.0708    33.1896    25.8418 1.5873e-01     0.1285      0.015    1480.92     55.785     3.7194  38.607167  0.000e+00
     25.322     8.0887    33.1905    25.8399 1.5873e-01     0.1298      0.015    1480.99     55.783     3.7177  38.607167  0.000e+00
     25.346     8.1115    33.1986    25.8429 1.5873e-01     0.1298      0.015    1481.08     55.788     3.7160  38.607168  0.000e+00
     25.377     8.1324    33.2040    25.8440 1.5873e-01     0.1285      0.015    1481.17     55.786     3.7140  38.607168  0.000e+00
     25.406     8.1514    33.2033    25.8407 1.5873e-01     0.1298      0.015    1481.24     55.785     3.7124  38.607169  0.000e+00
     25.418     8.1630    33.2053    25.8406 1.5873e-01     0.1285      0.015    1481.29     55.785     3.7113  38.607169  0.000e+00
     25.453     8.1703    33.2066    25.8404 1.5873e-01     0.1285      0.015    1481.32     55.785     3.7107  38.607170  0.000e+00
     25.484     8.1745    33.2086    25.8414 1.5873e-01     0.1285      0.015    1481.34     55.786     3.7103  38.607170  0.000e+00
     25.502     8.1810    33.2134    25.8442 1.5873e-01     0.1298      0.015    1481.37     55.786     3.7097  38.607171  0.000e+00
     25.513     8.1884    33.2173    25.8462 1.5873e-01     0.1298      0.015    1481.40     55.726     3.7050  38.607171  0.000e+00
     25.557     8.2020    33.2179    25.8446 1.5873e-01     0.1298      0.015    1481.45     55.781     3.7075  38.607172  0.000e+00
     25.573     8.2340    33.2006    25.8263 1.5873e-01     0.1285      0.015    1481.55     55.782     3.7053  38.607172  0.000e+00
     25.598     8.2475    33.1968    25.8213 1.5873e-01     0.1298      0.015    1481.60     55.722     3.7003  38.607173  0.000e+00
     25.617     8.2467    33.2087    25.8308 1.5873e-01     0.1298      0.018    1481.61     55.719     3.6999  38.607173  0.000e+00
     25.633     8.2491    33.2184    25.8381 1.5873e-01     0.1298      0.015    1481.63     55.776     3.7033  38.607174  0.000e+00
     25.669     8.2548    33.2236    25.8412 1.5873e-01     0.1298      0.015    1481.66     55.719     3.6989  38.607174  0.000e+00
     25.688     8.2627    33.2237    25.8401 1.5873e-01     0.1285      0.018    1481.69     55.716     3.6980  38.607174  0.000e+00
     25.718     8.2674    33.2228    25.8387 1.5873e-01     0.1298      0.018    1481.71     55.714     3.6975  38.607175  0.000e+00
     25.729     8.2680    33.2206    25.8369 1.5873e-01     0.1298      0.018    1481.71     55.712     3.6974  38.607175  0.000e+00
     25.753     8.2652    33.2074    25.8270 1.5873e-01     0.1298      0.015    1481.68     55.712     3.6979  38.607176  0.000e+00
     25.784     8.2482    33.1959    25.8205 1.5873e-01     0.1285      0.015    1481.60     55.713     3.6997  38.607176  0.000e+00
     25.813     8.2490    33.2015    25.8248 1.5873e-01     0.1298      0.015    1481.61     55.713     3.6995  38.607177  0.000e+00
     25.838     8.2541    33.2161    25.8355 1.5873e-01     0.1285      0.015    1481.65     55.714     3.6988  38.607177  0.000e+00
     25.868     8.2564    33.2283    25.8447 1.5873e-01     0.1298      0.015    1481.68     55.715     3.6984  38.607178  0.000e+00
     25.873     8.2703    33.2372    25.8496 1.5873e-01     0.1298      0.015    1481.74     55.717     3.6971  38.607178  0.000e+00
     25.898     8.2841    33.2342    25.8452 1.5873e-01     0.1285      0.015    1481.79     55.719     3.6962  38.607179  0.000e+00
     25.928     8.2831    33.2307    25.8426 1.5873e-01     0.1298      0.015    1481.78     55.723     3.6966  38.607179  0.000e+00
     25.945     8.2826    33.2326    25.8442 1.5873e-01     0.1285      0.018    1481.78     55.719     3.6963  38.607180  0.000e+00
     25.980     8.2851    33.2367    25.8471 1.5873e-01     0.1285      0.018    1481.80     55.716     3.6958  38.607180  0.000e+00
     26.011     8.2856    33.2460    25.8542 1.5873e-01     0.1298      0.015    1481.81     55.721     3.6959  38.607181  0.000e+00
     26.018     8.3000    33.2528    25.8574 1.5873e-01     0.1285      0.015    1481.87     55.718     3.6943  38.607181  0.000e+00
     26.040     8.3306    33.2520    25.8522 1.5873e-01     0.1298      0.015    1481.99     55.722     3.6921  38.607182  0.000e+00
     26.071     8.3559    33.2487    25.8458 1.5873e-01     0.1285      0.015    1482.08     55.719     3.6899  38.607182  0.000e+00
     26.089     8.3589    33.2354    25.8350 1.5873e-01     0.1298      0.018    1482.07     55.718     3.6899  38.607183  0.000e+00
     26.120     8.3405    33.2279    25.8319 1.5873e-01     0.1285      0.018    1482.00     55.726     3.6921  38.607183  0.000e+00
     26.136     8.3365    33.2403    25.8421 1.5873e-01     0.1298      0.015    1482.00     55.733     3.6926  38.607184  0.000e+00
     26.160     8.3491    33.2550    25.8518 1.5873e-01     0.1285      0.015    1482.06     55.733     3.6912  38.607184  0.000e+00
     26.191     8.3675    33.2605    25.8533 1.5873e-01     0.1298      0.015    1482.14     55.733     3.6895  38.607185  0.000e+00
     26.209     8.3781    33.2537    25.8464 1.5873e-01     0.1298      0.015    1482.17     55.733     3.6889  38.607185  0.000e+00
     26.245     8.3651    33.2410    25.8384 1.5873e-01     0.1285      0.015    1482.11     55.797     3.6944  38.607186  0.000e+00
     26.263     8.3343    33.2273    25.8323 1.5873e-01     0.1298      0.018    1481.97     55.745     3.6939  38.607186  0.000e+00
     26.292     8.3135    33.2337    25.8404 1.5873e-01     0.1285      0.015    1481.90     55.748     3.6957  38.607187  0.000e+00
     26.305     8.3249    33.2619    25.8608 1.5873e-01     0.1285      0.015    1481.98     55.749     3.6941  38.607187  0.000e+00
     26.358     8.3548    33.2807    25.8711 1.5873e-01     0.1298      0.015    1482.12     55.750     3.6913  38.607188  0.000e+00
     26.352     8.3822    33.2844    25.8698 1.5873e-01     0.1285      0.018    1482.23     55.751     3.6890  38.607188  0.000e+00
     26.396     8.4025    33.2805    25.8637 1.5873e-01     0.1298      0.015    1482.30     55.753     3.6875  38.607188  0.000e+00
     26.412     8.4134    33.2740    25.8570 1.5873e-01     0.1298      0.015    1482.33     55.756     3.6869  38.607189  0.000e+00
     26.436     8.4169    33.2661    25.8503 1.5873e-01     0.1285      0.018    1482.34     55.759     3.6870  38.607189  0.000e+00
     26.478     8.4154    33.2615    25.8469 1.5873e-01     0.1298      0.015    1482.33     55.755     3.6871  38.607190  0.000e+00
     26.485     8.4147    33.2641    25.8491 1.5873e-01     0.1285      0.015    1482.33     55.759     3.6873  38.607190  0.000e+00
     26.527     8.4171    33.2710    25.8541 1.5873e-01     0.1285      0.015    1482.34     55.824     3.6913  38.607191  0.000e+00
     26.556     8.4211    33.2784    25.8593 1.5873e-01     0.1298      0.015    1482.37     55.774     3.6874  38.607191  0.000e+00
     26.580     8.4284    33.2834    25.8621 1.5873e-01     0.1298      0.018    1482.40     55.839     3.6910  38.607192  0.000e+00
     26.587     8.4371    33.2866    25.8633 1.5873e-01     0.1298      0.018    1482.44     55.789     3.6869  38.607192  0.000e+00
     26.628     8.4433    33.2848    25.8610 1.5873e-01     0.1298      0.015    1482.46     55.793     3.6867  38.607193  0.000e+00
     26.647     8.4398    33.2795    25.8573 1.5873e-01     0.1298      0.015    1482.44     55.798     3.6874  38.607193  0.000e+00
     26.676     8.4321    33.2750    25.8549 1.5873e-01     0.1285      0.018    1482.41     55.865     3.6926  38.607194  0.000e+00
     26.688     8.4263    33.2738    25.8550 1.5873e-01     0.1298      0.015    1482.38     55.816     3.6899  38.607194  0.000e+00
     26.743     8.4221    33.2747    25.8563 1.5873e-01     0.1298      0.015    1482.37     55.876     3.6941  38.607195  0.000e+00
     26.748     8.4200    33.2766    25.8581 1.5873e-01     0.1298      0.015    1482.37     55.888     3.6951  38.607195  0.000e+00
     26.778     8.4223    33.2804    25.8607 1.5873e-01     0.1298      0.015    1482.38     55.839     3.6915  38.607196  0.000e+00
     26.796     8.4282    33.2793    25.8589 1.5873e-01     0.1285      0.018    1482.40     55.898     3.6950  38.607196  0.000e+00
     26.825     8.4292    33.2764    25.8565 1.5873e-01     0.1298      0.015    1482.40     55.903     3.6953  38.607197  0.000e+00
     26.843     8.4228    33.2672    25.8503 1.5873e-01     0.1285      0.015    1482.37     55.915     3.6969  38.607197  0.000e+00
     26.881     8.4039    33.2537    25.8425 1.5873e-01     0.1285      0.015    1482.28     55.921     3.6991  38.607198  0.000e+00
     26.898     8.3880    33.2529    25.8443 1.5873e-01     0.1298      0.018    1482.22     55.926     3.7008  38.607198  0.000e+00
     26.928     8.3900    33.2598    25.8494 1.5873e-01     0.1298      0.015    1482.24     55.930     3.7007  38.607199  0.000e+00
     26.945     8.3964    33.2729    25.8587 1.5873e-01     0.1298      0.018    1482.28     55.933     3.7001  38.607199  0.000e+00
     26.976     8.4070    33.2840    25.8658 1.5873e-01     0.1298      0.018    1482.33     55.936     3.6991  38.607200  0.000e+00
     27.005     8.4205    33.2863    25.8656 1.5873e-01     0.1298      0.015    1482.38     55.938     3.6981  38.607200  0.000e+00
     27.012     8.4264    33.2762    25.8568 1.5873e-01     0.1285      0.015    1482.39     55.941     3.6980  38.607201  0.000e+00
     27.061     8.4182    33.2766    25.8583 1.5873e-01     0.1285      0.015    1482.36     55.882     3.6949  38.607201  0.000e+00
     27.078     8.4162    33.2865    25.8664 1.5873e-01     0.1298      0.015    1482.37     55.939     3.6986  38.607201  0.000e+00
     27.096     8.4264    33.2910    25.8684 1.5873e-01     0.1298      0.015    1482.41     55.941     3.6977  38.607202  0.000e+00
     27.114     8.4356    33.2884    25.8650 1.5873e-01     0.1298      0.015    1482.44     55.942     3.6971  38.607202  0.000e+00
     27.143     8.4394    33.2834    25.8605 1.5873e-01     0.1298      0.015    1482.45     55.944     3.6970  38.607203  0.000e+00
     27.174     8.4406    33.2820    25.8592 1.5873e-01     0.1285      0.015    1482.46     55.945     3.6970  38.607203  0.000e+00
     27.179     8.4451    33.2817    25.8582 1.5873e-01     0.1298      0.015    1482.47     55.946     3.6967  38.607204  0.000e+00
     27.210     8.4468    33.2825    25.8587 1.5873e-01     0.1285      0.018    1482.48     55.946     3.6966  38.607204  0.000e+00
     27.239     8.4454    33.2891    25.8640 1.5873e-01     0.1285      0.015    1482.48     55.947     3.6966  38.607205  0.000e+00
     27.270     8.4472    33.2909    25.8652 1.5873e-01     0.1298      0.015    1482.49     55.947     3.6964  38.607205  0.000e+00
     27.276     8.4432    33.2879    25.8634 1.5873e-01     0.1298      0.018    1482.48     55.947     3.6968  38.607206  0.000e+00
     27.317     8.4365    33.2839    25.8613 1.5873e-01     0.1298      0.015    1482.45     55.947     3.6975  38.607206  0.000e+00
     27.336     8.4311    33.2834    25.8618 1.5873e-01     0.1298      0.015    1482.43     55.947     3.6979  38.607207  0.000e+00
     27.323     8.4276    33.2850    25.8635 1.5873e-01     0.1298      0.015    1482.41     55.946     3.6981  38.607207  0.000e+00
     27.413     8.4264    33.2883    25.8662 1.5873e-01     0.1298      0.015    1482.42     55.945     3.6980  38.607208  0.000e+00
     27.395     8.4287    33.2897    25.8671 1.5873e-01     0.1298      0.018    1482.43     55.943     3.6977  38.607208  0.000e+00
     27.437     8.4341    33.2928    25.8687 1.5873e-01     0.1298      0.015    1482.45     55.941     3.6970  38.607209  0.000e+00
     27.443     8.4436    33.2908    25.8656 1.5873e-01     0.1298      0.015    1482.48     55.945     3.6966  38.607209  0.000e+00
     27.473     8.4445    33.2778    25.8553 1.5873e-01     0.1298      0.015    1482.47     55.943     3.6967  38.607210  0.000e+00
     27.492     8.4347    33.2733    25.8533 1.5873e-01     0.1298      0.015    1482.43     55.941     3.6975  38.607210  0.000e+00
     27.521     8.4415    33.2794    25.8570 1.5873e-01     0.1285      0.015    1482.46     55.938     3.6966  38.607211  0.000e+00
     27.552     8.4526    33.2875    25.8617 1.5873e-01     0.1298      0.015    1482.51     55.935     3.6952  38.607211  0.000e+00
     27.568     8.4589    33.2947    25.8664 1.5873e-01     0.1298      0.015    1482.55     55.931     3.6943  38.607212  0.000e+00
     27.588     8.4634    33.2987    25.8688 1.5873e-01     0.1298      0.015    1482.57     55.927     3.6935  38.607212  0.000e+00
     27.628     8.4671    33.2977    25.8675 1.5873e-01     0.1285      0.018    1482.58     55.923     3.6930  38.607213  0.000e+00
     27.648     8.4692    33.2988    25.8680 1.5873e-01     0.1298      0.015    1482.59     55.857     3.6885  38.607213  0.000e+00
     27.653     8.4793    33.3102    25.8754 1.5873e-01     0.1298      0.015    1482.64     55.845     3.6866  38.607214  0.000e+00
     27.695     8.4956    33.3160    25.8775 1.5873e-01     0.1298      0.015    1482.71     55.833     3.6843  38.607214  0.000e+00
     27.724     8.5037    33.3098    25.8715 1.5873e-01     0.1298      0.015    1482.74     55.890     3.6875  38.607215  0.000e+00
     27.708     8.5037    33.3041    25.8669 1.5873e-01     0.1298      0.015    1482.73     55.825     3.6833  38.607215  0.000e+00
     27.797     8.5029    33.3014    25.8649 1.5873e-01     0.1298      0.015    1482.72     55.821     3.6832  38.607215  0.000e+00
     27.797     8.5019    33.3003    25.8642 1.5873e-01     0.1298      0.015    1482.72     55.810     3.6826  38.607216  0.000e+00
     27.828     8.4990    33.3002    25.8646 1.5873e-01     0.1285      0.018    1482.71     55.799     3.6821  38.607216  0.000e+00
     27.857     8.4964    33.3017    25.8662 1.5873e-01     0.1298      0.018    1482.70     55.789     3.6816  38.607217  0.000e+00
     27.875     8.4967    33.3038    25.8678 1.5873e-01     0.1285      0.015    1482.71     55.785     3.6813  38.607217  0.000e+00
     27.904     8.4978    33.3063    25.8695 1.5873e-01     0.1285      0.015    1482.71     55.774     3.6804  38.607218  0.000e+00
     27.911     8.4988    33.3055    25.8688 1.5873e-01     0.1298      0.018    1482.72     55.771     3.6801  38.607218  0.000e+00
     27.964     8.4956    33.3000    25.8649 1.5873e-01     0.1298      0.015    1482.70     55.768     3.6804  38.607219  0.000e+00
     27.971     8.4884    33.2913    25.8593 1.5873e-01     0.1298      0.015    1482.66     55.758     3.6805  38.607219  0.000e+00
     28.024     8.4768    33.2825    25.8541 1.5873e-01     0.1298      0.015    1482.61     55.756     3.6816  38.607220  0.000e+00
     28.044     8.4663    33.2860    25.8584 1.5873e-01     0.1298      0.015    1482.57     55.693     3.6782  38.607220  0.000e+00
     28.060     8.4634    33.2952    25.8661 1.5873e-01     0.1285      0.015    1482.57     55.684     3.6776  38.607221  0.000e+00
     28.104     8.4674    33.3000    25.8692 1.5873e-01     0.1298      0.015    1482.59     55.676     3.6766  38.607221  0.000e+00
     28.120     8.4715    33.3019    25.8701 1.5873e-01     0.1298      0.015    1482.61     55.668     3.6757  38.607222  0.000e+00
     28.144     8.4740    33.3054    25.8725 1.5873e-01     0.1298      0.015    1482.63     55.661     3.6749  38.607222  0.000e+00
     28.175     8.4808    33.3115    25.8763 1.5873e-01     0.1298      0.015    1482.66     55.654     3.6738  38.607223  0.000e+00
     28.204     8.4869    33.3147    25.8778 1.5873e-01     0.1298      0.015    1482.69     55.648     3.6728  38.607223  0.000e+00
