RAWDATA/IO2019/20190207/Cj1_20190207.cnv
* Sea-Bird SBE 9 Data File:
* FileName = C:\CTD Brukere\NIVA\IO2019\20190207\Cj1_20190207.hex
* Software Version Seasave V 7.23.2
* Temperature SN = 5352
* Conductivity SN = 3840
* Number of Bytes Per Scan = 28
* Number of Voltage Words = 4
* Number of Scans Averaged by the Deck Unit = 1
* NMEA baud rate = 4800
** Ship: R/V Trygve Braarud
** Cruise:
** Station:
** Operator:
# nquan = 12
# nvalues = 4067                                  
# units = specified
# name 0 = depSM: Depth [salt water, m], lat = 59.60
# name 1 = t090C: Temperature [ITS-90, deg C]
# name 2 = sal00: Salinity, Practical [PSU]
# name 3 = sigma-t00: Density [sigma-t, kg/m^3 ]
# name 4 = flSP: Fluorescence, Seapoint
# name 5 = wetStar: Fluorescence, WET Labs WETstar [mg/m^3]
# name 6 = seaTurbMtr: Turbidity, Seapoint [FTU]
# name 7 = svCM: Sound Velocity [Chen-Millero, m/s]
# name 8 = sbeox0PS: Oxygen, SBE 43 [% saturation]
# name 9 = sbeox0ML/L: Oxygen, SBE 43 [ml/l]
# name 10 = timeJ: Julian Days
# name 11 = flag:  0.000e+00
# span 0 =      0.524,     52.441                 
# span 1 =     5.4104,     8.6678                 
# span 2 =    32.4491,    33.9065                 
# span 3 =    25.5967,    26.3336                 
# span 4 = 1.4652e-01, 4.6398e-01                 
# span 5 =     0.1261,     0.1310                 
# span 6 =      0.000,      0.018                 
# span 7 =    1469.18,    1484.08                 
# span 8 =     54.069,     58.246                 
# span 9 =     3.6035,     4.1487                 
# span 10 =  38.606644,  38.608604                
# span 11 = 0.0000e+00, 0.0000e+00                
# interval = seconds: 0.0416667
# start_time = Feb 07 2019 14:33:34 [System UpLoad Time]
# bad_flag = -9.990e-29
*END*
[from data line 2647]
     46.630     8.5780    33.8510    26.2843 1.4652e-01     0.1298      0.015    1483.99     57.150     3.7512  38.607920  0.000e+00
     46.605     8.5773    33.8530    26.2860 1.4652e-01     0.1298      0.015    1483.99     57.156     3.7516  38.607921  0.000e+00
     46.584     8.5765    33.8545    26.2872 1.4652e-01     0.1298      0.015    1483.99     57.162     3.7520  38.607921  0.000e+00
     46.557     8.5762    33.8549    26.2877 1.4652e-01     0.1298      0.015    1483.99     57.167     3.7524  38.607921  0.000e+00
     46.501     8.5761    33.8547    26.2875 1.4652e-01     0.1298      0.015    1483.99     57.171     3.7527  38.607922  0.000e+00
     46.496     8.5764    33.8541    26.2870 1.4652e-01     0.1298      0.015    1483.99     57.175     3.7529  38.607922  0.000e+00
     46.449     8.5765    33.8539    26.2868 1.4652e-01     0.1298      0.015    1483.99     57.178     3.7531  38.607923  0.000e+00
     46.453     8.5763    33.8544    26.2872 1.4652e-01     0.1298      0.015    1483.99     57.181     3.7533  38.607923  0.000e+00
     46.401     8.5764    33.8536    26.2866 1.4652e-01     0.1298      0.015    1483.99     57.183     3.7535  38.607924  0.000e+00
     46.357     8.5768    33.8531    26.2861 1.4652e-01     0.1298      0.015    1483.99     57.185     3.7535  38.607924  0.000e+00
     46.329     8.5772    33.8524    26.2856 1.4652e-01     0.1298      0.015    1483.99     57.186     3.7536  38.607925  0.000e+00
     46.305     8.5772    33.8526    26.2857 1.4652e-01     0.1298      0.015    1483.99     57.186     3.7536  38.607925  0.000e+00
     46.272     8.5773    33.8534    26.2863 1.4652e-01     0.1298      0.018    1483.99     57.186     3.7535  38.607926  0.000e+00
     46.245     8.5767    33.8547    26.2874 1.4652e-01     0.1298      0.015    1483.99     57.185     3.7535  38.607926  0.000e+00
     46.201     8.5762    33.8554    26.2880 1.4652e-01     0.1298      0.018    1483.99     57.184     3.7534  38.607927  0.000e+00
     46.172     8.5763    33.8543    26.2871 1.4652e-01     0.1298      0.015    1483.99     57.182     3.7533  38.607927  0.000e+00
     46.136     8.5770    33.8525    26.2856 1.4652e-01     0.1298      0.015    1483.99     57.179     3.7531  38.607928  0.000e+00
     46.116     8.5775    33.8520    26.2852 1.4652e-01     0.1298      0.015    1483.99     57.237     3.7569  38.607928  0.000e+00
     46.100     8.5777    33.8524    26.2855 1.4652e-01     0.1298      0.015    1483.99     57.240     3.7571  38.607929  0.000e+00
     46.029     8.5782    33.8520    26.2850 1.4652e-01     0.1298      0.015    1483.99     57.242     3.7572  38.607929  0.000e+00
     46.007     8.5782    33.8521    26.2851 1.4652e-01     0.1285      0.015    1483.99     57.251     3.7578  38.607930  0.000e+00
     46.004     8.5781    33.8521    26.2851 1.5873e-01     0.1298      0.015    1483.99     57.252     3.7578  38.607930  0.000e+00
     45.955     8.5780    33.8523    26.2853 1.4652e-01     0.1298      0.015    1483.99     57.251     3.7578  38.607931  0.000e+00
     45.912     8.5778    33.8524    26.2854 1.4652e-01     0.1298      0.018    1483.98     57.250     3.7578  38.607931  0.000e+00
     45.884     8.5777    33.8524    26.2854 1.4652e-01     0.1298      0.015    1483.98     57.248     3.7576  38.607932  0.000e+00
     45.860     8.5775    33.8531    26.2860 1.5873e-01     0.1298      0.015    1483.98     57.245     3.7574  38.607932  0.000e+00
     45.827     8.5773    33.8535    26.2863 1.4652e-01     0.1298      0.015    1483.98     57.303     3.7612  38.607933  0.000e+00
     45.775     8.5776    33.8532    26.2861 1.4652e-01     0.1298      0.015    1483.98     57.244     3.7573  38.607933  0.000e+00
     45.764     8.5773    33.8530    26.2859 1.4652e-01     0.1298      0.015    1483.98     57.238     3.7570  38.607934  0.000e+00
     45.731     8.5777    33.8517    26.2849 1.4652e-01     0.1298      0.018    1483.98     57.239     3.7570  38.607934  0.000e+00
     45.704     8.5795    33.8482    26.2819 1.4652e-01     0.1298      0.015    1483.98     57.300     3.7610  38.607935  0.000e+00
     45.644     8.5810    33.8440    26.2783 1.4652e-01     0.1298      0.015    1483.98     57.306     3.7613  38.607935  0.000e+00
     45.660     8.5832    33.8404    26.2752 1.4652e-01     0.1298      0.015    1483.99     57.312     3.7616  38.607935  0.000e+00
     45.619     8.5839    33.8397    26.2745 1.4652e-01     0.1298      0.015    1483.99     57.316     3.7619  38.607936  0.000e+00
     45.608     8.5839    33.8405    26.2752 1.4652e-01     0.1298      0.015    1483.99     57.320     3.7621  38.607936  0.000e+00
     45.564     8.5836    33.8413    26.2758 1.4652e-01     0.1298      0.015    1483.99     57.322     3.7623  38.607937  0.000e+00
     45.510     8.5833    33.8414    26.2760 1.4652e-01     0.1298      0.015    1483.98     57.324     3.7624  38.607937  0.000e+00
     45.488     8.5830    33.8413    26.2759 1.4652e-01     0.1298      0.015    1483.98     57.325     3.7625  38.607938  0.000e+00
     45.463     8.5832    33.8404    26.2752 1.4652e-01     0.1298      0.015    1483.98     57.386     3.7665  38.607938  0.000e+00
     45.419     8.5832    33.8400    26.2749 1.4652e-01     0.1298      0.015    1483.98     57.392     3.7669  38.607939  0.000e+00
     45.403     8.5825    33.8408    26.2756 1.4652e-01     0.1298      0.015    1483.98     57.336     3.7633  38.607939  0.000e+00
     45.379     8.5825    33.8410    26.2757 1.4652e-01     0.1298      0.015    1483.98     57.333     3.7630  38.607940  0.000e+00
     45.335     8.5827    33.8410    26.2758 1.5873e-01     0.1298      0.018    1483.98     57.390     3.7668  38.607940  0.000e+00
     45.307     8.5823    33.8422    26.2768 1.4652e-01     0.1298      0.015    1483.98     57.399     3.7674  38.607941  0.000e+00
     45.270     8.5821    33.8425    26.2770 1.4652e-01     0.1298      0.015    1483.98     57.407     3.7679  38.607941  0.000e+00
     45.234     8.5820    33.8420    26.2766 1.4652e-01     0.1298      0.018    1483.98     57.415     3.7684  38.607942  0.000e+00
     45.203     8.5817    33.8426    26.2771 1.4652e-01     0.1298      0.015    1483.97     57.414     3.7684  38.607942  0.000e+00
     45.187     8.5812    33.8446    26.2788 1.4652e-01     0.1298      0.018    1483.98     57.474     3.7723  38.607943  0.000e+00
     45.150     8.5804    33.8460    26.2800 1.4652e-01     0.1298      0.015    1483.97     57.477     3.7726  38.607943  0.000e+00
     45.119     8.5800    33.8465    26.2805 1.4652e-01     0.1310      0.015    1483.97     57.487     3.7732  38.607944  0.000e+00
     45.090     8.5801    33.8456    26.2798 1.4652e-01     0.1298      0.015    1483.97     57.495     3.7738  38.607944  0.000e+00
     45.067     8.5805    33.8452    26.2794 1.4652e-01     0.1298      0.015    1483.97     57.502     3.7742  38.607945  0.000e+00
     45.018     8.5809    33.8444    26.2787 1.4652e-01     0.1298      0.018    1483.97     57.508     3.7746  38.607945  0.000e+00
     44.987     8.5805    33.8447    26.2790 1.4652e-01     0.1298      0.015    1483.97     57.512     3.7749  38.607946  0.000e+00
     44.969     8.5807    33.8440    26.2784 1.4652e-01     0.1298      0.015    1483.97     57.516     3.7752  38.607946  0.000e+00
     44.934     8.5808    33.8440    26.2784 1.4652e-01     0.1298      0.015    1483.97     57.518     3.7753  38.607947  0.000e+00
     44.898     8.5810    33.8426    26.2773 1.4652e-01     0.1298      0.015    1483.97     57.520     3.7754  38.607947  0.000e+00
     44.862     8.5814    33.8419    26.2766 1.4652e-01     0.1298      0.015    1483.97     57.520     3.7754  38.607948  0.000e+00
     44.831     8.5812    33.8426    26.2772 1.4652e-01     0.1298      0.018    1483.97     57.580     3.7794  38.607948  0.000e+00
     44.789     8.5810    33.8432    26.2777 1.4652e-01     0.1298      0.015    1483.97     57.523     3.7756  38.607948  0.000e+00
     44.753     8.5809    33.8436    26.2781 1.4652e-01     0.1298      0.015    1483.97     57.519     3.7754  38.607949  0.000e+00
     44.729     8.5812    33.8427    26.2773 1.4652e-01     0.1298      0.015    1483.97     57.514     3.7750  38.607949  0.000e+00
     44.675     8.5815    33.8416    26.2764 1.4652e-01     0.1298      0.015    1483.96     57.508     3.7746  38.607950  0.000e+00
     44.658     8.5819    33.8409    26.2758 1.4652e-01     0.1298      0.015    1483.96     57.562     3.7782  38.607950  0.000e+00
     44.609     8.5823    33.8394    26.2746 1.4652e-01     0.1310      0.015    1483.96     57.560     3.7781  38.607951  0.000e+00
     44.586     8.5823    33.8391    26.2743 1.4652e-01     0.1298      0.015    1483.96     57.557     3.7779  38.607951  0.000e+00
     44.537     8.5827    33.8387    26.2740 1.4652e-01     0.1310      0.015    1483.96     57.560     3.7780  38.607952  0.000e+00
     44.506     8.5827    33.8388    26.2740 1.4652e-01     0.1298      0.015    1483.96     57.500     3.7741  38.607952  0.000e+00
     44.477     8.5827    33.8388    26.2740 1.4652e-01     0.1298      0.015    1483.96     57.555     3.7777  38.607953  0.000e+00
     44.441     8.5825    33.8392    26.2743 1.4652e-01     0.1298      0.015    1483.96     57.554     3.7777  38.607953  0.000e+00
     44.406     8.5820    33.8398    26.2749 1.4652e-01     0.1298      0.015    1483.96     57.553     3.7776  38.607954  0.000e+00
     44.357     8.5821    33.8395    26.2747 1.4652e-01     0.1298      0.015    1483.96     57.550     3.7774  38.607954  0.000e+00
     44.326     8.5820    33.8398    26.2749 1.4652e-01     0.1298      0.018    1483.96     57.546     3.7771  38.607955  0.000e+00
     44.286     8.5819    33.8405    26.2755 1.4652e-01     0.1298      0.015    1483.96     57.540     3.7768  38.607955  0.000e+00
     44.237     8.5814    33.8416    26.2764 1.4652e-01     0.1298      0.015    1483.96     57.534     3.7763  38.607956  0.000e+00
     44.212     8.5812    33.8421    26.2768 1.4652e-01     0.1298      0.015    1483.96     57.534     3.7763  38.607956  0.000e+00
     44.177     8.5817    33.8411    26.2760 1.4652e-01     0.1298      0.015    1483.96     57.525     3.7758  38.607957  0.000e+00
     44.141     8.5821    33.8401    26.2751 1.4652e-01     0.1298      0.015    1483.96     57.577     3.7792  38.607957  0.000e+00
     44.110     8.5820    33.8400    26.2751 1.4652e-01     0.1298      0.015    1483.95     57.573     3.7789  38.607958  0.000e+00
     44.081     8.5823    33.8391    26.2743 1.4652e-01     0.1298      0.018    1483.95     57.575     3.7790  38.607958  0.000e+00
     44.032     8.5835    33.8371    26.2726 1.4652e-01     0.1298      0.015    1483.96     57.575     3.7790  38.607959  0.000e+00
     43.996     8.5846    33.8353    26.2710 1.4652e-01     0.1298      0.015    1483.96     57.575     3.7789  38.607959  0.000e+00
     43.972     8.5864    33.8332    26.2691 1.4652e-01     0.1298      0.015    1483.96     57.573     3.7787  38.607960  0.000e+00
     43.925     8.5883    33.8318    26.2677 1.4652e-01     0.1298      0.015    1483.97     57.570     3.7784  38.607960  0.000e+00
     43.888     8.5915    33.8292    26.2651 1.4652e-01     0.1298      0.015    1483.97     57.566     3.7779  38.607961  0.000e+00
     43.870     8.5942    33.8264    26.2625 1.4652e-01     0.1298      0.015    1483.98     57.560     3.7774  38.607961  0.000e+00
     43.828     8.5964    33.8240    26.2603 1.4652e-01     0.1298      0.015    1483.98     57.554     3.7768  38.607962  0.000e+00
     43.780     8.5975    33.8224    26.2588 1.4652e-01     0.1298      0.015    1483.99     57.553     3.7767  38.607962  0.000e+00
     43.756     8.5986    33.8210    26.2576 1.4652e-01     0.1298      0.015    1483.99     57.552     3.7766  38.607962  0.000e+00
     43.720     8.5990    33.8210    26.2576 1.4652e-01     0.1298      0.015    1483.99     57.543     3.7759  38.607963  0.000e+00
     43.672     8.5989    33.8210    26.2576 1.4652e-01     0.1298      0.015    1483.99     57.532     3.7753  38.607963  0.000e+00
     43.647     8.5978    33.8222    26.2587 1.4652e-01     0.1298      0.015    1483.98     57.528     3.7750  38.607964  0.000e+00
     43.611     8.5966    33.8232    26.2597 1.4652e-01     0.1298      0.015    1483.98     57.584     3.7788  38.607964  0.000e+00
     43.569     8.5954    33.8248    26.2611 1.4652e-01     0.1298      0.015    1483.98     57.585     3.7789  38.607965  0.000e+00
     43.540     8.5942    33.8253    26.2616 1.4652e-01     0.1298      0.015    1483.97     57.523     3.7749  38.607965  0.000e+00
     43.504     8.5949    33.8245    26.2609 1.4652e-01     0.1298      0.015    1483.97     57.576     3.7784  38.607966  0.000e+00
     43.480     8.5957    33.8230    26.2596 1.4652e-01     0.1298      0.015    1483.97     57.581     3.7787  38.607966  0.000e+00
     43.456     8.5962    33.8224    26.2590 1.5873e-01     0.1298      0.015    1483.97     57.585     3.7789  38.607967  0.000e+00
     43.407     8.5970    33.8216    26.2583 1.5873e-01     0.1298      0.015    1483.98     57.587     3.7790  38.607967  0.000e+00
     43.395     8.5973    33.8207    26.2576 1.4652e-01     0.1298      0.015    1483.98     57.590     3.7792  38.607968  0.000e+00
     43.347     8.5983    33.8187    26.2559 1.4652e-01     0.1298      0.015    1483.98     57.591     3.7792  38.607968  0.000e+00
     43.324     8.5993    33.8171    26.2544 1.4652e-01     0.1298      0.015    1483.98     57.591     3.7792  38.607969  0.000e+00
     43.287     8.6005    33.8151    26.2527 1.4652e-01     0.1298      0.015    1483.98     57.590     3.7791  38.607969  0.000e+00
     43.275     8.6006    33.8150    26.2526 1.4652e-01     0.1298      0.015    1483.98     57.589     3.7790  38.607970  0.000e+00
     43.204     8.6009    33.8138    26.2517 1.4652e-01     0.1298      0.015    1483.98     57.587     3.7788  38.607970  0.000e+00
     43.222     8.6014    33.8132    26.2511 1.4652e-01     0.1298      0.015    1483.98     57.645     3.7826  38.607971  0.000e+00
     43.155     8.6015    33.8133    26.2511 1.4652e-01     0.1298      0.015    1483.98     57.586     3.7788  38.607971  0.000e+00
     43.144     8.6011    33.8144    26.2521 1.4652e-01     0.1298      0.015    1483.98     57.650     3.7830  38.607972  0.000e+00
     43.095     8.5999    33.8166    26.2540 1.4652e-01     0.1298      0.015    1483.98     57.589     3.7790  38.607972  0.000e+00
     43.131     8.5987    33.8173    26.2547 1.4652e-01     0.1298      0.015    1483.97     57.644     3.7827  38.607973  0.000e+00
     43.035     8.5993    33.8147    26.2525 1.4652e-01     0.1298      0.015    1483.97     57.643     3.7826  38.607973  0.000e+00
     43.011     8.6007    33.8120    26.2502 1.4652e-01     0.1298      0.015    1483.97     57.640     3.7824  38.607974  0.000e+00
     42.975     8.6016    33.8099    26.2484 1.5873e-01     0.1298      0.018    1483.97     57.644     3.7826  38.607974  0.000e+00
     42.975     8.6027    33.8085    26.2472 1.4652e-01     0.1298      0.015    1483.97     57.647     3.7828  38.607975  0.000e+00
     42.903     8.6034    33.8074    26.2462 1.5873e-01     0.1298      0.015    1483.97     57.588     3.7789  38.607975  0.000e+00
     42.903     8.6037    33.8070    26.2459 1.4652e-01     0.1298      0.015    1483.97     57.644     3.7825  38.607976  0.000e+00
     42.868     8.6034    33.8075    26.2463 1.4652e-01     0.1298      0.015    1483.97     57.637     3.7821  38.607976  0.000e+00
     42.855     8.6033    33.8069    26.2458 1.4652e-01     0.1285      0.015    1483.97     57.637     3.7821  38.607976  0.000e+00
     42.808     8.6037    33.8056    26.2447 1.4652e-01     0.1298      0.015    1483.97     57.635     3.7820  38.607977  0.000e+00
