RAWDATA/IO2019/20190207/Cj1_20190207.cnv
* Sea-Bird SBE 9 Data File:
* FileName = C:\CTD Brukere\NIVA\IO2019\20190207\Cj1_20190207.hex
* Software Version Seasave V 7.23.2
* Temperature SN = 5352
* Conductivity SN = 3840
* Number of Bytes Per Scan = 28
* Number of Voltage Words = 4
* Number of Scans Averaged by the Deck Unit = 1
* NMEA baud rate = 4800
** Ship: R/V Trygve Braarud
** Cruise:
** Station:
** Operator:
# nquan = 12
# nvalues = 4067                                  
# units = specified
# name 0 = depSM: Depth [salt water, m], lat = 59.60
# name 1 = t090C: Temperature [ITS-90, deg C]
# name 2 = sal00: Salinity, Practical [PSU]
# name 3 = sigma-t00: Density [sigma-t, kg/m^3 ]
# name 4 = flSP: Fluorescence, Seapoint
# name 5 = wetStar: Fluorescence, WET Labs WETstar [mg/m^3]
# name 6 = seaTurbMtr: Turbidity, Seapoint [FTU]
# name 7 = svCM: Sound Velocity [Chen-Millero, m/s]
# name 8 = sbeox0PS: Oxygen, SBE 43 [% saturation]
# name 9 = sbeox0ML/L: Oxygen, SBE 43 [ml/l]
# name 10 = timeJ: Julian Days
# name 11 = flag:  0.000e+00
# span 0 =      0.524,     52.441                 
# span 1 =     5.4104,     8.6678                 
# span 2 =    32.4491,    33.9065                 
# span 3 =    25.5967,    26.3336                 
# span 4 = 1.4652e-01, 4.6398e-01                 
# span 5 =     0.1261,     0.1310                 
# span 6 =      0.000,      0.018                 
# span 7 =    1469.18,    1484.08                 
# span 8 =     54.069,     58.246                 
# span 9 =     3.6035,     4.1487                 
# span 10 =  38.606644,  38.608604                
# span 11 = 0.0000e+00, 0.0000e+00                
# interval = seconds: 0.0416667
# start_time = Feb 07 2019 14:33:34 [System UpLoad Time]
# bad_flag = -9.990e-29
*END*
[from data line 482]
      9.859     6.3644    32.6590    25.6578 2.5641e-01     0.1298      0.015    1473.40     57.639     4.0102  38.606876  0.000e+00
      9.895     6.3750    32.6492    25.6487 2.4420e-01     0.1298      0.015    1473.43     57.641     4.0096  38.606876  0.000e+00
      9.919     6.3893    32.6502    25.6477 2.4420e-01     0.1298      0.015    1473.49     57.644     4.0084  38.606877  0.000e+00
      9.913     6.4000    32.6543    25.6495 2.4420e-01     0.1285      0.015    1473.53     57.646     4.0075  38.606877  0.000e+00
      9.968     6.4067    32.6569    25.6507 2.4420e-01     0.1285      0.015    1473.56     57.650     4.0071  38.606878  0.000e+00
      9.979     6.4105    32.6582    25.6513 2.4420e-01     0.1285      0.015    1473.58     57.662     4.0075  38.606878  0.000e+00
      9.985     6.4149    32.6587    25.6511 2.4420e-01     0.1285      0.015    1473.60     57.666     4.0074  38.606879  0.000e+00
     10.039     6.4174    32.6617    25.6532 2.4420e-01     0.1298      0.015    1473.61     57.672     4.0075  38.606879  0.000e+00
     10.050     6.4177    32.6644    25.6552 2.4420e-01     0.1285      0.015    1473.62     57.615     4.0034  38.606880  0.000e+00
     10.075     6.4201    32.6633    25.6541 2.4420e-01     0.1285      0.015    1473.63     57.676     4.0074  38.606880  0.000e+00
     10.092     6.4234    32.6624    25.6529 2.4420e-01     0.1285      0.015    1473.64     57.682     4.0076  38.606881  0.000e+00
     10.123     6.4266    32.6622    25.6524 2.5641e-01     0.1285      0.015    1473.65     57.681     4.0072  38.606881  0.000e+00
     10.134     6.4317    32.6617    25.6513 2.5641e-01     0.1285      0.015    1473.67     57.687     4.0072  38.606882  0.000e+00
     10.159     6.4390    32.6624    25.6509 2.5641e-01     0.1298      0.015    1473.70     57.694     4.0070  38.606882  0.000e+00
     10.188     6.4446    32.6655    25.6527 2.5641e-01     0.1298      0.015    1473.73     57.701     4.0068  38.606883  0.000e+00
     10.206     6.4472    32.6672    25.6537 2.5641e-01     0.1298      0.015    1473.74     57.708     4.0071  38.606883  0.000e+00
     10.241     6.4487    32.6675    25.6538 2.5641e-01     0.1285      0.015    1473.75     57.716     4.0075  38.606884  0.000e+00
     10.266     6.4526    32.6666    25.6526 2.5641e-01     0.1285      0.015    1473.76     57.725     4.0077  38.606884  0.000e+00
     10.283     6.4565    32.6672    25.6525 2.4420e-01     0.1285      0.015    1473.78     57.663     4.0031  38.606885  0.000e+00
     10.301     6.4607    32.6673    25.6520 2.4420e-01     0.1298      0.015    1473.80     57.718     4.0065  38.606885  0.000e+00
     10.337     6.4654    32.6678    25.6518 2.4420e-01     0.1298      0.015    1473.82     57.719     4.0061  38.606886  0.000e+00
     10.350     6.4688    32.6689    25.6523 2.4420e-01     0.1298      0.015    1473.83     57.658     4.0015  38.606886  0.000e+00
     10.386     6.4716    32.6703    25.6531 2.4420e-01     0.1298      0.015    1473.84     57.713     4.0051  38.606887  0.000e+00
     10.415     6.4737    32.6709    25.6532 2.4420e-01     0.1298      0.015    1473.85     57.653     4.0007  38.606887  0.000e+00
     10.432     6.4747    32.6716    25.6536 2.4420e-01     0.1298      0.015    1473.86     57.647     4.0001  38.606888  0.000e+00
     10.457     6.4760    32.6718    25.6536 2.4420e-01     0.1298      0.015    1473.87     57.641     3.9996  38.606888  0.000e+00
     10.505     6.4777    32.6725    25.6540 2.4420e-01     0.1285      0.015    1473.87     57.636     3.9991  38.606889  0.000e+00
     10.523     6.4784    32.6735    25.6547 2.4420e-01     0.1285      0.015    1473.88     57.631     3.9986  38.606889  0.000e+00
     10.552     6.4777    32.6740    25.6552 2.4420e-01     0.1285      0.015    1473.88     57.626     3.9984  38.606889  0.000e+00
     10.577     6.4763    32.6746    25.6558 2.4420e-01     0.1298      0.015    1473.87     57.622     3.9982  38.606890  0.000e+00
     10.612     6.4747    32.6749    25.6563 2.4420e-01     0.1285      0.015    1473.87     57.618     3.9981  38.606890  0.000e+00
     10.612     6.4731    32.6749    25.6564 2.4420e-01     0.1298      0.015    1473.86     57.614     3.9980  38.606891  0.000e+00
     10.666     6.4721    32.6747    25.6564 2.5641e-01     0.1298      0.015    1473.86     57.611     3.9979  38.606891  0.000e+00
     10.696     6.4714    32.6743    25.6562 2.5641e-01     0.1298      0.015    1473.85     57.609     3.9977  38.606892  0.000e+00
     10.696     6.4706    32.6751    25.6569 2.4420e-01     0.1285      0.015    1473.85     57.606     3.9976  38.606892  0.000e+00
     10.743     6.4690    32.6757    25.6576 2.4420e-01     0.1285      0.015    1473.85     57.604     3.9976  38.606893  0.000e+00
     10.768     6.4661    32.6761    25.6583 2.4420e-01     0.1298      0.015    1473.84     57.602     3.9977  38.606893  0.000e+00
     10.803     6.4623    32.6760    25.6587 2.4420e-01     0.1298      0.015    1473.82     57.538     3.9937  38.606894  0.000e+00
     10.810     6.4602    32.6750    25.6582 2.4420e-01     0.1285      0.015    1473.81     57.530     3.9933  38.606894  0.000e+00
     10.852     6.4587    32.6746    25.6581 2.4420e-01     0.1298      0.015    1473.81     57.522     3.9929  38.606895  0.000e+00
     10.875     6.4561    32.6739    25.6579 2.4420e-01     0.1298      0.015    1473.80     57.515     3.9926  38.606895  0.000e+00
     10.899     6.4548    32.6723    25.6567 2.4420e-01     0.1285      0.015    1473.79     57.508     3.9923  38.606896  0.000e+00
     10.923     6.4542    32.6727    25.6571 2.4420e-01     0.1285      0.015    1473.79     57.502     3.9919  38.606896  0.000e+00
     10.965     6.4539    32.6741    25.6583 2.4420e-01     0.1298      0.015    1473.79     57.488     3.9910  38.606897  0.000e+00
     10.970     6.4519    32.6748    25.6591 2.4420e-01     0.1285      0.015    1473.78     57.483     3.9908  38.606897  0.000e+00
     11.019     6.4497    32.6745    25.6591 2.4420e-01     0.1298      0.015    1473.77     57.479     3.9907  38.606898  0.000e+00
     11.019     6.4472    32.6738    25.6589 2.4420e-01     0.1285      0.015    1473.76     57.475     3.9907  38.606898  0.000e+00
     11.054     6.4443    32.6734    25.6590 2.5641e-01     0.1298      0.015    1473.75     57.410     3.9865  38.606899  0.000e+00
     11.103     6.4416    32.6728    25.6588 2.4420e-01     0.1298      0.015    1473.74     57.400     3.9860  38.606899  0.000e+00
     11.103     6.4394    32.6725    25.6589 2.4420e-01     0.1285      0.015    1473.73     57.453     3.9899  38.606900  0.000e+00
     11.145     6.4369    32.6726    25.6593 2.4420e-01     0.1285      0.015    1473.72     57.452     3.9901  38.606900  0.000e+00
     11.163     6.4355    32.6727    25.6595 2.4420e-01     0.1285      0.015    1473.72     57.390     3.9860  38.606901  0.000e+00
     11.186     6.4330    32.6728    25.6599 2.4420e-01     0.1285      0.015    1473.71     57.384     3.9857  38.606901  0.000e+00
     11.210     6.4307    32.6723    25.6598 2.4420e-01     0.1285      0.015    1473.70     57.378     3.9855  38.606902  0.000e+00
     11.234     6.4313    32.6716    25.6592 2.4420e-01     0.1285      0.015    1473.70     57.373     3.9852  38.606902  0.000e+00
     11.270     6.4330    32.6721    25.6594 2.4420e-01     0.1298      0.015    1473.71     57.431     3.9890  38.606902  0.000e+00
     11.281     6.4326    32.6734    25.6605 2.4420e-01     0.1298      0.015    1473.71     57.311     3.9807  38.606903  0.000e+00
     11.325     6.4298    32.6734    25.6608 2.4420e-01     0.1298      0.015    1473.70     57.356     3.9841  38.606903  0.000e+00
     11.341     6.4252    32.6722    25.6604 2.4420e-01     0.1285      0.015    1473.68     57.355     3.9844  38.606904  0.000e+00
     11.365     6.4236    32.6691    25.6582 2.3199e-01     0.1298      0.015    1473.67     57.292     3.9803  38.606904  0.000e+00
     11.390     6.4230    32.6685    25.6578 2.4420e-01     0.1285      0.015    1473.67     57.285     3.9799  38.606905  0.000e+00
     11.414     6.4201    32.6704    25.6597 2.4420e-01     0.1285      0.015    1473.66     57.280     3.9798  38.606905  0.000e+00
     11.450     6.4217    32.6679    25.6575 2.4420e-01     0.1285      0.015    1473.66     57.276     3.9794  38.606906  0.000e+00
     11.461     6.4323    32.6639    25.6530 2.4420e-01     0.1285      0.015    1473.70     57.272     3.9782  38.606906  0.000e+00
     11.485     6.4411    32.6670    25.6543 2.3199e-01     0.1285      0.015    1473.74     57.269     3.9772  38.606907  0.000e+00
     11.527     6.4448    32.6724    25.6581 2.4420e-01     0.1285      0.015    1473.76     57.207     3.9723  38.606907  0.000e+00
     11.545     6.4513    32.6723    25.6572 2.4420e-01     0.1285      0.015    1473.79     57.262     3.9756  38.606908  0.000e+00
     11.568     6.4634    32.6703    25.6541 2.4420e-01     0.1298      0.015    1473.83     57.193     3.9697  38.606908  0.000e+00
     11.592     6.4793    32.6720    25.6534 2.4420e-01     0.1285      0.015    1473.90     57.188     3.9679  38.606909  0.000e+00
     11.628     6.4958    32.6751    25.6537 2.4420e-01     0.1298      0.015    1473.97     57.185     3.9660  38.606909  0.000e+00
     11.641     6.5094    32.6790    25.6550 2.4420e-01     0.1298      0.015    1474.03     57.175     3.9640  38.606910  0.000e+00
     11.676     6.5191    32.6822    25.6563 2.3199e-01     0.1285      0.015    1474.07     57.175     3.9630  38.606910  0.000e+00
     11.688     6.5227    32.6856    25.6586 2.3199e-01     0.1285      0.015    1474.09     57.168     3.9622  38.606911  0.000e+00
     11.736     6.5228    32.6872    25.6598 2.3199e-01     0.1285      0.015    1474.09     57.102     3.9575  38.606911  0.000e+00
     11.748     6.5190    32.6888    25.6616 2.3199e-01     0.1285      0.015    1474.08     57.091     3.9571  38.606912  0.000e+00
     11.767     6.5201    32.6822    25.6562 2.4420e-01     0.1285      0.015    1474.07     57.082     3.9565  38.606912  0.000e+00
     11.819     6.5316    32.6741    25.6483 2.3199e-01     0.1285      0.015    1474.11     57.074     3.9551  38.606913  0.000e+00
     11.832     6.5401    32.6800    25.6519 2.3199e-01     0.1298      0.015    1474.15     57.068     3.9537  38.606913  0.000e+00
     11.868     6.5429    32.6884    25.6582 2.4420e-01     0.1285      0.015    1474.17     57.063     3.9529  38.606914  0.000e+00
     11.879     6.5432    32.6916    25.6607 2.3199e-01     0.1285      0.015    1474.18     57.060     3.9526  38.606914  0.000e+00
     11.916     6.5459    32.6897    25.6588 2.4420e-01     0.1285      0.015    1474.19     57.059     3.9524  38.606915  0.000e+00
     11.928     6.5467    32.6912    25.6599 2.3199e-01     0.1285      0.015    1474.19     57.060     3.9523  38.606915  0.000e+00
     11.975     6.5515    32.6899    25.6583 2.3199e-01     0.1285      0.015    1474.21     57.062     3.9520  38.606916  0.000e+00
     11.999     6.5607    32.6874    25.6551 2.3199e-01     0.1285      0.015    1474.24     57.003     3.9471  38.606916  0.000e+00
     12.023     6.5705    32.6885    25.6547 2.3199e-01     0.1298      0.015    1474.28     57.000     3.9460  38.606916  0.000e+00
     12.059     6.5793    32.6914    25.6559 2.3199e-01     0.1285      0.015    1474.32     56.999     3.9451  38.606917  0.000e+00
     12.083     6.5853    32.6940    25.6571 2.3199e-01     0.1298      0.015    1474.35     56.993     3.9440  38.606917  0.000e+00
     12.119     6.5923    32.6942    25.6564 2.3199e-01     0.1285      0.015    1474.38     56.988     3.9430  38.606918  0.000e+00
     12.154     6.6004    32.6945    25.6555 2.3199e-01     0.1285      0.015    1474.41     56.984     3.9420  38.606918  0.000e+00
     12.167     6.6065    32.6993    25.6585 2.3199e-01     0.1298      0.015    1474.44     56.982     3.9412  38.606919  0.000e+00
     12.203     6.6081    32.7039    25.6620 2.3199e-01     0.1285      0.015    1474.45     56.921     3.9367  38.606919  0.000e+00
     12.226     6.6016    32.7078    25.6659 2.1978e-01     0.1298      0.015    1474.43     56.915     3.9368  38.606920  0.000e+00
     12.245     6.5990    32.7014    25.6612 2.3199e-01     0.1298      0.015    1474.42     56.912     3.9370  38.606920  0.000e+00
     12.310     6.6077    32.6910    25.6519 2.1978e-01     0.1285      0.015    1474.44     56.910     3.9363  38.606921  0.000e+00
     12.310     6.6190    32.6912    25.6506 2.3199e-01     0.1298      0.015    1474.48     56.909     3.9352  38.606921  0.000e+00
     12.358     6.6313    32.6954    25.6523 2.3199e-01     0.1285      0.015    1474.54     56.911     3.9341  38.606922  0.000e+00
     12.381     6.6394    32.6995    25.6545 2.1978e-01     0.1285      0.015    1474.57     56.906     3.9330  38.606922  0.000e+00
     12.405     6.6464    32.6994    25.6535 2.3199e-01     0.1285      0.015    1474.60     56.903     3.9321  38.606923  0.000e+00
     12.441     6.6491    32.7013    25.6546 2.1978e-01     0.1285      0.015    1474.62     56.910     3.9323  38.606923  0.000e+00
     12.465     6.6410    32.7102    25.6627 2.1978e-01     0.1298      0.015    1474.60     56.858     3.9292  38.606924  0.000e+00
     12.501     6.6426    32.7048    25.6582 2.1978e-01     0.1285      0.011    1474.60     56.854     3.9289  38.606924  0.000e+00
     12.525     6.6541    32.6979    25.6513 2.1978e-01     0.1285      0.015    1474.63     56.851     3.9278  38.606925  0.000e+00
     12.561     6.6609    32.7045    25.6556 2.1978e-01     0.1298      0.015    1474.67     56.850     3.9270  38.606925  0.000e+00
     12.585     6.6617    32.7128    25.6620 2.1978e-01     0.1285      0.015    1474.68     56.851     3.9268  38.606926  0.000e+00
     12.621     6.6571    32.7161    25.6653 2.3199e-01     0.1285      0.015    1474.67     56.863     3.9279  38.606926  0.000e+00
     12.632     6.6464    32.7171    25.6674 2.3199e-01     0.1285      0.015    1474.63     56.861     3.9288  38.606927  0.000e+00
     12.681     6.6284    32.7169    25.6696 2.1978e-01     0.1285      0.015    1474.56     56.870     3.9310  38.606927  0.000e+00
     12.705     6.6287    32.7023    25.6580 2.3199e-01     0.1285      0.015    1474.54     56.879     3.9320  38.606928  0.000e+00
     12.741     6.6496    32.6887    25.6446 2.1978e-01     0.1298      0.015    1474.61     56.881     3.9305  38.606928  0.000e+00
     12.752     6.6722    32.6955    25.6471 2.1978e-01     0.1285      0.015    1474.70     56.884     3.9285  38.606929  0.000e+00
     12.765     6.6844    32.7124    25.6587 2.1978e-01     0.1285      0.015    1474.77     56.827     3.9231  38.606929  0.000e+00
     12.823     6.6831    32.7268    25.6703 2.1978e-01     0.1285      0.015    1474.79     56.828     3.9229  38.606929  0.000e+00
     12.848     6.6752    32.7303    25.6740 2.1978e-01     0.1285      0.015    1474.76     56.831     3.9237  38.606930  0.000e+00
     12.861     6.6660    32.7274    25.6730 2.1978e-01     0.1285      0.015    1474.72     56.836     3.9249  38.606930  0.000e+00
     12.896     6.6555    32.7249    25.6724 2.1978e-01     0.1298      0.015    1474.68     56.835     3.9259  38.606931  0.000e+00
     12.908     6.6493    32.7196    25.6690 2.1978e-01     0.1285      0.015    1474.65     56.843     3.9272  38.606931  0.000e+00
     12.932     6.6511    32.7129    25.6635 2.1978e-01     0.1285      0.015    1474.65     56.844     3.9273  38.606932  0.000e+00
     12.972     6.6563    32.7101    25.6606 2.3199e-01     0.1285      0.015    1474.66     56.847     3.9271  38.606932  0.000e+00
     12.992     6.6665    32.7084    25.6580 2.3199e-01     0.1285      0.015    1474.70     56.790     3.9222  38.606933  0.000e+00
