RAWDATA/IO2019/20190207/Cj1_20190207.cnv
* Sea-Bird SBE 9 Data File:
* FileName = C:\CTD Brukere\NIVA\IO2019\20190207\Cj1_20190207.hex
* Software Version Seasave V 7.23.2
* Temperature SN = 5352
* Conductivity SN = 3840
* Number of Bytes Per Scan = 28
* Number of Voltage Words = 4
* Number of Scans Averaged by the Deck Unit = 1
* NMEA baud rate = 4800
** Ship: R/V Trygve Braarud
** Cruise:
** Station:
** Operator:
# nquan = 12
# nvalues = 4067                                  
# units = specified
# name 0 = depSM: Depth [salt water, m], lat = 59.60
# name 1 = t090C: Temperature [ITS-90, deg C]
# name 2 = sal00: Salinity, Practical [PSU]
# name 3 = sigma-t00: Density [sigma-t, kg/m^3 ]
# name 4 = flSP: Fluorescence, Seapoint
# name 5 = wetStar: Fluorescence, WET Labs WETstar [mg/m^3]
# name 6 = seaTurbMtr: Turbidity, Seapoint [FTU]
# name 7 = svCM: Sound Velocity [Chen-Millero, m/s]
# name 8 = sbeox0PS: Oxygen, SBE 43 [% saturation]
# name 9 = sbeox0ML/L: Oxygen, SBE 43 [ml/l]
# name 10 = timeJ: Julian Days
# name 11 = flag:  0.000e+00
# span 0 =      0.524,     52.441                 
# span 1 =     5.4104,     8.6678                 
# span 2 =    32.4491,    33.9065                 
# span 3 =    25.5967,    26.3336                 
# span 4 = 1.4652e-01, 4.6398e-01                 
# span 5 =     0.1261,     0.1310                 
# span 6 =      0.000,      0.018                 
# span 7 =    1469.18,    1484.08                 
# span 8 =     54.069,     58.246                 
# span 9 =     3.6035,     4.1487                 
# span 10 =  38.606644,  38.608604                
# span 11 = 0.0000e+00, 0.0000e+00                
# interval = seconds: 0.0416667
# start_time = Feb 07 2019 14:33:34 [System UpLoad Time]
# bad_flag = -9.990e-29
*END*
[from data line 602]
     13.052     6.6770    32.7181    25.6642 2.1978e-01     0.1285      0.015    1474.76     56.790     3.9210  38.606934  0.000e+00
     13.052     6.6855    32.7170    25.6622 2.1978e-01     0.1285      0.015    1474.79     56.792     3.9204  38.606934  0.000e+00
     13.099     6.6865    32.7221    25.6661 2.1978e-01     0.1285      0.011    1474.80     56.789     3.9200  38.606935  0.000e+00
     13.099     6.6904    32.7226    25.6660 2.1978e-01     0.1285      0.015    1474.82     56.787     3.9195  38.606935  0.000e+00
     13.134     6.6979    32.7180    25.6614 2.1978e-01     0.1285      0.015    1474.84     56.725     3.9147  38.606936  0.000e+00
     13.159     6.7065    32.7151    25.6580 2.1978e-01     0.1298      0.015    1474.87     56.719     3.9135  38.606936  0.000e+00
     13.194     6.7066    32.7220    25.6634 2.1978e-01     0.1285      0.011    1474.88     56.715     3.9131  38.606937  0.000e+00
     13.194     6.6955    32.7337    25.6741 2.1978e-01     0.1285      0.011    1474.85     56.714     3.9137  38.606937  0.000e+00
     13.230     6.6815    32.7389    25.6800 2.3199e-01     0.1285      0.015    1474.80     56.715     3.9149  38.606938  0.000e+00
     13.243     6.6687    32.7358    25.6792 2.3199e-01     0.1285      0.011    1474.75     56.718     3.9164  38.606938  0.000e+00
     13.267     6.6672    32.7220    25.6686 2.3199e-01     0.1285      0.011    1474.73     56.722     3.9171  38.606939  0.000e+00
     13.290     6.6714    32.7116    25.6599 2.3199e-01     0.1285      0.011    1474.73     56.728     3.9174  38.606939  0.000e+00
     13.314     6.6772    32.7090    25.6570 2.3199e-01     0.1285      0.011    1474.75     56.727     3.9169  38.606940  0.000e+00
     13.339     6.6921    32.7023    25.6498 2.1978e-01     0.1273      0.011    1474.80     56.728     3.9158  38.606940  0.000e+00
     13.350     6.7110    32.6957    25.6421 2.1978e-01     0.1285      0.011    1474.87     56.729     3.9144  38.606941  0.000e+00
     13.377     6.7220    32.7009    25.6448 2.1978e-01     0.1285      0.011    1474.92     56.671     3.9092  38.606941  0.000e+00
     13.410     6.7241    32.7136    25.6545 2.1978e-01     0.1285      0.011    1474.94     56.670     3.9086  38.606942  0.000e+00
     13.423     6.7131    32.7308    25.6695 2.1978e-01     0.1285      0.011    1474.92     56.672     3.9093  38.606942  0.000e+00
     13.434     6.7008    32.7388    25.6775 2.1978e-01     0.1285      0.011    1474.88     56.675     3.9104  38.606943  0.000e+00
     13.470     6.7012    32.7298    25.6703 2.1978e-01     0.1285      0.011    1474.87     56.672     3.9104  38.606943  0.000e+00
     13.494     6.7111    32.7183    25.6599 2.1978e-01     0.1285      0.011    1474.90     56.670     3.9096  38.606943  0.000e+00
     13.505     6.7218    32.7154    25.6563 2.1978e-01     0.1285      0.011    1474.94     56.669     3.9087  38.606944  0.000e+00
     13.530     6.7313    32.7172    25.6564 2.1978e-01     0.1273      0.011    1474.98     56.608     3.9036  38.606944  0.000e+00
     13.565     6.7379    32.7201    25.6578 2.1978e-01     0.1285      0.015    1475.01     56.603     3.9026  38.606945  0.000e+00
     13.578     6.7466    32.7190    25.6558 2.1978e-01     0.1285      0.011    1475.04     56.600     3.9016  38.606945  0.000e+00
     13.601     6.7528    32.7206    25.6563 2.1978e-01     0.1298      0.011    1475.07     56.599     3.9010  38.606946  0.000e+00
     13.606     6.7561    32.7250    25.6593 2.1978e-01     0.1285      0.011    1475.08     56.600     3.9006  38.606946  0.000e+00
     13.661     6.7552    32.7306    25.6639 2.1978e-01     0.1285      0.011    1475.09     56.604     3.9008  38.606947  0.000e+00
     13.674     6.7558    32.7310    25.6641 2.1978e-01     0.1285      0.015    1475.09     56.601     3.9005  38.606947  0.000e+00
     13.685     6.7590    32.7296    25.6626 2.1978e-01     0.1285      0.015    1475.10     56.600     3.9002  38.606948  0.000e+00
     13.710     6.7646    32.7291    25.6614 2.1978e-01     0.1285      0.015    1475.12     56.600     3.8997  38.606948  0.000e+00
     13.734     6.7656    32.7343    25.6654 2.1978e-01     0.1285      0.015    1475.14     56.602     3.8996  38.606949  0.000e+00
     13.770     6.7686    32.7340    25.6647 2.3199e-01     0.1298      0.015    1475.15     56.544     3.8953  38.606949  0.000e+00
     13.781     6.7707    32.7343    25.6647 2.5641e-01     0.1285      0.015    1475.16     56.541     3.8950  38.606950  0.000e+00
     13.817     6.7727    32.7359    25.6658 2.5641e-01     0.1285      0.015    1475.17     56.603     3.8990  38.606950  0.000e+00
     13.833     6.7745    32.7375    25.6667 2.4420e-01     0.1298      0.015    1475.18     56.550     3.8952  38.606951  0.000e+00
     13.865     6.7782    32.7369    25.6658 2.3199e-01     0.1285      0.011    1475.19     56.553     3.8951  38.606951  0.000e+00
     13.901     6.7916    32.7313    25.6596 2.3199e-01     0.1298      0.015    1475.24     56.558     3.8943  38.606952  0.000e+00
     13.901     6.8053    32.7337    25.6597 2.1978e-01     0.1285      0.015    1475.29     56.502     3.8892  38.606952  0.000e+00
     13.936     6.8151    32.7411    25.6642 2.1978e-01     0.1285      0.011    1475.34     56.557     3.8919  38.606953  0.000e+00
     13.972     6.8216    32.7454    25.6668 2.1978e-01     0.1285      0.015    1475.37     56.560     3.8914  38.606953  0.000e+00
     13.996     6.8255    32.7476    25.6680 2.1978e-01     0.1285      0.015    1475.39     56.564     3.8913  38.606954  0.000e+00
     14.021     6.8239    32.7515    25.6713 2.1978e-01     0.1285      0.015    1475.39     56.570     3.8918  38.606954  0.000e+00
     14.035     6.8216    32.7530    25.6727 2.1978e-01     0.1285      0.015    1475.38     56.578     3.8925  38.606955  0.000e+00
     14.081     6.8204    32.7522    25.6722 2.1978e-01     0.1298      0.015    1475.38     56.526     3.8890  38.606955  0.000e+00
     14.103     6.8175    32.7529    25.6732 2.0757e-01     0.1285      0.015    1475.37     56.530     3.8895  38.606956  0.000e+00
     14.128     6.8105    32.7548    25.6756 2.0757e-01     0.1285      0.015    1475.34     56.536     3.8905  38.606956  0.000e+00
     14.163     6.8079    32.7524    25.6741 2.0757e-01     0.1298      0.015    1475.33     56.535     3.8908  38.606957  0.000e+00
     14.188     6.8132    32.7486    25.6704 2.0757e-01     0.1285      0.015    1475.35     56.536     3.8905  38.606957  0.000e+00
     14.215     6.8229    32.7487    25.6692 2.1978e-01     0.1298      0.015    1475.39     56.476     3.8855  38.606957  0.000e+00
     14.236     6.8327    32.7519    25.6704 2.0757e-01     0.1285      0.015    1475.43     56.535     3.8885  38.606958  0.000e+00
     14.283     6.8404    32.7550    25.6718 2.0757e-01     0.1285      0.015    1475.46     56.540     3.8881  38.606958  0.000e+00
     14.296     6.8455    32.7582    25.6737 2.0757e-01     0.1298      0.015    1475.49     56.486     3.8839  38.606959  0.000e+00
     14.332     6.8439    32.7609    25.6760 2.1978e-01     0.1285      0.015    1475.48     56.480     3.8835  38.606959  0.000e+00
     14.367     6.8374    32.7611    25.6770 2.0757e-01     0.1298      0.015    1475.46     56.538     3.8881  38.606960  0.000e+00
     14.382     6.8347    32.7592    25.6759 2.0757e-01     0.1285      0.015    1475.45     56.481     3.8845  38.606960  0.000e+00
     14.427     6.8369    32.7575    25.6743 2.1978e-01     0.1285      0.015    1475.45     56.480     3.8842  38.606961  0.000e+00
     14.414     6.8403    32.7588    25.6748 2.1978e-01     0.1298      0.015    1475.47     56.480     3.8839  38.606961  0.000e+00
     14.487     6.8430    32.7607    25.6760 2.1978e-01     0.1298      0.015    1475.48     56.481     3.8837  38.606962  0.000e+00
     14.510     6.8412    32.7629    25.6780 2.1978e-01     0.1298      0.015    1475.48     56.485     3.8841  38.606962  0.000e+00
     14.510     6.8353    32.7649    25.6804 2.0757e-01     0.1285      0.015    1475.46     56.490     3.8849  38.606963  0.000e+00
     14.562     6.8314    32.7635    25.6797 2.1978e-01     0.1285      0.015    1475.44     56.497     3.8857  38.606963  0.000e+00
     14.583     6.8288    32.7621    25.6790 2.1978e-01     0.1285      0.015    1475.43     56.505     3.8866  38.606964  0.000e+00
     14.619     6.8249    32.7610    25.6787 2.0757e-01     0.1285      0.015    1475.42     56.515     3.8876  38.606964  0.000e+00
     14.630     6.8220    32.7590    25.6775 2.0757e-01     0.1298      0.015    1475.40     56.519     3.8882  38.606965  0.000e+00
     14.654     6.8216    32.7582    25.6768 2.0757e-01     0.1285      0.015    1475.40     56.523     3.8886  38.606965  0.000e+00
     14.693     6.8228    32.7582    25.6767 2.0757e-01     0.1298      0.015    1475.41     56.529     3.8889  38.606966  0.000e+00
     14.725     6.8256    32.7580    25.6762 2.0757e-01     0.1298      0.015    1475.42     56.536     3.8891  38.606966  0.000e+00
     14.725     6.8307    32.7583    25.6757 2.0757e-01     0.1285      0.015    1475.44     56.544     3.8892  38.606967  0.000e+00
     14.774     6.8298    32.7616    25.6785 2.0757e-01     0.1285      0.015    1475.44     56.554     3.8898  38.606967  0.000e+00
     14.800     6.8282    32.7615    25.6786 2.1978e-01     0.1298      0.015    1475.43     56.565     3.8907  38.606968  0.000e+00
     14.834     6.8285    32.7603    25.6776 2.0757e-01     0.1298      0.015    1475.43     56.569     3.8910  38.606968  0.000e+00
     14.845     6.8307    32.7603    25.6773 2.0757e-01     0.1285      0.015    1475.44     56.574     3.8912  38.606969  0.000e+00
     14.870     6.8339    32.7612    25.6776 2.1978e-01     0.1285      0.015    1475.45     56.580     3.8913  38.606969  0.000e+00
     14.905     6.8399    32.7620    25.6774 2.0757e-01     0.1285      0.015    1475.48     56.587     3.8912  38.606970  0.000e+00
     14.933     6.8488    32.7630    25.6771 2.1978e-01     0.1298      0.015    1475.52     56.532     3.8866  38.606970  0.000e+00
     14.954     6.8529    32.7670    25.6796 2.0757e-01     0.1285      0.015    1475.54     56.534     3.8863  38.606970  0.000e+00
     14.977     6.8525    32.7696    25.6817 2.1978e-01     0.1298      0.015    1475.54     56.599     3.8907  38.606971  0.000e+00
     15.001     6.8520    32.7689    25.6812 2.1978e-01     0.1285      0.015    1475.54     56.610     3.8915  38.606971  0.000e+00
     15.028     6.8526    32.7673    25.6799 2.0757e-01     0.1285      0.015    1475.54     56.561     3.8881  38.606972  0.000e+00
     15.061     6.8561    32.7662    25.6786 2.0757e-01     0.1285      0.015    1475.55     56.629     3.8925  38.606972  0.000e+00
     15.085     6.8606    32.7666    25.6783 2.0757e-01     0.1298      0.015    1475.57     56.635     3.8925  38.606973  0.000e+00
     15.096     6.8648    32.7669    25.6780 2.1978e-01     0.1285      0.015    1475.59     56.642     3.8926  38.606973  0.000e+00
     15.124     6.8673    32.7672    25.6779 2.1978e-01     0.1298      0.015    1475.60     56.658     3.8935  38.606974  0.000e+00
     15.156     6.8670    32.7689    25.6793 2.0757e-01     0.1285      0.015    1475.60     56.605     3.8898  38.606974  0.000e+00
     15.169     6.8678    32.7701    25.6801 2.1978e-01     0.1285      0.015    1475.60     56.669     3.8941  38.606975  0.000e+00
     15.205     6.8683    32.7712    25.6809 2.0757e-01     0.1285      0.015    1475.61     56.618     3.8906  38.606975  0.000e+00
     15.242     6.8678    32.7712    25.6810 2.0757e-01     0.1285      0.015    1475.61     56.614     3.8903  38.606976  0.000e+00
     15.241     6.8671    32.7709    25.6808 2.0757e-01     0.1285      0.015    1475.60     56.619     3.8907  38.606976  0.000e+00
     15.276     6.8694    32.7702    25.6800 2.1978e-01     0.1298      0.015    1475.61     56.686     3.8952  38.606977  0.000e+00
     15.301     6.8748    32.7718    25.6805 2.1978e-01     0.1285      0.015    1475.64     56.699     3.8955  38.606977  0.000e+00
     15.338     6.8814    32.7755    25.6826 2.0757e-01     0.1285      0.015    1475.67     56.651     3.8916  38.606978  0.000e+00
     15.336     6.8882    32.7789    25.6844 2.0757e-01     0.1298      0.015    1475.70     56.720     3.8956  38.606978  0.000e+00
     15.383     6.8934    32.7805    25.6849 2.0757e-01     0.1298      0.018    1475.72     56.666     3.8914  38.606979  0.000e+00
     15.411     6.9004    32.7805    25.6840 2.0757e-01     0.1298      0.018    1475.75     56.667     3.8908  38.606979  0.000e+00
     15.432     6.9045    32.7825    25.6850 2.1978e-01     0.1298      0.015    1475.77     56.730     3.8947  38.606980  0.000e+00
     15.456     6.9108    32.7812    25.6832 2.0757e-01     0.1285      0.015    1475.79     56.677     3.8906  38.606980  0.000e+00
     15.492     6.9170    32.7816    25.6826 2.0757e-01     0.1298      0.015    1475.82     56.741     3.8944  38.606981  0.000e+00
     15.506     6.9174    32.7867    25.6866 2.0757e-01     0.1285      0.015    1475.82     56.744     3.8944  38.606981  0.000e+00
     15.539     6.9246    32.7865    25.6855 2.0757e-01     0.1285      0.015    1475.85     56.754     3.8945  38.606982  0.000e+00
     15.563     6.9313    32.7885    25.6862 2.0757e-01     0.1285      0.015    1475.88     56.764     3.8945  38.606982  0.000e+00
     15.578     6.9386    32.7893    25.6858 2.0757e-01     0.1298      0.018    1475.91     56.705     3.8898  38.606983  0.000e+00
     15.623     6.9445    32.7898    25.6854 2.0757e-01     0.1285      0.015    1475.94     56.763     3.8932  38.606983  0.000e+00
     15.623     6.9492    32.7898    25.6848 2.0757e-01     0.1298      0.015    1475.95     56.712     3.8893  38.606984  0.000e+00
     15.662     6.9525    32.7900    25.6846 2.0757e-01     0.1285      0.015    1475.97     56.709     3.8887  38.606984  0.000e+00
     15.683     6.9530    32.7909    25.6852 2.0757e-01     0.1298      0.015    1475.97     56.706     3.8885  38.606984  0.000e+00
     15.732     6.9512    32.7902    25.6849 2.0757e-01     0.1285      0.015    1475.96     56.703     3.8885  38.606985  0.000e+00
     15.743     6.9433    32.7906    25.6862 2.0757e-01     0.1298      0.015    1475.93     56.701     3.8891  38.606985  0.000e+00
     15.780     6.9339    32.7911    25.6878 2.0757e-01     0.1285      0.015    1475.90     56.700     3.8898  38.606986  0.000e+00
     15.803     6.9380    32.7899    25.6863 2.1978e-01     0.1298      0.015    1475.91     56.698     3.8893  38.606986  0.000e+00
     15.827     6.9449    32.7928    25.6878 2.0757e-01     0.1298      0.015    1475.94     56.696     3.8885  38.606987  0.000e+00
     15.853     6.9511    32.7946    25.6883 2.0757e-01     0.1285      0.015    1475.97     56.695     3.8878  38.606987  0.000e+00
     15.887     6.9535    32.7954    25.6886 2.0757e-01     0.1285      0.015    1475.98     56.694     3.8875  38.606988  0.000e+00
     15.923     6.9559    32.7931    25.6865 2.0757e-01     0.1298      0.018    1475.99     56.693     3.8873  38.606988  0.000e+00
     15.936     6.9553    32.7920    25.6857 2.0757e-01     0.1285      0.015    1475.98     56.693     3.8874  38.606989  0.000e+00
     15.970     6.9528    32.7921    25.6861 2.0757e-01     0.1285      0.015    1475.98     56.694     3.8876  38.606989  0.000e+00
     15.983     6.9497    32.7912    25.6859 2.0757e-01     0.1298      0.015    1475.96     56.632     3.8837  38.606990  0.000e+00
     16.020     6.9482    32.7900    25.6851 2.0757e-01     0.1285      0.015    1475.96     56.626     3.8835  38.606990  0.000e+00
     16.054     6.9506    32.7907    25.6853 2.0757e-01     0.1298      0.015    1475.97     56.620     3.8828  38.606991  0.000e+00
