RAWDATA/IO2019/20190207/Cj1_20190207_down.cnv
* Sea-Bird SBE 9 Data File:
* FileName = C:\CTD Brukere\NIVA\IO2019\20190207\Cj1_20190207.hex
* Software Version Seasave V 7.23.2
* Temperature SN = 5352
* Conductivity SN = 3840
* Number of Bytes Per Scan = 28
* Number of Voltage Words = 4
* Number of Scans Averaged by the Deck Unit = 1
* NMEA baud rate = 4800
** Ship: R/V Trygve Braarud
** Cruise:
** Station:
** Operator:
# nquan = 12
# nvalues = 2312                                  
# units = specified
# name 0 = depSM: Depth [salt water, m], lat = 59.60
# name 1 = t090C: Temperature [ITS-90, deg C]
# name 2 = sal00: Salinity, Practical [PSU]
# name 3 = sigma-t00: Density [sigma-t, kg/m^3 ]
# name 4 = flSP: Fluorescence, Seapoint
# name 5 = wetStar: Fluorescence, WET Labs WETstar [mg/m^3]
# name 6 = seaTurbMtr: Turbidity, Seapoint [FTU]
# name 7 = svCM: Sound Velocity [Chen-Millero, m/s]
# name 8 = sbeox0PS: Oxygen, SBE 43 [% saturation]
# name 9 = sbeox0ML/L: Oxygen, SBE 43 [ml/l]
# name 10 = timeJ: Julian Days
# name 11 = flag:  0.000e+00
# span 0 =      0.701,     52.441                 
# span 1 =     5.4104,     8.6406                 
# span 2 =    32.4491,    33.9036                 
# span 3 =    25.6019,    26.3305                 
# span 4 = 1.4652e-01, 4.6398e-01                 
# span 5 =     0.1273,     0.1310                 
# span 6 =      0.011,      0.018                 
# span 7 =    1469.18,    1484.08                 
# span 8 =     54.585,     58.246                 
# span 9 =     3.6035,     4.1487                 
# span 10 =  38.606644,  38.607758                
# span 11 = 0.0000e+00, 0.0000e+00                
# interval = seconds: 0.0416667
# start_time = Feb 07 2019 14:33:34 [System UpLoad Time]
# bad_flag = -9.990e-29
*END*
[from data line 241]
      3.807     5.5376    32.4658    25.6056 2.9304e-01     0.1298      0.015    1469.75     57.442     4.0800  38.606760  0.000e+00
      3.842     5.5422    32.4671    25.6061 3.0525e-01     0.1285      0.015    1469.77     57.449     4.0801  38.606760  0.000e+00
      3.866     5.5464    32.4683    25.6066 3.0525e-01     0.1285      0.015    1469.79     57.449     4.0796  38.606761  0.000e+00
      3.866     5.5487    32.4702    25.6078 3.0525e-01     0.1285      0.015    1469.80     57.457     4.0799  38.606761  0.000e+00
      3.913     5.5480    32.4731    25.6102 2.9304e-01     0.1285      0.015    1469.80     57.396     4.0756  38.606762  0.000e+00
      3.936     5.5472    32.4730    25.6102 2.9304e-01     0.1285      0.015    1469.80     57.399     4.0758  38.606762  0.000e+00
      3.973     5.5452    32.4733    25.6107 2.9304e-01     0.1285      0.015    1469.79     57.456     4.0801  38.606763  0.000e+00
      3.985     5.5429    32.4734    25.6110 2.9304e-01     0.1285      0.015    1469.78     57.459     4.0806  38.606763  0.000e+00
      4.033     5.5404    32.4730    25.6110 2.9304e-01     0.1285      0.015    1469.77     57.463     4.0811  38.606764  0.000e+00
      4.057     5.5372    32.4726    25.6110 3.0525e-01     0.1298      0.015    1469.76     57.468     4.0817  38.606764  0.000e+00
      4.069     5.5386    32.4698    25.6087 2.9304e-01     0.1298      0.015    1469.76     57.417     4.0781  38.606765  0.000e+00
      4.117     5.5446    32.4681    25.6066 3.0525e-01     0.1298      0.015    1469.79     57.414     4.0773  38.606765  0.000e+00
      4.127     5.5525    32.4693    25.6067 2.9304e-01     0.1285      0.015    1469.82     57.411     4.0763  38.606766  0.000e+00
      4.153     5.5618    32.4704    25.6064 2.9304e-01     0.1298      0.015    1469.86     57.471     4.0796  38.606766  0.000e+00
      4.189     5.5697    32.4732    25.6077 2.9304e-01     0.1298      0.015    1469.90     57.469     4.0787  38.606766  0.000e+00
      4.213     5.5759    32.4753    25.6087 2.9304e-01     0.1285      0.015    1469.92     57.413     4.0740  38.606767  0.000e+00
      4.249     5.5774    32.4776    25.6103 2.9304e-01     0.1298      0.015    1469.93     57.404     4.0732  38.606767  0.000e+00
      4.260     5.5730    32.4805    25.6131 2.9304e-01     0.1298      0.018    1469.92     57.467     4.0780  38.606768  0.000e+00
      4.294     5.5663    32.4799    25.6134 2.9304e-01     0.1285      0.015    1469.89     57.467     4.0787  38.606768  0.000e+00
      4.320     5.5665    32.4742    25.6089 2.9304e-01     0.1285      0.015    1469.89     57.467     4.0788  38.606769  0.000e+00
      4.355     5.5730    32.4713    25.6059 2.9304e-01     0.1285      0.015    1469.91     57.475     4.0788  38.606769  0.000e+00
      4.391     5.5811    32.4730    25.6063 2.9304e-01     0.1285      0.015    1469.95     57.358     4.0697  38.606770  0.000e+00
      4.391     5.5891    32.4756    25.6073 3.0525e-01     0.1298      0.015    1469.98     57.404     4.0721  38.606770  0.000e+00
      4.440     5.5975    32.4768    25.6073 3.0525e-01     0.1298      0.015    1470.02     57.468     4.0758  38.606771  0.000e+00
      4.462     5.6051    32.4779    25.6073 3.0525e-01     0.1285      0.015    1470.05     57.477     4.0757  38.606771  0.000e+00
      4.475     5.6105    32.4800    25.6083 2.9304e-01     0.1298      0.015    1470.07     57.479     4.0752  38.606772  0.000e+00
      4.511     5.6134    32.4815    25.6092 2.9304e-01     0.1285      0.015    1470.09     57.427     4.0712  38.606772  0.000e+00
      4.546     5.6170    32.4812    25.6085 2.9304e-01     0.1298      0.015    1470.10     57.430     4.0711  38.606773  0.000e+00
      4.559     5.6235    32.4811    25.6077 2.9304e-01     0.1298      0.015    1470.13     57.487     4.0745  38.606773  0.000e+00
      4.582     5.6249    32.4850    25.6106 2.9304e-01     0.1285      0.015    1470.14     57.490     4.0745  38.606774  0.000e+00
      4.629     5.6249    32.4855    25.6110 2.9304e-01     0.1285      0.015    1470.14     57.494     4.0748  38.606774  0.000e+00
      4.655     5.6235    32.4860    25.6116 2.9304e-01     0.1285      0.015    1470.14     57.373     4.0663  38.606775  0.000e+00
      4.690     5.6305    32.4804    25.6063 3.0525e-01     0.1285      0.015    1470.16     57.431     4.0699  38.606775  0.000e+00
      4.678     5.6406    32.4795    25.6044 3.1746e-01     0.1298      0.015    1470.20     57.497     4.0737  38.606776  0.000e+00
      4.736     5.6463    32.4854    25.6084 3.1746e-01     0.1298      0.015    1470.23     57.377     4.0645  38.606776  0.000e+00
      4.762     5.6504    32.4882    25.6102 3.1746e-01     0.1285      0.015    1470.25     57.429     4.0677  38.606777  0.000e+00
      4.797     5.6534    32.4897    25.6109 3.0525e-01     0.1285      0.015    1470.26     57.490     4.0716  38.606777  0.000e+00
      4.822     5.6566    32.4901    25.6109 2.9304e-01     0.1298      0.015    1470.28     57.495     4.0717  38.606778  0.000e+00
      4.857     5.6587    32.4902    25.6107 2.9304e-01     0.1298      0.015    1470.29     57.439     4.0675  38.606778  0.000e+00
      4.891     5.6638    32.4880    25.6084 2.8083e-01     0.1285      0.015    1470.31     57.437     4.0669  38.606779  0.000e+00
      4.928     5.6722    32.4887    25.6079 2.9304e-01     0.1285      0.015    1470.34     57.498     4.0704  38.606779  0.000e+00
      4.941     5.6778    32.4937    25.6113 2.9304e-01     0.1285      0.015    1470.37     57.504     4.0702  38.606780  0.000e+00
      4.977     5.6843    32.4946    25.6112 2.9304e-01     0.1285      0.015    1470.40     57.448     4.0656  38.606780  0.000e+00
      5.011     5.6844    32.4977    25.6137 2.9304e-01     0.1298      0.015    1470.40     57.447     4.0654  38.606780  0.000e+00
      5.037     5.6795    32.4999    25.6159 2.8083e-01     0.1298      0.015    1470.39     57.509     4.0702  38.606781  0.000e+00
      5.073     5.6778    32.4972    25.6140 2.8083e-01     0.1298      0.015    1470.38     57.517     4.0710  38.606781  0.000e+00
      5.097     5.6833    32.4944    25.6112 2.9304e-01     0.1285      0.015    1470.40     57.524     4.0711  38.606782  0.000e+00
      5.132     5.6950    32.4948    25.6101 2.8083e-01     0.1298      0.015    1470.44     57.530     4.0704  38.606782  0.000e+00
      5.166     5.7049    32.5006    25.6135 2.8083e-01     0.1285      0.015    1470.49     57.537     4.0697  38.606783  0.000e+00
      5.192     5.7028    32.5074    25.6191 2.8083e-01     0.1285      0.015    1470.49     57.545     4.0703  38.606783  0.000e+00
      5.239     5.6984    32.5068    25.6191 2.8083e-01     0.1298      0.015    1470.47     57.553     4.0713  38.606784  0.000e+00
      5.215     5.6999    32.5018    25.6150 2.8083e-01     0.1285      0.015    1470.47     57.560     4.0718  38.606784  0.000e+00
      5.333     5.7109    32.4990    25.6115 2.8083e-01     0.1285      0.015    1470.52     57.442     4.0625  38.606785  0.000e+00
      5.323     5.7242    32.4995    25.6104 2.6862e-01     0.1285      0.015    1470.57     57.549     4.0688  38.606785  0.000e+00
      5.359     5.7513    32.4938    25.6026 2.6862e-01     0.1285      0.015    1470.67     57.546     4.0661  38.606786  0.000e+00
      5.369     5.7732    32.5034    25.6076 2.6862e-01     0.1298      0.015    1470.77     57.551     4.0641  38.606786  0.000e+00
      5.419     5.7876    32.5142    25.6144 2.6862e-01     0.1298      0.015    1470.85     57.557     4.0629  38.606787  0.000e+00
      5.443     5.7992    32.5187    25.6166 2.8083e-01     0.1298      0.015    1470.90     57.564     4.0621  38.606787  0.000e+00
      5.479     5.8081    32.5209    25.6172 2.8083e-01     0.1298      0.015    1470.94     57.570     4.0617  38.606788  0.000e+00
      5.511     5.8424    32.5097    25.6043 2.6862e-01     0.1298      0.015    1471.06     57.628     4.0628  38.606788  0.000e+00
      5.526     5.8791    32.5133    25.6027 2.8083e-01     0.1285      0.015    1471.21     57.569     4.0550  38.606789  0.000e+00
      5.539     5.9017    32.5278    25.6114 2.6862e-01     0.1298      0.015    1471.32     57.565     4.0522  38.606789  0.000e+00
      5.571     5.9183    32.5337    25.6141 2.8083e-01     0.1285      0.015    1471.40     57.569     4.0507  38.606790  0.000e+00
      5.610     5.9276    32.5376    25.6160 2.8083e-01     0.1285      0.015    1471.44     57.575     4.0501  38.606790  0.000e+00
      5.646     5.9207    32.5468    25.6241 2.9304e-01     0.1285      0.015    1471.42     57.698     4.0592  38.606791  0.000e+00
      5.681     5.9045    32.5490    25.6279 2.9304e-01     0.1285      0.015    1471.36     57.650     4.0573  38.606791  0.000e+00
      5.715     5.8973    32.5431    25.6240 2.9304e-01     0.1285      0.015    1471.33     57.601     4.0547  38.606792  0.000e+00
      5.717     5.8908    32.5409    25.6231 2.9304e-01     0.1298      0.015    1471.30     57.668     4.0601  38.606792  0.000e+00
      5.717     5.8839    32.5408    25.6239 2.9304e-01     0.1298      0.015    1471.27     57.680     4.0616  38.606793  0.000e+00
      5.751     5.8809    32.5406    25.6240 2.9304e-01     0.1285      0.015    1471.26     57.692     4.0628  38.606793  0.000e+00
      5.777     5.8806    32.5405    25.6240 2.9304e-01     0.1285      0.015    1471.26     57.687     4.0624  38.606793  0.000e+00
      5.812     5.8850    32.5396    25.6228 2.9304e-01     0.1298      0.015    1471.27     57.689     4.0622  38.606794  0.000e+00
      5.833     5.8884    32.5406    25.6232 3.0525e-01     0.1285      0.015    1471.29     57.699     4.0625  38.606794  0.000e+00
      5.861     5.8781    32.5439    25.6270 3.0525e-01     0.1298      0.015    1471.25     57.709     4.0641  38.606795  0.000e+00
      5.861     5.8742    32.5378    25.6226 3.0525e-01     0.1298      0.015    1471.23     57.781     4.0697  38.606795  0.000e+00
      5.893     5.8749    32.5360    25.6211 3.0525e-01     0.1285      0.015    1471.23     57.726     4.0659  38.606796  0.000e+00
      5.897     5.8627    32.5452    25.6299 2.9304e-01     0.1285      0.015    1471.19     57.727     4.0668  38.606796  0.000e+00
      5.921     5.8524    32.5417    25.6284 2.9304e-01     0.1298      0.015    1471.15     57.735     4.0685  38.606797  0.000e+00
      5.953     5.8508    32.5321    25.6210 2.9304e-01     0.1298      0.015    1471.13     57.804     4.0738  38.606797  0.000e+00
      5.968     5.8514    32.5307    25.6198 2.9304e-01     0.1298      0.015    1471.13     57.756     4.0703  38.606798  0.000e+00
      5.992     5.8468    32.5357    25.6243 2.9304e-01     0.1285      0.015    1471.12     57.808     4.0743  38.606798  0.000e+00
      6.002     5.8329    32.5418    25.6308 2.8083e-01     0.1285      0.015    1471.07     57.814     4.0759  38.606799  0.000e+00
      6.041     5.8342    32.5399    25.6291 2.9304e-01     0.1285      0.015    1471.07     57.825     4.0766  38.606799  0.000e+00
      6.028     5.8588    32.5375    25.6243 2.9304e-01     0.1285      0.015    1471.17     57.816     4.0737  38.606800  0.000e+00
      6.062     5.8867    32.5437    25.6258 2.9304e-01     0.1298      0.015    1471.29     57.815     4.0707  38.606800  0.000e+00
      6.076     5.9075    32.5470    25.6259 2.9304e-01     0.1285      0.015    1471.38     57.821     4.0691  38.606801  0.000e+00
      6.112     5.9175    32.5470    25.6247 2.9304e-01     0.1285      0.015    1471.42     57.827     4.0686  38.606801  0.000e+00
      6.120     5.9155    32.5489    25.6264 2.9304e-01     0.1298      0.015    1471.41     57.826     4.0687  38.606802  0.000e+00
      6.148     5.9043    32.5522    25.6304 2.9304e-01     0.1285      0.015    1471.37     57.826     4.0696  38.606802  0.000e+00
      6.159     5.8946    32.5495    25.6295 2.9304e-01     0.1298      0.015    1471.33     57.832     4.0710  38.606803  0.000e+00
      6.180     5.9007    32.5404    25.6215 2.9304e-01     0.1285      0.015    1471.34     57.835     4.0709  38.606803  0.000e+00
      6.195     5.9183    32.5374    25.6170 2.8083e-01     0.1298      0.015    1471.41     57.829     4.0689  38.606804  0.000e+00
      6.219     5.9323    32.5438    25.6203 2.9304e-01     0.1285      0.015    1471.48     57.822     4.0669  38.606804  0.000e+00
      6.229     5.9406    32.5498    25.6241 2.8083e-01     0.1285      0.015    1471.52     57.823     4.0660  38.606805  0.000e+00
      6.254     5.9498    32.5504    25.6235 2.9304e-01     0.1298      0.015    1471.55     57.823     4.0651  38.606805  0.000e+00
      6.267     5.9581    32.5518    25.6236 2.8083e-01     0.1298      0.015    1471.59     57.823     4.0643  38.606806  0.000e+00
      6.300     5.9650    32.5548    25.6251 2.8083e-01     0.1285      0.015    1471.62     57.884     4.0678  38.606806  0.000e+00
      6.303     5.9682    32.5567    25.6262 2.9304e-01     0.1298      0.015    1471.64     57.890     4.0679  38.606807  0.000e+00
      6.335     5.9745    32.5530    25.6225 2.9304e-01     0.1285      0.015    1471.66     57.896     4.0678  38.606807  0.000e+00
      6.339     5.9818    32.5521    25.6209 2.9304e-01     0.1298      0.015    1471.69     57.899     4.0674  38.606807  0.000e+00
      6.350     5.9889    32.5549    25.6222 2.9304e-01     0.1285      0.015    1471.72     57.902     4.0668  38.606808  0.000e+00
      6.384     5.9941    32.5581    25.6242 2.9304e-01     0.1298      0.015    1471.74     57.888     4.0653  38.606808  0.000e+00
      6.387     5.9966    32.5616    25.6266 2.9304e-01     0.1285      0.015    1471.76     57.889     4.0650  38.606809  0.000e+00
      6.423     5.9960    32.5642    25.6288 2.9304e-01     0.1298      0.015    1471.76     57.889     4.0650  38.606809  0.000e+00
      6.431     5.9976    32.5612    25.6262 2.9304e-01     0.1298      0.015    1471.76     57.888     4.0648  38.606810  0.000e+00
      6.470     5.9995    32.5592    25.6244 2.9304e-01     0.1298      0.015    1471.77     57.886     4.0646  38.606810  0.000e+00
      6.467     6.0009    32.5623    25.6266 2.9304e-01     0.1298      0.015    1471.78     57.883     4.0642  38.606811  0.000e+00
      6.505     6.0027    32.5655    25.6290 2.9304e-01     0.1285      0.015    1471.79     57.817     4.0593  38.606811  0.000e+00
      6.518     6.0049    32.5667    25.6297 2.9304e-01     0.1285      0.015    1471.80     57.875     4.0631  38.606812  0.000e+00
      6.526     6.0063    32.5673    25.6299 2.9304e-01     0.1285      0.015    1471.81     57.870     4.0626  38.606812  0.000e+00
      6.554     6.0082    32.5679    25.6302 2.9304e-01     0.1285      0.015    1471.81     57.864     4.0619  38.606813  0.000e+00
      6.586     6.0103    32.5681    25.6301 2.9304e-01     0.1285      0.015    1471.82     57.919     4.0656  38.606813  0.000e+00
      6.590     6.0117    32.5689    25.6305 2.8083e-01     0.1285      0.015    1471.83     57.918     4.0654  38.606814  0.000e+00
      6.614     6.0121    32.5696    25.6310 2.8083e-01     0.1285      0.015    1471.83     57.870     4.0620  38.606814  0.000e+00
      6.622     6.0125    32.5690    25.6305 2.8083e-01     0.1298      0.015    1471.83     57.868     4.0618  38.606815  0.000e+00
      6.661     6.0117    32.5687    25.6304 2.6862e-01     0.1285      0.015    1471.83     57.858     4.0612  38.606815  0.000e+00
      6.671     6.0103    32.5695    25.6312 2.6862e-01     0.1285      0.015    1471.83     57.854     4.0610  38.606816  0.000e+00
      6.709     6.0089    32.5696    25.6315 2.8083e-01     0.1285      0.015    1471.82     57.913     4.0653  38.606816  0.000e+00
      6.734     6.0082    32.5694    25.6313 2.6862e-01     0.1285      0.015    1471.82     57.916     4.0655  38.606817  0.000e+00
