RAWDATA/IO2019/20190207/Cj1_20190207_down.cnv
* Sea-Bird SBE 9 Data File:
* FileName = C:\CTD Brukere\NIVA\IO2019\20190207\Cj1_20190207.hex
* Software Version Seasave V 7.23.2
* Temperature SN = 5352
* Conductivity SN = 3840
* Number of Bytes Per Scan = 28
* Number of Voltage Words = 4
* Number of Scans Averaged by the Deck Unit = 1
* NMEA baud rate = 4800
** Ship: R/V Trygve Braarud
** Cruise:
** Station:
** Operator:
# nquan = 12
# nvalues = 2312                                  
# units = specified
# name 0 = depSM: Depth [salt water, m], lat = 59.60
# name 1 = t090C: Temperature [ITS-90, deg C]
# name 2 = sal00: Salinity, Practical [PSU]
# name 3 = sigma-t00: Density [sigma-t, kg/m^3 ]
# name 4 = flSP: Fluorescence, Seapoint
# name 5 = wetStar: Fluorescence, WET Labs WETstar [mg/m^3]
# name 6 = seaTurbMtr: Turbidity, Seapoint [FTU]
# name 7 = svCM: Sound Velocity [Chen-Millero, m/s]
# name 8 = sbeox0PS: Oxygen, SBE 43 [% saturation]
# name 9 = sbeox0ML/L: Oxygen, SBE 43 [ml/l]
# name 10 = timeJ: Julian Days
# name 11 = flag:  0.000e+00
# span 0 =      0.701,     52.441                 
# span 1 =     5.4104,     8.6406                 
# span 2 =    32.4491,    33.9036                 
# span 3 =    25.6019,    26.3305                 
# span 4 = 1.4652e-01, 4.6398e-01                 
# span 5 =     0.1273,     0.1310                 
# span 6 =      0.011,      0.018                 
# span 7 =    1469.18,    1484.08                 
# span 8 =     54.585,     58.246                 
# span 9 =     3.6035,     4.1487                 
# span 10 =  38.606644,  38.607758                
# span 11 = 0.0000e+00, 0.0000e+00                
# interval = seconds: 0.0416667
# start_time = Feb 07 2019 14:33:34 [System UpLoad Time]
# bad_flag = -9.990e-29
*END*
[from data line 2046]
     49.169     8.5636    33.8776    26.3074 1.4652e-01     0.1298      0.015    1484.02     57.571     3.7794  38.607630  0.000e+00
     49.181     8.5636    33.8784    26.3080 1.4652e-01     0.1298      0.015    1484.02     57.517     3.7758  38.607631  0.000e+00
     49.215     8.5636    33.8796    26.3089 1.4652e-01     0.1298      0.015    1484.02     57.518     3.7759  38.607631  0.000e+00
     49.241     8.5631    33.8803    26.3096 1.4652e-01     0.1298      0.015    1484.02     57.518     3.7759  38.607632  0.000e+00
     49.265     8.5631    33.8800    26.3093 1.4652e-01     0.1285      0.015    1484.02     57.518     3.7759  38.607632  0.000e+00
     49.275     8.5633    33.8790    26.3085 1.4652e-01     0.1298      0.015    1484.02     57.517     3.7758  38.607633  0.000e+00
     49.314     8.5634    33.8794    26.3088 1.4652e-01     0.1298      0.015    1484.02     57.515     3.7757  38.607633  0.000e+00
     49.338     8.5633    33.8800    26.3093 1.4652e-01     0.1298      0.015    1484.02     57.513     3.7756  38.607634  0.000e+00
     49.359     8.5636    33.8793    26.3087 1.4652e-01     0.1298      0.015    1484.02     57.510     3.7754  38.607634  0.000e+00
     49.398     8.5633    33.8787    26.3082 1.4652e-01     0.1298      0.018    1484.02     57.507     3.7752  38.607635  0.000e+00
     49.410     8.5638    33.8772    26.3070 1.4652e-01     0.1298      0.015    1484.02     57.503     3.7749  38.607635  0.000e+00
     49.434     8.5639    33.8778    26.3074 1.4652e-01     0.1285      0.015    1484.02     57.560     3.7786  38.607636  0.000e+00
     49.468     8.5643    33.8798    26.3090 1.4652e-01     0.1298      0.015    1484.03     57.569     3.7792  38.607636  0.000e+00
     49.494     8.5639    33.8818    26.3106 1.4652e-01     0.1298      0.015    1484.03     57.509     3.7752  38.607636  0.000e+00
     49.519     8.5641    33.8825    26.3111 1.4652e-01     0.1298      0.018    1484.03     57.571     3.7792  38.607637  0.000e+00
     49.540     8.5639    33.8823    26.3110 1.4652e-01     0.1298      0.015    1484.03     57.517     3.7757  38.607637  0.000e+00
     49.554     8.5639    33.8823    26.3110 1.4652e-01     0.1298      0.015    1484.03     57.509     3.7752  38.607638  0.000e+00
     49.601     8.5641    33.8821    26.3108 1.4652e-01     0.1298      0.015    1484.03     57.563     3.7787  38.607638  0.000e+00
     49.600     8.5646    33.8809    26.3098 1.4652e-01     0.1298      0.015    1484.03     57.568     3.7790  38.607639  0.000e+00
     49.650     8.5646    33.8808    26.3097 1.4652e-01     0.1298      0.015    1484.03     57.573     3.7794  38.607639  0.000e+00
     49.662     8.5647    33.8811    26.3100 1.4652e-01     0.1298      0.018    1484.03     57.577     3.7796  38.607640  0.000e+00
     49.699     8.5651    33.8814    26.3102 1.4652e-01     0.1298      0.015    1484.04     57.581     3.7798  38.607640  0.000e+00
     49.720     8.5652    33.8815    26.3102 1.4652e-01     0.1298      0.015    1484.04     57.577     3.7795  38.607641  0.000e+00
     49.735     8.5655    33.8817    26.3103 1.4652e-01     0.1298      0.015    1484.04     57.579     3.7797  38.607641  0.000e+00
     49.759     8.5657    33.8807    26.3094 1.4652e-01     0.1298      0.015    1484.04     57.581     3.7798  38.607642  0.000e+00
     49.782     8.5654    33.8783    26.3077 1.4652e-01     0.1298      0.015    1484.03     57.582     3.7799  38.607642  0.000e+00
     49.805     8.5651    33.8766    26.3063 1.4652e-01     0.1298      0.015    1484.03     57.582     3.7800  38.607643  0.000e+00
     49.831     8.5649    33.8747    26.3049 1.4652e-01     0.1298      0.015    1484.03     57.582     3.7801  38.607643  0.000e+00
     49.866     8.5652    33.8737    26.3041 1.4652e-01     0.1298      0.015    1484.03     57.582     3.7800  38.607644  0.000e+00
     49.878     8.5654    33.8758    26.3057 1.4652e-01     0.1298      0.015    1484.03     57.580     3.7799  38.607644  0.000e+00
     49.915     8.5652    33.8779    26.3074 1.4652e-01     0.1298      0.015    1484.04     57.578     3.7797  38.607645  0.000e+00
     49.939     8.5652    33.8788    26.3081 1.4652e-01     0.1298      0.018    1484.04     57.576     3.7795  38.607645  0.000e+00
     49.962     8.5656    33.8784    26.3077 1.4652e-01     0.1298      0.015    1484.04     57.573     3.7793  38.607646  0.000e+00
     49.974     8.5654    33.8787    26.3080 1.4652e-01     0.1285      0.015    1484.04     57.569     3.7791  38.607646  0.000e+00
     50.011     8.5656    33.8796    26.3087 1.4652e-01     0.1298      0.015    1484.04     57.565     3.7788  38.607647  0.000e+00
     50.035     8.5657    33.8803    26.3092 1.4652e-01     0.1298      0.015    1484.04     57.560     3.7784  38.607647  0.000e+00
     50.060     8.5659    33.8808    26.3096 1.4652e-01     0.1298      0.015    1484.04     57.555     3.7781  38.607648  0.000e+00
     50.081     8.5662    33.8812    26.3098 1.4652e-01     0.1298      0.015    1484.05     57.549     3.7776  38.607648  0.000e+00
     50.096     8.5660    33.8818    26.3103 1.4652e-01     0.1298      0.015    1484.05     57.549     3.7777  38.607649  0.000e+00
     50.120     8.5664    33.8820    26.3104 1.4652e-01     0.1298      0.015    1484.05     57.543     3.7772  38.607649  0.000e+00
     50.167     8.5662    33.8826    26.3109 1.4652e-01     0.1298      0.015    1484.05     57.543     3.7772  38.607649  0.000e+00
     50.165     8.5660    33.8834    26.3115 1.4652e-01     0.1298      0.015    1484.05     57.535     3.7767  38.607650  0.000e+00
     50.203     8.5660    33.8843    26.3123 1.4652e-01     0.1298      0.015    1484.05     57.595     3.7806  38.607650  0.000e+00
     50.240     8.5664    33.8842    26.3121 1.4652e-01     0.1298      0.015    1484.05     57.532     3.7764  38.607651  0.000e+00
     50.252     8.5662    33.8844    26.3123 1.4652e-01     0.1298      0.015    1484.05     57.530     3.7763  38.607651  0.000e+00
     50.276     8.5662    33.8836    26.3116 1.4652e-01     0.1298      0.015    1484.05     57.589     3.7802  38.607652  0.000e+00
     50.274     8.5662    33.8831    26.3113 1.4652e-01     0.1298      0.015    1484.05     57.531     3.7764  38.607652  0.000e+00
     50.336     8.5662    33.8824    26.3107 1.4652e-01     0.1298      0.015    1484.05     57.528     3.7762  38.607653  0.000e+00
     50.336     8.5662    33.8823    26.3106 1.4652e-01     0.1298      0.018    1484.05     57.524     3.7760  38.607653  0.000e+00
     50.372     8.5660    33.8822    26.3106 1.4652e-01     0.1298      0.015    1484.05     57.528     3.7762  38.607654  0.000e+00
     50.383     8.5662    33.8827    26.3109 1.4652e-01     0.1298      0.015    1484.05     57.585     3.7800  38.607654  0.000e+00
     50.430     8.5660    33.8823    26.3107 1.4652e-01     0.1298      0.015    1484.05     57.526     3.7761  38.607655  0.000e+00
     50.443     8.5662    33.8829    26.3112 1.4652e-01     0.1285      0.018    1484.05     57.583     3.7798  38.607655  0.000e+00
     50.456     8.5662    33.8829    26.3112 1.4652e-01     0.1298      0.018    1484.05     57.585     3.7799  38.607656  0.000e+00
     50.481     8.5664    33.8835    26.3116 1.4652e-01     0.1298      0.018    1484.06     57.586     3.7800  38.607656  0.000e+00
     50.526     8.5662    33.8841    26.3121 1.4652e-01     0.1298      0.015    1484.06     57.586     3.7800  38.607657  0.000e+00
     50.552     8.5662    33.8843    26.3122 1.4652e-01     0.1298      0.018    1484.06     57.586     3.7800  38.607657  0.000e+00
     50.552     8.5664    33.8838    26.3118 1.4652e-01     0.1298      0.018    1484.06     57.585     3.7799  38.607658  0.000e+00
     50.588     8.5660    33.8835    26.3116 1.4652e-01     0.1298      0.018    1484.06     57.584     3.7799  38.607658  0.000e+00
     50.612     8.5662    33.8829    26.3111 1.5873e-01     0.1298      0.015    1484.06     57.582     3.7798  38.607659  0.000e+00
     50.637     8.5664    33.8832    26.3113 1.4652e-01     0.1298      0.015    1484.06     57.587     3.7801  38.607659  0.000e+00
     50.671     8.5662    33.8840    26.3120 1.4652e-01     0.1298      0.015    1484.06     57.592     3.7804  38.607660  0.000e+00
     50.697     8.5660    33.8848    26.3126 1.4652e-01     0.1298      0.015    1484.06     57.589     3.7802  38.607660  0.000e+00
     50.708     8.5662    33.8848    26.3126 1.4652e-01     0.1298      0.015    1484.06     57.592     3.7804  38.607661  0.000e+00
     50.744     8.5662    33.8845    26.3124 1.5873e-01     0.1298      0.015    1484.06     57.589     3.7801  38.607661  0.000e+00
     50.781     8.5662    33.8847    26.3125 1.4652e-01     0.1298      0.018    1484.06     57.584     3.7799  38.607662  0.000e+00
     50.791     8.5660    33.8852    26.3130 1.4652e-01     0.1298      0.015    1484.06     57.586     3.7800  38.607662  0.000e+00
     50.828     8.5662    33.8848    26.3126 1.4652e-01     0.1298      0.015    1484.06     57.588     3.7801  38.607663  0.000e+00
     50.853     8.5660    33.8852    26.3129 1.4652e-01     0.1298      0.015    1484.06     57.651     3.7843  38.607663  0.000e+00
     50.877     8.5660    33.8845    26.3124 1.4652e-01     0.1285      0.015    1484.06     57.660     3.7848  38.607663  0.000e+00
     50.902     8.5662    33.8840    26.3120 1.4652e-01     0.1298      0.015    1484.06     57.606     3.7813  38.607664  0.000e+00
     50.924     8.5657    33.8842    26.3123 1.4652e-01     0.1298      0.018    1484.06     57.667     3.7854  38.607664  0.000e+00
     50.936     8.5659    33.8842    26.3122 1.4652e-01     0.1298      0.015    1484.06     57.674     3.7858  38.607665  0.000e+00
     50.997     8.5657    33.8845    26.3124 1.4652e-01     0.1298      0.015    1484.06     57.680     3.7862  38.607665  0.000e+00
     50.997     8.5657    33.8847    26.3126 1.4652e-01     0.1298      0.018    1484.06     57.685     3.7865  38.607666  0.000e+00
     51.033     8.5659    33.8841    26.3121 1.4652e-01     0.1298      0.015    1484.06     57.690     3.7869  38.607666  0.000e+00
     51.058     8.5657    33.8841    26.3121 1.4652e-01     0.1298      0.018    1484.06     57.695     3.7872  38.607667  0.000e+00
     51.105     8.5657    33.8846    26.3125 1.4652e-01     0.1298      0.015    1484.06     57.699     3.7874  38.607667  0.000e+00
     51.118     8.5657    33.8840    26.3120 1.4652e-01     0.1298      0.015    1484.06     57.702     3.7876  38.607668  0.000e+00
     51.141     8.5654    33.8838    26.3120 1.4652e-01     0.1298      0.015    1484.06     57.704     3.7878  38.607668  0.000e+00
     51.165     8.5656    33.8838    26.3119 1.4652e-01     0.1298      0.015    1484.06     57.706     3.7879  38.607669  0.000e+00
     51.165     8.5651    33.8851    26.3130 1.4652e-01     0.1298      0.015    1484.06     57.707     3.7880  38.607669  0.000e+00
     51.238     8.5651    33.8855    26.3133 1.4652e-01     0.1298      0.015    1484.07     57.708     3.7881  38.607670  0.000e+00
     51.225     8.5651    33.8854    26.3132 1.4652e-01     0.1298      0.018    1484.07     57.708     3.7881  38.607670  0.000e+00
     51.249     8.5651    33.8845    26.3126 1.4652e-01     0.1298      0.015    1484.06     57.708     3.7881  38.607671  0.000e+00
     51.285     8.5649    33.8832    26.3116 1.4652e-01     0.1298      0.015    1484.06     57.707     3.7881  38.607671  0.000e+00
     51.310     8.5646    33.8828    26.3113 1.4652e-01     0.1298      0.015    1484.06     57.705     3.7880  38.607672  0.000e+00
     51.334     8.5643    33.8824    26.3110 1.4652e-01     0.1298      0.015    1484.06     57.703     3.7879  38.607672  0.000e+00
     51.345     8.5641    33.8835    26.3119 1.4652e-01     0.1298      0.015    1484.06     57.700     3.7877  38.607673  0.000e+00
     51.394     8.5643    33.8844    26.3126 1.4652e-01     0.1298      0.015    1484.06     57.697     3.7875  38.607673  0.000e+00
     51.405     8.5644    33.8847    26.3128 1.4652e-01     0.1298      0.018    1484.07     57.693     3.7872  38.607674  0.000e+00
     51.418     8.5646    33.8852    26.3132 1.4652e-01     0.1298      0.018    1484.07     57.696     3.7873  38.607674  0.000e+00
     51.454     8.5642    33.8859    26.3138 1.4652e-01     0.1298      0.018    1484.07     57.691     3.7870  38.607675  0.000e+00
     51.466     8.5643    33.8854    26.3134 1.4652e-01     0.1298      0.015    1484.07     57.686     3.7867  38.607675  0.000e+00
     51.503     8.5644    33.8853    26.3133 1.4652e-01     0.1298      0.015    1484.07     57.687     3.7868  38.607676  0.000e+00
     51.503     8.5646    33.8840    26.3123 1.5873e-01     0.1298      0.015    1484.07     57.681     3.7864  38.607676  0.000e+00
     51.539     8.5643    33.8836    26.3120 1.4652e-01     0.1298      0.015    1484.07     57.674     3.7859  38.607677  0.000e+00
     51.561     8.5643    33.8833    26.3117 1.4652e-01     0.1298      0.015    1484.07     57.667     3.7855  38.607677  0.000e+00
     51.574     8.5642    33.8833    26.3117 1.4652e-01     0.1298      0.015    1484.07     57.658     3.7849  38.607677  0.000e+00
     51.599     8.5641    33.8839    26.3122 1.4652e-01     0.1298      0.018    1484.07     57.596     3.7808  38.607678  0.000e+00
     51.623     8.5643    33.8844    26.3126 1.5873e-01     0.1298      0.015    1484.07     57.580     3.7798  38.607678  0.000e+00
     51.635     8.5641    33.8850    26.3131 1.4652e-01     0.1298      0.015    1484.07     57.633     3.7832  38.607679  0.000e+00
     51.659     8.5638    33.8851    26.3132 1.4652e-01     0.1298      0.015    1484.07     57.569     3.7791  38.607679  0.000e+00
     51.683     8.5636    33.8854    26.3135 1.4652e-01     0.1298      0.015    1484.07     57.622     3.7825  38.607680  0.000e+00
     51.706     8.5636    33.8853    26.3134 1.4652e-01     0.1298      0.015    1484.07     57.620     3.7824  38.607680  0.000e+00
     51.706     8.5634    33.8853    26.3135 1.4652e-01     0.1298      0.015    1484.07     57.617     3.7822  38.607681  0.000e+00
     51.743     8.5636    33.8849    26.3131 1.4652e-01     0.1298      0.015    1484.07     57.553     3.7780  38.607681  0.000e+00
     51.743     8.5638    33.8846    26.3128 1.4652e-01     0.1298      0.015    1484.07     57.543     3.7774  38.607682  0.000e+00
     51.779     8.5638    33.8841    26.3124 1.4652e-01     0.1285      0.015    1484.07     57.533     3.7767  38.607682  0.000e+00
     51.791     8.5638    33.8841    26.3125 1.4652e-01     0.1298      0.015    1484.07     57.523     3.7761  38.607683  0.000e+00
     51.815     8.5639    33.8838    26.3122 1.4652e-01     0.1298      0.015    1484.07     57.514     3.7754  38.607683  0.000e+00
     51.839     8.5639    33.8840    26.3123 1.4652e-01     0.1298      0.015    1484.07     57.504     3.7748  38.607684  0.000e+00
     51.851     8.5639    33.8841    26.3124 1.4652e-01     0.1285      0.015    1484.07     57.494     3.7741  38.607684  0.000e+00
     51.875     8.5639    33.8843    26.3125 1.4652e-01     0.1298      0.015    1484.07     57.484     3.7735  38.607685  0.000e+00
     51.875     8.5639    33.8841    26.3124 1.4652e-01     0.1298      0.015    1484.07     57.413     3.7688  38.607685  0.000e+00
     51.900     8.5639    33.8843    26.3125 1.4652e-01     0.1298      0.015    1484.07     57.458     3.7717  38.607686  0.000e+00
     51.911     8.5636    33.8852    26.3134 1.4652e-01     0.1298      0.015    1484.07     57.448     3.7711  38.607686  0.000e+00
     51.935     8.5633    33.8857    26.3138 1.4652e-01     0.1298      0.018    1484.07     57.446     3.7710  38.607687  0.000e+00
     51.960     8.5626    33.8863    26.3143 1.4652e-01     0.1298      0.015    1484.07     57.382     3.7669  38.607687  0.000e+00
