RAWDATA/IO2019/20190207/Cj1_20190207_down.cnv
* Sea-Bird SBE 9 Data File:
* FileName = C:\CTD Brukere\NIVA\IO2019\20190207\Cj1_20190207.hex
* Software Version Seasave V 7.23.2
* Temperature SN = 5352
* Conductivity SN = 3840
* Number of Bytes Per Scan = 28
* Number of Voltage Words = 4
* Number of Scans Averaged by the Deck Unit = 1
* NMEA baud rate = 4800
** Ship: R/V Trygve Braarud
** Cruise:
** Station:
** Operator:
# nquan = 12
# nvalues = 2312                                  
# units = specified
# name 0 = depSM: Depth [salt water, m], lat = 59.60
# name 1 = t090C: Temperature [ITS-90, deg C]
# name 2 = sal00: Salinity, Practical [PSU]
# name 3 = sigma-t00: Density [sigma-t, kg/m^3 ]
# name 4 = flSP: Fluorescence, Seapoint
# name 5 = wetStar: Fluorescence, WET Labs WETstar [mg/m^3]
# name 6 = seaTurbMtr: Turbidity, Seapoint [FTU]
# name 7 = svCM: Sound Velocity [Chen-Millero, m/s]
# name 8 = sbeox0PS: Oxygen, SBE 43 [% saturation]
# name 9 = sbeox0ML/L: Oxygen, SBE 43 [ml/l]
# name 10 = timeJ: Julian Days
# name 11 = flag:  0.000e+00
# span 0 =      0.701,     52.441                 
# span 1 =     5.4104,     8.6406                 
# span 2 =    32.4491,    33.9036                 
# span 3 =    25.6019,    26.3305                 
# span 4 = 1.4652e-01, 4.6398e-01                 
# span 5 =     0.1273,     0.1310                 
# span 6 =      0.011,      0.018                 
# span 7 =    1469.18,    1484.08                 
# span 8 =     54.585,     58.246                 
# span 9 =     3.6035,     4.1487                 
# span 10 =  38.606644,  38.607758                
# span 11 = 0.0000e+00, 0.0000e+00                
# interval = seconds: 0.0416667
# start_time = Feb 07 2019 14:33:34 [System UpLoad Time]
# bad_flag = -9.990e-29
*END*
[from data line 121]
      0.715     5.4226    32.4589    25.6135 3.4188e-01     0.1285      0.015    1469.23     57.744     4.1128  38.606702  0.000e+00
      0.726     5.4238    32.4574    25.6122 3.4188e-01     0.1285      0.015    1469.23     57.683     4.1084  38.606702  0.000e+00
      0.738     5.4255    32.4563    25.6111 3.4188e-01     0.1285      0.015    1469.24     57.678     4.1079  38.606703  0.000e+00
      0.715     5.4254    32.4577    25.6122 3.4188e-01     0.1298      0.015    1469.24     57.674     4.1076  38.606703  0.000e+00
      0.715     5.4244    32.4591    25.6135 3.4188e-01     0.1285      0.015    1469.23     57.671     4.1075  38.606704  0.000e+00
      0.715     5.4262    32.4576    25.6121 3.2967e-01     0.1285      0.015    1469.24     57.669     4.1072  38.606704  0.000e+00
      0.715     5.4287    32.4556    25.6102 3.2967e-01     0.1285      0.015    1469.25     57.667     4.1069  38.606705  0.000e+00
      0.749     5.4294    32.4563    25.6106 3.2967e-01     0.1285      0.015    1469.25     57.668     4.1068  38.606705  0.000e+00
      0.762     5.4298    32.4572    25.6113 3.4188e-01     0.1298      0.015    1469.25     57.669     4.1068  38.606706  0.000e+00
      0.762     5.4295    32.4582    25.6121 3.2967e-01     0.1285      0.015    1469.25     57.671     4.1070  38.606706  0.000e+00
      0.786     5.4290    32.4583    25.6123 3.1746e-01     0.1298      0.015    1469.25     57.674     4.1073  38.606707  0.000e+00
      0.786     5.4276    32.4589    25.6129 3.0525e-01     0.1285      0.015    1469.25     57.678     4.1077  38.606707  0.000e+00
      0.773     5.4258    32.4600    25.6140 3.0525e-01     0.1285      0.015    1469.24     57.683     4.1082  38.606708  0.000e+00
      0.822     5.4244    32.4594    25.6137 3.0525e-01     0.1285      0.015    1469.24     57.681     4.1082  38.606708  0.000e+00
      0.822     5.4234    32.4585    25.6131 3.0525e-01     0.1298      0.015    1469.23     57.688     4.1088  38.606709  0.000e+00
      0.858     5.4221    32.4577    25.6126 3.0525e-01     0.1285      0.015    1469.22     57.626     4.1045  38.606709  0.000e+00
      0.858     5.4197    32.4582    25.6133 3.1746e-01     0.1298      0.015    1469.22     57.626     4.1048  38.606710  0.000e+00
      0.869     5.4167    32.4584    25.6138 3.1746e-01     0.1298      0.015    1469.20     57.620     4.1046  38.606710  0.000e+00
      0.880     5.4134    32.4582    25.6140 3.1746e-01     0.1298      0.015    1469.19     57.616     4.1046  38.606711  0.000e+00
      0.882     5.4112    32.4579    25.6140 3.1746e-01     0.1285      0.015    1469.18     57.611     4.1045  38.606711  0.000e+00
      0.929     5.4104    32.4567    25.6131 3.1746e-01     0.1285      0.015    1469.18     57.608     4.1045  38.606712  0.000e+00
      0.929     5.4110    32.4551    25.6118 3.1746e-01     0.1298      0.015    1469.18     57.606     4.1043  38.606712  0.000e+00
      0.942     5.4116    32.4550    25.6117 3.1746e-01     0.1285      0.015    1469.18     57.605     4.1041  38.606712  0.000e+00
      0.977     5.4132    32.4545    25.6111 3.1746e-01     0.1285      0.015    1469.19     57.605     4.1040  38.606713  0.000e+00
      1.000     5.4145    32.4547    25.6111 3.1746e-01     0.1285      0.015    1469.19     57.605     4.1039  38.606713  0.000e+00
      1.013     5.4148    32.4559    25.6120 3.1746e-01     0.1285      0.015    1469.20     57.607     4.1039  38.606714  0.000e+00
      1.037     5.4148    32.4569    25.6128 3.1746e-01     0.1285      0.015    1469.20     57.610     4.1041  38.606714  0.000e+00
      1.037     5.4159    32.4561    25.6120 3.0525e-01     0.1285      0.015    1469.20     57.613     4.1043  38.606715  0.000e+00
      1.060     5.4170    32.4552    25.6112 3.0525e-01     0.1285      0.015    1469.20     57.618     4.1045  38.606715  0.000e+00
      1.073     5.4186    32.4542    25.6103 3.0525e-01     0.1285      0.015    1469.21     57.624     4.1048  38.606716  0.000e+00
      1.071     5.4205    32.4536    25.6096 3.0525e-01     0.1285      0.015    1469.22     57.560     4.1001  38.606716  0.000e+00
      1.180     5.4243    32.4519    25.6077 3.0525e-01     0.1298      0.015    1469.23     57.560     4.0998  38.606717  0.000e+00
      1.180     5.4243    32.4547    25.6100 2.9304e-01     0.1298      0.015    1469.24     57.552     4.0992  38.606717  0.000e+00
      1.204     5.4213    32.4589    25.6137 2.9304e-01     0.1298      0.015    1469.23     57.546     4.0989  38.606718  0.000e+00
      1.228     5.4228    32.4566    25.6116 3.0525e-01     0.1285      0.015    1469.23     57.541     4.0984  38.606718  0.000e+00
      1.251     5.4267    32.4527    25.6081 2.9304e-01     0.1298      0.015    1469.24     57.536     4.0979  38.606719  0.000e+00
      1.286     5.4295    32.4528    25.6079 2.9304e-01     0.1285      0.015    1469.26     57.533     4.0973  38.606719  0.000e+00
      1.371     5.4308    32.4547    25.6092 2.9304e-01     0.1285      0.015    1469.26     57.531     4.0970  38.606720  0.000e+00
      1.395     5.4316    32.4558    25.6100 2.9304e-01     0.1285      0.015    1469.27     57.530     4.0968  38.606720  0.000e+00
      1.419     5.4331    32.4556    25.6096 3.0525e-01     0.1285      0.015    1469.28     57.530     4.0967  38.606721  0.000e+00
      1.442     5.4336    32.4566    25.6104 2.9304e-01     0.1285      0.015    1469.28     57.531     4.0967  38.606721  0.000e+00
      1.490     5.4340    32.4570    25.6107 2.9304e-01     0.1285      0.015    1469.28     57.470     4.0923  38.606722  0.000e+00
      1.515     5.4352    32.4565    25.6102 2.9304e-01     0.1298      0.015    1469.29     57.528     4.0963  38.606722  0.000e+00
      1.550     5.4376    32.4556    25.6092 2.9304e-01     0.1285      0.015    1469.30     57.532     4.0964  38.606723  0.000e+00
      1.597     5.4395    32.4550    25.6084 2.9304e-01     0.1285      0.015    1469.30     57.537     4.0966  38.606723  0.000e+00
      1.608     5.4390    32.4579    25.6108 2.9304e-01     0.1298      0.015    1469.31     57.481     4.0925  38.606724  0.000e+00
      1.681     5.4412    32.4562    25.6092 2.9304e-01     0.1285      0.015    1469.31     57.480     4.0923  38.606724  0.000e+00
      1.728     5.4442    32.4547    25.6077 2.9304e-01     0.1298      0.015    1469.33     57.481     4.0921  38.606725  0.000e+00
      1.753     5.4462    32.4557    25.6082 3.0525e-01     0.1285      0.015    1469.34     57.483     4.0921  38.606725  0.000e+00
      1.812     5.4506    32.4550    25.6072 3.0525e-01     0.1298      0.015    1469.35     57.486     4.0919  38.606726  0.000e+00
      1.824     5.4526    32.4572    25.6087 3.0525e-01     0.1285      0.015    1469.36     57.483     4.0914  38.606726  0.000e+00
      1.848     5.4527    32.4589    25.6101 3.0525e-01     0.1285      0.015    1469.37     57.480     4.0911  38.606726  0.000e+00
      1.872     5.4534    32.4590    25.6100 3.0525e-01     0.1298      0.015    1469.37     57.479     4.0910  38.606727  0.000e+00
      1.897     5.4533    32.4593    25.6103 3.0525e-01     0.1285      0.015    1469.37     57.478     4.0909  38.606727  0.000e+00
      1.968     5.4520    32.4607    25.6116 3.0525e-01     0.1285      0.015    1469.37     57.417     4.0867  38.606728  0.000e+00
      1.992     5.4510    32.4608    25.6117 2.9304e-01     0.1285      0.015    1469.36     57.473     4.0908  38.606728  0.000e+00
      2.015     5.4501    32.4606    25.6116 3.0525e-01     0.1285      0.015    1469.36     57.476     4.0911  38.606729  0.000e+00
      2.050     5.4517    32.4586    25.6099 3.0525e-01     0.1298      0.018    1469.37     57.417     4.0868  38.606729  0.000e+00
      2.075     5.4544    32.4572    25.6085 3.0525e-01     0.1298      0.015    1469.38     57.414     4.0863  38.606730  0.000e+00
      2.099     5.4579    32.4569    25.6079 3.0525e-01     0.1285      0.015    1469.39     57.412     4.0859  38.606730  0.000e+00
      2.123     5.4591    32.4580    25.6086 3.1746e-01     0.1298      0.015    1469.40     57.475     4.0902  38.606731  0.000e+00
      2.123     5.4536    32.4648    25.6146 3.1746e-01     0.1285      0.015    1469.38     57.484     4.0912  38.606731  0.000e+00
      2.183     5.4472    32.4660    25.6163 3.1746e-01     0.1298      0.015    1469.36     57.432     4.0881  38.606732  0.000e+00
      2.206     5.4425    32.4632    25.6146 3.1746e-01     0.1298      0.015    1469.34     57.436     4.0889  38.606732  0.000e+00
      2.241     5.4379    32.4617    25.6139 3.0525e-01     0.1298      0.015    1469.32     57.432     4.0891  38.606733  0.000e+00
      2.254     5.4355    32.4607    25.6134 3.0525e-01     0.1298      0.015    1469.31     57.430     4.0892  38.606733  0.000e+00
      2.279     5.4331    32.4603    25.6134 3.0525e-01     0.1285      0.015    1469.30     57.428     4.0893  38.606734  0.000e+00
      2.314     5.4303    32.4609    25.6142 3.0525e-01     0.1285      0.015    1469.29     57.428     4.0895  38.606734  0.000e+00
      2.314     5.4277    32.4604    25.6141 3.0525e-01     0.1285      0.015    1469.28     57.428     4.0898  38.606735  0.000e+00
      2.361     5.4260    32.4600    25.6139 3.2967e-01     0.1298      0.015    1469.27     57.429     4.0901  38.606735  0.000e+00
      2.361     5.4238    32.4597    25.6139 3.5409e-01     0.1298      0.015    1469.26     57.432     4.0905  38.606736  0.000e+00
      2.397     5.4221    32.4595    25.6140 3.4188e-01     0.1298      0.015    1469.25     57.435     4.0909  38.606736  0.000e+00
      2.432     5.4206    32.4592    25.6140 3.2967e-01     0.1298      0.015    1469.25     57.440     4.0914  38.606737  0.000e+00
      2.445     5.4196    32.4586    25.6136 3.1746e-01     0.1298      0.015    1469.24     57.382     4.0874  38.606737  0.000e+00
      2.481     5.4179    32.4587    25.6139 3.0525e-01     0.1298      0.015    1469.24     57.444     4.0919  38.606738  0.000e+00
      2.505     5.4168    32.4587    25.6140 3.0525e-01     0.1298      0.015    1469.23     57.389     4.0881  38.606738  0.000e+00
      2.552     5.4154    32.4583    25.6138 3.0525e-01     0.1285      0.015    1469.23     57.452     4.0928  38.606739  0.000e+00
      2.552     5.4171    32.4560    25.6118 3.0525e-01     0.1298      0.015    1469.23     57.400     4.0889  38.606739  0.000e+00
      2.588     5.4213    32.4530    25.6090 3.0525e-01     0.1285      0.015    1469.24     57.402     4.0888  38.606739  0.000e+00
      2.636     5.4263    32.4523    25.6078 3.0525e-01     0.1285      0.015    1469.26     57.398     4.0881  38.606740  0.000e+00
      2.648     5.4310    32.4535    25.6082 3.0525e-01     0.1298      0.015    1469.29     57.395     4.0873  38.606740  0.000e+00
      2.696     5.4371    32.4522    25.6065 3.0525e-01     0.1298      0.015    1469.31     57.455     4.0911  38.606741  0.000e+00
      2.707     5.4482    32.4491    25.6028 3.0525e-01     0.1285      0.015    1469.35     57.398     4.0860  38.606741  0.000e+00
      2.732     5.4596    32.4496    25.6019 3.0525e-01     0.1298      0.015    1469.40     57.397     4.0848  38.606742  0.000e+00
      2.767     5.4690    32.4524    25.6030 2.9304e-01     0.1285      0.015    1469.44     57.397     4.0838  38.606742  0.000e+00
      2.792     5.4748    32.4568    25.6058 3.0525e-01     0.1298      0.015    1469.47     57.336     4.0788  38.606743  0.000e+00
      2.816     5.4727    32.4633    25.6112 3.0525e-01     0.1285      0.015    1469.47     57.394     4.0830  38.606743  0.000e+00
      2.863     5.4658    32.4684    25.6160 3.0525e-01     0.1298      0.015    1469.45     57.336     4.0794  38.606744  0.000e+00
      2.874     5.4673    32.4624    25.6111 2.9304e-01     0.1298      0.015    1469.45     57.396     4.0837  38.606744  0.000e+00
      2.911     5.4744    32.4563    25.6055 2.9304e-01     0.1298      0.015    1469.47     57.340     4.0791  38.606745  0.000e+00
      2.923     5.4778    32.4596    25.6077 2.9304e-01     0.1285      0.015    1469.49     57.331     4.0781  38.606745  0.000e+00
      2.947     5.4743    32.4659    25.6131 2.9304e-01     0.1298      0.015    1469.48     57.394     4.0828  38.606746  0.000e+00
      2.994     5.4690    32.4676    25.6150 3.0525e-01     0.1285      0.015    1469.46     57.405     4.0840  38.606746  0.000e+00
      3.030     5.4648    32.4655    25.6138 3.0525e-01     0.1285      0.015    1469.44     57.354     4.0808  38.606747  0.000e+00
      3.043     5.4634    32.4629    25.6120 3.0525e-01     0.1298      0.015    1469.43     57.412     4.0852  38.606747  0.000e+00
      3.078     5.4631    32.4618    25.6111 2.9304e-01     0.1285      0.015    1469.43     57.417     4.0856  38.606748  0.000e+00
      3.102     5.4631    32.4616    25.6109 2.9304e-01     0.1298      0.015    1469.43     57.360     4.0815  38.606748  0.000e+00
      3.125     5.4624    32.4621    25.6114 2.9304e-01     0.1285      0.015    1469.43     57.420     4.0859  38.606749  0.000e+00
      3.138     5.4609    32.4634    25.6126 2.9304e-01     0.1298      0.015    1469.43     57.427     4.0865  38.606749  0.000e+00
      3.185     5.4613    32.4616    25.6111 2.9304e-01     0.1298      0.015    1469.43     57.372     4.0826  38.606750  0.000e+00
      3.221     5.4623    32.4607    25.6103 2.9304e-01     0.1285      0.015    1469.43     57.373     4.0825  38.606750  0.000e+00
      3.256     5.4623    32.4619    25.6113 2.9304e-01     0.1285      0.015    1469.43     57.375     4.0826  38.606751  0.000e+00
      3.269     5.4648    32.4605    25.6099 2.9304e-01     0.1298      0.015    1469.44     57.377     4.0826  38.606751  0.000e+00
      3.316     5.4706    32.4583    25.6074 2.9304e-01     0.1285      0.015    1469.46     57.434     4.0861  38.606752  0.000e+00
      3.327     5.4729    32.4612    25.6095 2.9304e-01     0.1285      0.015    1469.48     57.446     4.0867  38.606752  0.000e+00
      3.365     5.4739    32.4627    25.6106 2.9304e-01     0.1285      0.015    1469.48     57.396     4.0830  38.606753  0.000e+00
      3.400     5.4799    32.4594    25.6073 2.9304e-01     0.1298      0.015    1469.50     57.392     4.0823  38.606753  0.000e+00
      3.425     5.4880    32.4575    25.6048 2.9304e-01     0.1298      0.015    1469.53     57.389     4.0813  38.606753  0.000e+00
      3.460     5.4975    32.4567    25.6031 2.9304e-01     0.1298      0.015    1469.57     57.387     4.0802  38.606754  0.000e+00
      3.484     5.5049    32.4597    25.6046 2.9304e-01     0.1285      0.015    1469.61     57.394     4.0799  38.606754  0.000e+00
      3.507     5.5122    32.4608    25.6046 3.0525e-01     0.1298      0.015    1469.64     57.402     4.0798  38.606755  0.000e+00
      3.531     5.5209    32.4604    25.6033 2.9304e-01     0.1285      0.015    1469.67     57.402     4.0790  38.606755  0.000e+00
      3.591     5.5300    32.4611    25.6028 2.9304e-01     0.1285      0.015    1469.71     57.403     4.0782  38.606756  0.000e+00
      3.616     5.5382    32.4627    25.6031 2.9304e-01     0.1285      0.015    1469.75     57.405     4.0774  38.606756  0.000e+00
      3.627     5.5426    32.4664    25.6055 3.0525e-01     0.1285      0.015    1469.77     57.408     4.0771  38.606757  0.000e+00
      3.662     5.5434    32.4703    25.6085 2.9304e-01     0.1298      0.015    1469.78     57.412     4.0772  38.606757  0.000e+00
      3.685     5.5416    32.4722    25.6102 2.9304e-01     0.1285      0.015    1469.77     57.416     4.0777  38.606758  0.000e+00
      3.722     5.5361    32.4746    25.6128 2.9304e-01     0.1285      0.015    1469.75     57.422     4.0785  38.606758  0.000e+00
      3.747     5.5311    32.4735    25.6124 2.9304e-01     0.1285      0.015    1469.73     57.428     4.0795  38.606759  0.000e+00
