RAWDATA/IO2019/20190207/Cj1_20190207.cnv
* Sea-Bird SBE 9 Data File:
* FileName = C:\CTD Brukere\NIVA\IO2019\20190207\Cj1_20190207.hex
* Software Version Seasave V 7.23.2
* Temperature SN = 5352
* Conductivity SN = 3840
* Number of Bytes Per Scan = 28
* Number of Voltage Words = 4
* Number of Scans Averaged by the Deck Unit = 1
* NMEA baud rate = 4800
** Ship: R/V Trygve Braarud
** Cruise:
** Station:
** Operator:
# nquan = 12
# nvalues = 4067                                  
# units = specified
# name 0 = depSM: Depth [salt water, m], lat = 59.60
# name 1 = t090C: Temperature [ITS-90, deg C]
# name 2 = sal00: Salinity, Practical [PSU]
# name 3 = sigma-t00: Density [sigma-t, kg/m^3 ]
# name 4 = flSP: Fluorescence, Seapoint
# name 5 = wetStar: Fluorescence, WET Labs WETstar [mg/m^3]
# name 6 = seaTurbMtr: Turbidity, Seapoint [FTU]
# name 7 = svCM: Sound Velocity [Chen-Millero, m/s]
# name 8 = sbeox0PS: Oxygen, SBE 43 [% saturation]
# name 9 = sbeox0ML/L: Oxygen, SBE 43 [ml/l]
# name 10 = timeJ: Julian Days
# name 11 = flag:  0.000e+00
# span 0 =      0.524,     52.441                 
# span 1 =     5.4104,     8.6678                 
# span 2 =    32.4491,    33.9065                 
# span 3 =    25.5967,    26.3336                 
# span 4 = 1.4652e-01, 4.6398e-01                 
# span 5 =     0.1261,     0.1310                 
# span 6 =      0.000,      0.018                 
# span 7 =    1469.18,    1484.08                 
# span 8 =     54.069,     58.246                 
# span 9 =     3.6035,     4.1487                 
# span 10 =  38.606644,  38.608604                
# span 11 = 0.0000e+00, 0.0000e+00                
# interval = seconds: 0.0416667
# start_time = Feb 07 2019 14:33:34 [System UpLoad Time]
# bad_flag = -9.990e-29
*END*
[from data line 3128]
     31.405     8.6620    33.5159    26.0088 1.4652e-01     0.1298      0.018    1483.64     56.998     3.7423  38.608152  0.000e+00
     31.357     8.6597    33.5153    26.0086 1.4652e-01     0.1298      0.015    1483.63     56.993     3.7422  38.608152  0.000e+00
     31.332     8.6607    33.5092    26.0037 1.4652e-01     0.1298      0.015    1483.63     56.987     3.7419  38.608153  0.000e+00
     31.309     8.6610    33.5078    26.0025 1.4652e-01     0.1298      0.015    1483.63     56.983     3.7416  38.608153  0.000e+00
     31.274     8.6623    33.5056    26.0006 1.4652e-01     0.1298      0.015    1483.63     56.978     3.7412  38.608154  0.000e+00
     31.249     8.6645    33.5016    25.9972 1.4652e-01     0.1298      0.015    1483.63     56.974     3.7409  38.608154  0.000e+00
     31.186     8.6655    33.4987    25.9947 1.4652e-01     0.1298      0.015    1483.63     56.969     3.7406  38.608155  0.000e+00
     31.189     8.6657    33.4996    25.9954 1.4652e-01     0.1298      0.015    1483.63     56.966     3.7403  38.608155  0.000e+00
     31.154     8.6641    33.5037    25.9988 1.4652e-01     0.1298      0.015    1483.63     56.962     3.7401  38.608156  0.000e+00
     31.105     8.6628    33.4997    25.9959 1.5873e-01     0.1298      0.015    1483.62     56.959     3.7401  38.608156  0.000e+00
     31.094     8.6613    33.4927    25.9906 1.5873e-01     0.1298      0.015    1483.61     56.957     3.7402  38.608157  0.000e+00
     31.056     8.6597    33.4883    25.9875 1.4652e-01     0.1298      0.018    1483.59     56.954     3.7403  38.608157  0.000e+00
     31.034     8.6578    33.4862    25.9861 1.5873e-01     0.1298      0.015    1483.58     56.891     3.7364  38.608158  0.000e+00
     30.982     8.6542    33.4845    25.9854 1.4652e-01     0.1298      0.015    1483.57     56.943     3.7402  38.608158  0.000e+00
     30.974     8.6502    33.4828    25.9846 1.4652e-01     0.1298      0.015    1483.55     56.942     3.7405  38.608159  0.000e+00
     30.949     8.6470    33.4804    25.9832 1.4652e-01     0.1298      0.015    1483.54     56.941     3.7407  38.608159  0.000e+00
     30.901     8.6424    33.4774    25.9816 1.4652e-01     0.1298      0.015    1483.51     56.941     3.7411  38.608160  0.000e+00
     30.878     8.6385    33.4766    25.9816 1.4652e-01     0.1298      0.015    1483.50     56.879     3.7374  38.608160  0.000e+00
     30.854     8.6356    33.4733    25.9794 1.5873e-01     0.1298      0.015    1483.48     56.934     3.7413  38.608161  0.000e+00
     30.802     8.6290    33.4635    25.9727 1.5873e-01     0.1298      0.018    1483.45     56.873     3.7381  38.608161  0.000e+00
     30.782     8.6167    33.4548    25.9678 1.5873e-01     0.1298      0.015    1483.39     56.867     3.7390  38.608162  0.000e+00
     30.769     8.6010    33.4441    25.9618 1.5873e-01     0.1298      0.015    1483.32     56.863     3.7403  38.608162  0.000e+00
     30.733     8.5792    33.4379    25.9603 1.4652e-01     0.1298      0.015    1483.23     56.859     3.7420  38.608163  0.000e+00
     30.698     8.5612    33.4340    25.9601 1.5873e-01     0.1298      0.015    1483.15     56.855     3.7434  38.608163  0.000e+00
     30.673     8.5478    33.4310    25.9597 1.4652e-01     0.1298      0.015    1483.10     56.852     3.7443  38.608164  0.000e+00
     30.622     8.5359    33.4384    25.9674 1.4652e-01     0.1298      0.015    1483.06     56.849     3.7450  38.608164  0.000e+00
     30.613     8.5339    33.4494    25.9763 1.4652e-01     0.1298      0.015    1483.07     56.847     3.7447  38.608165  0.000e+00
     30.553     8.5386    33.4582    25.9824 1.4652e-01     0.1298      0.015    1483.10     56.845     3.7440  38.608165  0.000e+00
     30.553     8.5456    33.4612    25.9837 1.4652e-01     0.1298      0.015    1483.13     56.843     3.7432  38.608166  0.000e+00
     30.529     8.5517    33.4625    25.9838 1.5873e-01     0.1298      0.015    1483.15     56.842     3.7426  38.608166  0.000e+00
     30.479     8.5561    33.4618    25.9826 1.4652e-01     0.1298      0.015    1483.17     56.842     3.7422  38.608166  0.000e+00
     30.469     8.5572    33.4615    25.9822 1.5873e-01     0.1298      0.018    1483.17     56.842     3.7422  38.608167  0.000e+00
     30.433     8.5593    33.4612    25.9816 1.5873e-01     0.1285      0.015    1483.18     56.843     3.7420  38.608167  0.000e+00
     30.398     8.5549    33.4495    25.9731 1.4652e-01     0.1298      0.015    1483.14     56.845     3.7428  38.608168  0.000e+00
     30.373     8.5420    33.4398    25.9675 1.5873e-01     0.1298      0.015    1483.08     56.847     3.7443  38.608168  0.000e+00
     30.370     8.5344    33.4347    25.9647 1.4652e-01     0.1298      0.015    1483.05     56.850     3.7453  38.608169  0.000e+00
     30.326     8.5209    33.4340    25.9662 1.5873e-01     0.1298      0.015    1483.00     56.854     3.7467  38.608169  0.000e+00
     30.302     8.5148    33.4464    25.9768 1.5873e-01     0.1298      0.015    1482.99     56.858     3.7472  38.608170  0.000e+00
     30.253     8.5216    33.4575    25.9845 1.4652e-01     0.1298      0.018    1483.03     56.801     3.7425  38.608170  0.000e+00
     30.239     8.5284    33.4596    25.9851 1.5873e-01     0.1298      0.015    1483.06     56.799     3.7418  38.608171  0.000e+00
     30.206     8.5310    33.4492    25.9766 1.4652e-01     0.1298      0.015    1483.05     56.798     3.7418  38.608171  0.000e+00
     30.182     8.5224    33.4316    25.9641 1.4652e-01     0.1298      0.015    1483.00     56.799     3.7429  38.608172  0.000e+00
     30.158     8.5088    33.4245    25.9606 1.5873e-01     0.1298      0.015    1482.94     56.793     3.7439  38.608172  0.000e+00
     30.130     8.5035    33.4287    25.9647 1.4652e-01     0.1298      0.015    1482.92     56.788     3.7439  38.608173  0.000e+00
     30.097     8.5051    33.4380    25.9717 1.5873e-01     0.1298      0.015    1482.94     56.790     3.7436  38.608173  0.000e+00
     30.075     8.5141    33.4479    25.9781 1.5873e-01     0.1298      0.015    1482.98     56.792     3.7428  38.608174  0.000e+00
     30.037     8.5249    33.4564    25.9831 1.5873e-01     0.1298      0.015    1483.04     56.727     3.7374  38.608174  0.000e+00
     30.010     8.5330    33.4451    25.9731 1.5873e-01     0.1298      0.015    1483.05     56.717     3.7363  38.608175  0.000e+00
     29.977     8.5258    33.4300    25.9623 1.5873e-01     0.1298      0.015    1483.00     56.709     3.7368  38.608175  0.000e+00
     29.955     8.5201    33.4304    25.9635 1.5873e-01     0.1298      0.015    1482.98     56.701     3.7367  38.608176  0.000e+00
     29.930     8.5203    33.4368    25.9684 1.5873e-01     0.1298      0.015    1482.99     56.694     3.7361  38.608176  0.000e+00
     29.903     8.5249    33.4417    25.9716 1.5873e-01     0.1298      0.015    1483.01     56.688     3.7352  38.608177  0.000e+00
     29.870     8.5235    33.4260    25.9595 1.5873e-01     0.1298      0.015    1482.99     56.683     3.7353  38.608177  0.000e+00
     29.846     8.5054    33.4059    25.9465 1.5873e-01     0.1298      0.015    1482.90     56.679     3.7371  38.608178  0.000e+00
     29.810     8.4848    33.3985    25.9438 1.5873e-01     0.1298      0.015    1482.81     56.677     3.7388  38.608178  0.000e+00
     29.794     8.4734    33.4057    25.9512 1.5873e-01     0.1298      0.015    1482.78     56.675     3.7395  38.608179  0.000e+00
     29.762     8.4700    33.4109    25.9558 1.5873e-01     0.1298      0.015    1482.77     56.673     3.7395  38.608179  0.000e+00
     29.739     8.4663    33.4086    25.9545 1.5873e-01     0.1298      0.015    1482.75     56.611     3.7358  38.608179  0.000e+00
     29.710     8.4605    33.4021    25.9503 1.5873e-01     0.1298      0.015    1482.72     56.666     3.7401  38.608180  0.000e+00
     29.679     8.4525    33.3980    25.9484 1.5873e-01     0.1298      0.015    1482.69     56.606     3.7369  38.608180  0.000e+00
     29.655     8.4467    33.3977    25.9490 1.5873e-01     0.1298      0.015    1482.66     56.602     3.7371  38.608181  0.000e+00
     29.619     8.4436    33.3996    25.9509 1.5873e-01     0.1298      0.015    1482.65     56.591     3.7366  38.608181  0.000e+00
     29.590     8.4432    33.4023    25.9532 1.5873e-01     0.1298      0.018    1482.65     56.589     3.7364  38.608182  0.000e+00
     29.559     8.4438    33.4019    25.9527 1.5873e-01     0.1298      0.015    1482.66     56.587     3.7363  38.608182  0.000e+00
     29.523     8.4425    33.4008    25.9520 1.5873e-01     0.1298      0.015    1482.65     56.587     3.7364  38.608183  0.000e+00
     29.494     8.4407    33.3994    25.9512 1.5873e-01     0.1298      0.018    1482.64     56.527     3.7326  38.608183  0.000e+00
     29.474     8.4388    33.3981    25.9505 1.5873e-01     0.1310      0.015    1482.63     56.576     3.7361  38.608184  0.000e+00
     29.450     8.4369    33.3988    25.9513 1.5873e-01     0.1298      0.018    1482.62     56.519     3.7324  38.608184  0.000e+00
     29.410     8.4367    33.3992    25.9517 1.5873e-01     0.1298      0.015    1482.62     56.509     3.7318  38.608185  0.000e+00
     29.390     8.4371    33.3996    25.9520 1.5873e-01     0.1298      0.015    1482.63     56.501     3.7312  38.608185  0.000e+00
     29.354     8.4369    33.4002    25.9524 1.5873e-01     0.1298      0.018    1482.62     56.493     3.7307  38.608186  0.000e+00
     29.314     8.4375    33.4010    25.9530 1.5873e-01     0.1298      0.015    1482.63     56.487     3.7302  38.608186  0.000e+00
     29.307     8.4388    33.4024    25.9539 1.5873e-01     0.1298      0.015    1482.63     56.482     3.7298  38.608187  0.000e+00
     29.259     8.4409    33.4028    25.9538 1.5873e-01     0.1298      0.015    1482.64     56.478     3.7293  38.608187  0.000e+00
     29.259     8.4417    33.4026    25.9536 1.4652e-01     0.1298      0.015    1482.64     56.415     3.7250  38.608188  0.000e+00
     29.207     8.4412    33.4005    25.9520 1.5873e-01     0.1298      0.015    1482.64     56.406     3.7246  38.608188  0.000e+00
     29.174     8.4397    33.3995    25.9514 1.5873e-01     0.1298      0.015    1482.63     56.400     3.7243  38.608189  0.000e+00
     29.111     8.4390    33.3990    25.9512 1.5873e-01     0.1298      0.015    1482.63     56.394     3.7240  38.608189  0.000e+00
     29.139     8.4385    33.4054    25.9563 1.5873e-01     0.1298      0.015    1482.63     56.391     3.7237  38.608190  0.000e+00
     29.092     8.4440    33.4153    25.9632 1.5873e-01     0.1298      0.015    1482.67     56.327     3.7188  38.608190  0.000e+00
     29.051     8.4501    33.4129    25.9604 1.4652e-01     0.1298      0.015    1482.68     56.319     3.7178  38.608191  0.000e+00
     29.007     8.4504    33.4069    25.9557 1.5873e-01     0.1298      0.015    1482.68     56.313     3.7175  38.608191  0.000e+00
     28.996     8.4489    33.4061    25.9552 1.5873e-01     0.1298      0.015    1482.67     56.309     3.7174  38.608192  0.000e+00
     28.967     8.4504    33.4034    25.9529 1.5873e-01     0.1298      0.015    1482.67     56.307     3.7172  38.608192  0.000e+00
     28.947     8.4472    33.3948    25.9466 1.5873e-01     0.1298      0.015    1482.65     56.307     3.7177  38.608193  0.000e+00
     28.887     8.4414    33.3982    25.9502 1.5873e-01     0.1298      0.015    1482.63     56.308     3.7181  38.608193  0.000e+00
     28.858     8.4445    33.4038    25.9541 1.5873e-01     0.1298      0.015    1482.65     56.250     3.7139  38.608193  0.000e+00
     28.839     8.4472    33.4063    25.9556 1.5873e-01     0.1298      0.015    1482.66     56.240     3.7130  38.608194  0.000e+00
     28.816     8.4493    33.4098    25.9580 1.5873e-01     0.1298      0.015    1482.67     56.233     3.7122  38.608194  0.000e+00
     28.775     8.4550    33.4159    25.9620 1.5873e-01     0.1298      0.015    1482.70     56.165     3.7072  38.608195  0.000e+00
     28.732     8.4641    33.4241    25.9671 1.5873e-01     0.1298      0.015    1482.75     56.216     3.7095  38.608195  0.000e+00
     28.702     8.4747    33.4320    25.9716 1.5873e-01     0.1298      0.015    1482.79     56.152     3.7043  38.608196  0.000e+00
     28.671     8.4832    33.4331    25.9712 1.5873e-01     0.1298      0.015    1482.83     56.145     3.7030  38.608196  0.000e+00
     28.636     8.4869    33.4307    25.9688 1.4652e-01     0.1298      0.015    1482.84     56.140     3.7025  38.608197  0.000e+00
     28.595     8.4872    33.4263    25.9653 1.5873e-01     0.1298      0.015    1482.83     56.137     3.7023  38.608197  0.000e+00
     28.564     8.4850    33.4246    25.9643 1.5873e-01     0.1298      0.015    1482.82     56.129     3.7020  38.608198  0.000e+00
     28.547     8.4840    33.4261    25.9656 1.5873e-01     0.1298      0.015    1482.82     56.122     3.7017  38.608198  0.000e+00
     28.516     8.4839    33.4254    25.9650 1.5873e-01     0.1298      0.015    1482.82     56.118     3.7014  38.608199  0.000e+00
     28.467     8.4816    33.4230    25.9635 1.4652e-01     0.1298      0.015    1482.81     56.115     3.7015  38.608199  0.000e+00
     28.440     8.4790    33.4208    25.9622 1.5873e-01     0.1298      0.015    1482.79     56.053     3.6976  38.608200  0.000e+00
     28.396     8.4758    33.4188    25.9611 1.5873e-01     0.1285      0.015    1482.78     56.046     3.6975  38.608200  0.000e+00
     28.367     8.4718    33.4180    25.9611 1.4652e-01     0.1298      0.015    1482.76     56.104     3.7017  38.608201  0.000e+00
     28.324     8.4702    33.4128    25.9572 1.5873e-01     0.1298      0.015    1482.75     56.047     3.6982  38.608201  0.000e+00
     28.300     8.4700    33.4047    25.9510 1.5873e-01     0.1298      0.015    1482.74     56.047     3.6984  38.608202  0.000e+00
     28.295     8.4727    33.3928    25.9412 1.5873e-01     0.1298      0.015    1482.73     56.049     3.6986  38.608202  0.000e+00
     28.251     8.4712    33.3803    25.9316 1.5873e-01     0.1298      0.015    1482.71     56.053     3.6993  38.608203  0.000e+00
     28.199     8.4692    33.3751    25.9279 1.5873e-01     0.1298      0.015    1482.70     55.990     3.6954  38.608203  0.000e+00
     28.144     8.4695    33.3745    25.9273 1.5873e-01     0.1298      0.015    1482.70     55.991     3.6954  38.608204  0.000e+00
     28.139     8.4703    33.3770    25.9292 1.5873e-01     0.1298      0.015    1482.70     55.987     3.6951  38.608204  0.000e+00
     28.120     8.4722    33.3847    25.9349 1.5873e-01     0.1298      0.015    1482.72     55.985     3.6946  38.608205  0.000e+00
     28.044     8.4755    33.3926    25.9406 1.5873e-01     0.1298      0.015    1482.74     55.985     3.6941  38.608205  0.000e+00
     28.024     8.4779    33.3982    25.9447 1.5873e-01     0.1298      0.015    1482.75     55.987     3.6939  38.608206  0.000e+00
     27.989     8.4798    33.4004    25.9461 1.5873e-01     0.1298      0.015    1482.76     55.991     3.6940  38.608206  0.000e+00
     27.948     8.4814    33.3994    25.9451 1.5873e-01     0.1298      0.015    1482.77     55.997     3.6943  38.608207  0.000e+00
     27.917     8.4816    33.3969    25.9431 1.5873e-01     0.1298      0.015    1482.76     55.998     3.6944  38.608207  0.000e+00
     27.888     8.4806    33.3911    25.9386 1.5873e-01     0.1298      0.015    1482.75     55.947     3.6912  38.608207  0.000e+00
     27.857     8.4800    33.3929    25.9402 1.5873e-01     0.1298      0.015    1482.75     55.945     3.6911  38.608208  0.000e+00
     27.828     8.4809    33.3959    25.9424 1.5873e-01     0.1298      0.015    1482.76     55.945     3.6909  38.608208  0.000e+00
     27.809     8.4818    33.3956    25.9420 1.5873e-01     0.1298      0.015    1482.76     55.947     3.6910  38.608209  0.000e+00
     27.768     8.4818    33.3955    25.9419 1.5873e-01     0.1298      0.015    1482.76     55.890     3.6872  38.608209  0.000e+00
