RAWDATA/IO2019/20190207/Cq1_20190207.cnv
* Sea-Bird SBE 9 Data File:
* FileName = C:\CTD Brukere\NIVA\IO2019\20190207\Cq1_20190207.hex
* Software Version Seasave V 7.23.2
* Temperature SN = 5352
* Conductivity SN = 3840
* Number of Bytes Per Scan = 28
* Number of Voltage Words = 4
* Number of Scans Averaged by the Deck Unit = 1
* NMEA baud rate = 4800
** Ship: R/V Trygve Braarud
** Cruise:
** Station:
** Operator:
# nquan = 12
# nvalues = 6497                                  
# units = specified
# name 0 = depSM: Depth [salt water, m], lat = 59.60
# name 1 = t090C: Temperature [ITS-90, deg C]
# name 2 = sal00: Salinity, Practical [PSU]
# name 3 = sigma-t00: Density [sigma-t, kg/m^3 ]
# name 4 = flSP: Fluorescence, Seapoint
# name 5 = wetStar: Fluorescence, WET Labs WETstar [mg/m^3]
# name 6 = seaTurbMtr: Turbidity, Seapoint [FTU]
# name 7 = svCM: Sound Velocity [Chen-Millero, m/s]
# name 8 = sbeox0PS: Oxygen, SBE 43 [% saturation]
# name 9 = sbeox0ML/L: Oxygen, SBE 43 [ml/l]
# name 10 = timeJ: Julian Days
# name 11 = flag:  0.000e+00
# span 0 =     -0.112,     69.122                 
# span 1 =     6.1139,     8.4576                 
# span 2 =    32.2076,    33.3059                 
# span 3 =    25.3302,    25.8755                 
# span 4 = 1.4652e-01, 8.1807e-01                 
# span 5 =     0.1261,     0.1310                 
# span 6 =      0.000,      0.018                 
# span 7 =    1471.76,    1483.24                 
# span 8 =     30.167,     49.967                 
# span 9 =     2.0184,     3.4927                 
# span 10 =  38.436968,  38.440100                
# span 11 = 0.0000e+00, 0.0000e+00                
# interval = seconds: 0.0416667
# start_time = Feb 07 2019 10:29:14 [System UpLoad Time]
# bad_flag = -9.990e-29
*END*
[from data line 3970]
     69.024     8.4539    33.3041    25.8745 1.5873e-01     0.1310      0.015    1483.23     43.444     2.8696  38.438882  0.000e+00
     69.037     8.4538    33.3036    25.8741 1.5873e-01     0.1298      0.015    1483.23     43.447     2.8699  38.438883  0.000e+00
     69.024     8.4534    33.3035    25.8741 1.5873e-01     0.1310      0.015    1483.23     43.443     2.8696  38.438883  0.000e+00
     69.037     8.4534    33.3034    25.8740 1.5873e-01     0.1298      0.015    1483.23     43.439     2.8694  38.438884  0.000e+00
     69.001     8.4533    33.3030    25.8737 1.5873e-01     0.1298      0.015    1483.22     43.435     2.8691  38.438884  0.000e+00
     69.062     8.4529    33.3034    25.8741 1.5873e-01     0.1298      0.015    1483.22     43.430     2.8688  38.438885  0.000e+00
     69.037     8.4534    33.3028    25.8735 1.5873e-01     0.1298      0.018    1483.22     43.425     2.8684  38.438885  0.000e+00
     69.024     8.4529    33.3034    25.8741 1.5873e-01     0.1298      0.018    1483.22     43.420     2.8681  38.438886  0.000e+00
     69.037     8.4531    33.3033    25.8740 1.5873e-01     0.1310      0.018    1483.22     43.421     2.8682  38.438886  0.000e+00
     69.037     8.4529    33.3032    25.8740 1.5873e-01     0.1298      0.015    1483.22     43.423     2.8684  38.438886  0.000e+00
     69.062     8.4522    33.3032    25.8741 1.5873e-01     0.1310      0.015    1483.22     43.425     2.8685  38.438887  0.000e+00
     69.049     8.4523    33.3026    25.8736 1.7094e-01     0.1298      0.018    1483.22     43.427     2.8687  38.438887  0.000e+00
     69.049     8.4520    33.3027    25.8737 1.5873e-01     0.1298      0.015    1483.22     43.429     2.8688  38.438888  0.000e+00
     69.049     8.4517    33.3032    25.8742 1.5873e-01     0.1298      0.015    1483.22     43.431     2.8689  38.438888  0.000e+00
     69.049     8.4517    33.3032    25.8741 1.5873e-01     0.1298      0.018    1483.22     43.432     2.8690  38.438889  0.000e+00
     69.049     8.4517    33.3035    25.8744 1.5873e-01     0.1310      0.015    1483.22     43.427     2.8687  38.438889  0.000e+00
     69.049     8.4520    33.3034    25.8742 1.5873e-01     0.1310      0.015    1483.22     43.428     2.8687  38.438890  0.000e+00
     69.062     8.4523    33.3036    25.8744 1.5873e-01     0.1310      0.018    1483.22     43.422     2.8683  38.438890  0.000e+00
     69.062     8.4523    33.3040    25.8747 1.5873e-01     0.1298      0.015    1483.22     43.416     2.8679  38.438891  0.000e+00
     69.062     8.4521    33.3033    25.8741 1.5873e-01     0.1298      0.015    1483.22     43.417     2.8680  38.438891  0.000e+00
     69.073     8.4520    33.3033    25.8741 1.5873e-01     0.1298      0.015    1483.22     43.410     2.8676  38.438892  0.000e+00
     69.049     8.4523    33.3031    25.8739 1.5873e-01     0.1298      0.018    1483.22     43.411     2.8676  38.438892  0.000e+00
     69.073     8.4519    33.3035    25.8744 1.5873e-01     0.1298      0.018    1483.22     43.412     2.8677  38.438893  0.000e+00
     69.062     8.4520    33.3031    25.8740 1.5873e-01     0.1298      0.018    1483.22     43.412     2.8677  38.438893  0.000e+00
     69.073     8.4519    33.3032    25.8741 1.5873e-01     0.1298      0.015    1483.22     43.413     2.8677  38.438894  0.000e+00
     69.062     8.4518    33.3031    25.8740 1.5873e-01     0.1298      0.015    1483.22     43.413     2.8678  38.438894  0.000e+00
     69.073     8.4514    33.3030    25.8741 1.5873e-01     0.1298      0.018    1483.22     43.414     2.8679  38.438895  0.000e+00
     69.073     8.4517    33.3027    25.8737 1.5873e-01     0.1298      0.015    1483.22     43.415     2.8679  38.438895  0.000e+00
     69.073     8.4512    33.3029    25.8740 1.5873e-01     0.1298      0.015    1483.22     43.415     2.8679  38.438896  0.000e+00
     69.073     8.4514    33.3029    25.8740 1.5873e-01     0.1310      0.015    1483.22     43.408     2.8675  38.438896  0.000e+00
     69.073     8.4512    33.3029    25.8739 1.5873e-01     0.1298      0.015    1483.22     43.409     2.8675  38.438897  0.000e+00
     69.073     8.4514    33.3029    25.8740 1.5873e-01     0.1310      0.015    1483.22     43.409     2.8675  38.438897  0.000e+00
     69.073     8.4512    33.3031    25.8741 1.5873e-01     0.1298      0.015    1483.22     43.409     2.8675  38.438898  0.000e+00
     69.073     8.4510    33.3033    25.8743 1.5873e-01     0.1310      0.015    1483.22     43.410     2.8676  38.438898  0.000e+00
     69.086     8.4510    33.3031    25.8742 1.5873e-01     0.1310      0.015    1483.22     43.403     2.8671  38.438899  0.000e+00
     69.084     8.4510    33.3030    25.8741 1.5873e-01     0.1298      0.015    1483.22     43.403     2.8671  38.438899  0.000e+00
     69.084     8.4512    33.3028    25.8739 1.5873e-01     0.1310      0.015    1483.22     43.403     2.8671  38.438899  0.000e+00
     69.073     8.4510    33.3028    25.8739 1.5873e-01     0.1298      0.015    1483.22     43.402     2.8671  38.438900  0.000e+00
     69.073     8.4509    33.3031    25.8741 1.5873e-01     0.1310      0.018    1483.22     43.402     2.8671  38.438900  0.000e+00
     69.084     8.4509    33.3033    25.8743 1.5873e-01     0.1310      0.015    1483.22     43.403     2.8671  38.438901  0.000e+00
     69.073     8.4512    33.3031    25.8741 1.5873e-01     0.1310      0.015    1483.22     43.402     2.8671  38.438901  0.000e+00
     69.084     8.4514    33.3034    25.8744 1.5873e-01     0.1298      0.018    1483.22     43.341     2.8630  38.438902  0.000e+00
     69.073     8.4517    33.3035    25.8744 1.5873e-01     0.1298      0.015    1483.22     43.396     2.8666  38.438902  0.000e+00
     69.073     8.4520    33.3034    25.8742 1.5873e-01     0.1298      0.018    1483.22     43.396     2.8666  38.438903  0.000e+00
     69.084     8.4521    33.3035    25.8743 1.5873e-01     0.1310      0.015    1483.22     43.396     2.8666  38.438903  0.000e+00
     69.073     8.4523    33.3039    25.8746 1.5873e-01     0.1298      0.015    1483.22     43.397     2.8666  38.438904  0.000e+00
     69.073     8.4528    33.3039    25.8745 1.5873e-01     0.1310      0.015    1483.22     43.335     2.8625  38.438904  0.000e+00
     69.062     8.4526    33.3041    25.8747 1.5873e-01     0.1298      0.015    1483.22     43.390     2.8662  38.438905  0.000e+00
     69.062     8.4531    33.3042    25.8747 1.5873e-01     0.1298      0.015    1483.23     43.391     2.8662  38.438905  0.000e+00
     69.073     8.4534    33.3043    25.8747 1.5873e-01     0.1310      0.015    1483.23     43.391     2.8662  38.438906  0.000e+00
     69.073     8.4538    33.3045    25.8748 1.5873e-01     0.1298      0.015    1483.23     43.392     2.8662  38.438906  0.000e+00
     69.062     8.4538    33.3045    25.8749 1.5873e-01     0.1310      0.018    1483.23     43.393     2.8662  38.438907  0.000e+00
     69.073     8.4542    33.3044    25.8747 1.5873e-01     0.1298      0.018    1483.23     43.393     2.8663  38.438907  0.000e+00
     69.049     8.4544    33.3047    25.8749 1.5873e-01     0.1310      0.015    1483.23     43.394     2.8663  38.438908  0.000e+00
     69.073     8.4547    33.3043    25.8745 1.5873e-01     0.1298      0.015    1483.23     43.394     2.8663  38.438908  0.000e+00
     69.049     8.4550    33.3042    25.8744 1.5873e-01     0.1310      0.015    1483.23     43.395     2.8663  38.438909  0.000e+00
     69.062     8.4550    33.3046    25.8748 1.5873e-01     0.1298      0.015    1483.23     43.395     2.8664  38.438909  0.000e+00
     69.049     8.4550    33.3047    25.8748 1.5873e-01     0.1298      0.018    1483.23     43.396     2.8664  38.438910  0.000e+00
     69.049     8.4552    33.3046    25.8747 1.5873e-01     0.1310      0.018    1483.23     43.397     2.8664  38.438910  0.000e+00
     69.037     8.4552    33.3047    25.8747 1.5873e-01     0.1298      0.018    1483.23     43.397     2.8665  38.438911  0.000e+00
     69.049     8.4552    33.3047    25.8747 1.5873e-01     0.1298      0.018    1483.23     43.398     2.8665  38.438911  0.000e+00
     69.049     8.4555    33.3046    25.8747 1.5873e-01     0.1298      0.015    1483.23     43.398     2.8665  38.438912  0.000e+00
     69.024     8.4557    33.3046    25.8746 1.7094e-01     0.1298      0.015    1483.23     43.399     2.8665  38.438912  0.000e+00
     69.024     8.4559    33.3044    25.8744 1.5873e-01     0.1298      0.015    1483.24     43.399     2.8666  38.438913  0.000e+00
     69.024     8.4557    33.3048    25.8748 1.7094e-01     0.1298      0.018    1483.24     43.400     2.8666  38.438913  0.000e+00
     69.037     8.4555    33.3048    25.8748 1.9536e-01     0.1298      0.015    1483.23     43.401     2.8667  38.438913  0.000e+00
     69.024     8.4555    33.3047    25.8747 1.9536e-01     0.1310      0.015    1483.23     43.401     2.8667  38.438914  0.000e+00
     69.024     8.4557    33.3041    25.8742 1.9536e-01     0.1298      0.015    1483.23     43.402     2.8667  38.438914  0.000e+00
     69.013     8.4555    33.3043    25.8744 1.7094e-01     0.1298      0.018    1483.23     43.402     2.8668  38.438915  0.000e+00
     69.024     8.4555    33.3048    25.8748 1.7094e-01     0.1298      0.015    1483.23     43.403     2.8668  38.438915  0.000e+00
     69.000     8.4554    33.3044    25.8745 1.5873e-01     0.1298      0.015    1483.23     43.403     2.8669  38.438916  0.000e+00
     69.013     8.4554    33.3045    25.8746 1.5873e-01     0.1298      0.018    1483.23     43.404     2.8669  38.438916  0.000e+00
     69.013     8.4555    33.3049    25.8748 1.5873e-01     0.1298      0.015    1483.23     43.405     2.8669  38.438917  0.000e+00
     68.988     8.4558    33.3046    25.8746 1.5873e-01     0.1310      0.015    1483.23     43.405     2.8670  38.438917  0.000e+00
     69.000     8.4555    33.3047    25.8748 1.5873e-01     0.1298      0.018    1483.23     43.406     2.8670  38.438918  0.000e+00
     69.001     8.4557    33.3046    25.8746 1.5873e-01     0.1310      0.015    1483.23     43.406     2.8670  38.438918  0.000e+00
     68.988     8.4557    33.3046    25.8746 1.5873e-01     0.1310      0.015    1483.23     43.407     2.8671  38.438919  0.000e+00
     69.013     8.4555    33.3045    25.8746 1.5873e-01     0.1310      0.015    1483.23     43.346     2.8631  38.438919  0.000e+00
     68.988     8.4554    33.3045    25.8746 1.5873e-01     0.1298      0.015    1483.23     43.401     2.8667  38.438920  0.000e+00
     68.988     8.4552    33.3047    25.8748 1.5873e-01     0.1298      0.015    1483.23     43.402     2.8668  38.438920  0.000e+00
     68.977     8.4552    33.3044    25.8746 1.5873e-01     0.1310      0.015    1483.23     43.403     2.8668  38.438921  0.000e+00
     68.988     8.4552    33.3038    25.8741 1.5873e-01     0.1310      0.018    1483.23     43.404     2.8669  38.438921  0.000e+00
     68.988     8.4552    33.3042    25.8744 1.5873e-01     0.1298      0.015    1483.23     43.405     2.8670  38.438922  0.000e+00
     68.988     8.4550    33.3043    25.8745 1.5873e-01     0.1298      0.018    1483.23     43.406     2.8670  38.438922  0.000e+00
     68.988     8.4549    33.3048    25.8749 1.7094e-01     0.1298      0.015    1483.23     43.407     2.8671  38.438923  0.000e+00
     68.977     8.4552    33.3047    25.8748 1.5873e-01     0.1310      0.015    1483.23     43.407     2.8671  38.438923  0.000e+00
     68.988     8.4552    33.3047    25.8748 1.5873e-01     0.1310      0.018    1483.23     43.408     2.8672  38.438924  0.000e+00
     68.977     8.4554    33.3043    25.8744 1.5873e-01     0.1310      0.015    1483.23     43.409     2.8673  38.438924  0.000e+00
     68.977     8.4554    33.3042    25.8744 1.5873e-01     0.1310      0.015    1483.23     43.410     2.8673  38.438925  0.000e+00
     68.988     8.4552    33.3046    25.8747 1.5873e-01     0.1298      0.015    1483.23     43.411     2.8674  38.438925  0.000e+00
     68.977     8.4554    33.3043    25.8744 1.5873e-01     0.1298      0.015    1483.23     43.404     2.8669  38.438926  0.000e+00
     68.977     8.4551    33.3045    25.8746 1.7094e-01     0.1298      0.015    1483.23     43.405     2.8670  38.438926  0.000e+00
     68.988     8.4550    33.3043    25.8745 1.7094e-01     0.1298      0.015    1483.23     43.406     2.8670  38.438927  0.000e+00
     68.977     8.4552    33.3043    25.8745 1.7094e-01     0.1310      0.015    1483.23     43.406     2.8671  38.438927  0.000e+00
     68.988     8.4550    33.3043    25.8745 1.7094e-01     0.1298      0.015    1483.23     43.407     2.8671  38.438927  0.000e+00
     68.988     8.4552    33.3042    25.8744 1.5873e-01     0.1298      0.015    1483.23     43.400     2.8667  38.438928  0.000e+00
     68.988     8.4547    33.3046    25.8748 1.5873e-01     0.1298      0.018    1483.23     43.400     2.8667  38.438928  0.000e+00
     68.988     8.4547    33.3040    25.8743 1.5873e-01     0.1298      0.018    1483.23     43.401     2.8667  38.438929  0.000e+00
     68.988     8.4547    33.3041    25.8743 1.5873e-01     0.1298      0.015    1483.23     43.401     2.8668  38.438929  0.000e+00
     68.988     8.4546    33.3043    25.8746 1.5873e-01     0.1310      0.015    1483.23     43.401     2.8668  38.438930  0.000e+00
     68.988     8.4547    33.3039    25.8742 1.5873e-01     0.1298      0.018    1483.23     43.402     2.8668  38.438930  0.000e+00
     69.000     8.4547    33.3040    25.8743 1.5873e-01     0.1298      0.018    1483.23     43.402     2.8668  38.438931  0.000e+00
     69.000     8.4544    33.3043    25.8746 1.5873e-01     0.1310      0.015    1483.23     43.402     2.8669  38.438931  0.000e+00
     69.001     8.4542    33.3043    25.8746 1.5873e-01     0.1298      0.015    1483.23     43.403     2.8669  38.438932  0.000e+00
     69.000     8.4542    33.3045    25.8748 1.7094e-01     0.1310      0.015    1483.23     43.403     2.8669  38.438932  0.000e+00
     69.000     8.4544    33.3043    25.8746 1.9536e-01     0.1298      0.015    1483.23     43.403     2.8669  38.438933  0.000e+00
     69.013     8.4542    33.3043    25.8746 1.9536e-01     0.1310      0.015    1483.23     43.404     2.8669  38.438933  0.000e+00
     69.013     8.4542    33.3043    25.8746 1.8315e-01     0.1298      0.018    1483.23     43.404     2.8670  38.438934  0.000e+00
     69.013     8.4543    33.3040    25.8744 1.7094e-01     0.1298      0.015    1483.23     43.404     2.8670  38.438934  0.000e+00
     69.013     8.4541    33.3046    25.8749 1.7094e-01     0.1310      0.015    1483.23     43.404     2.8670  38.438935  0.000e+00
     69.013     8.4541    33.3046    25.8749 1.7094e-01     0.1298      0.015    1483.23     43.405     2.8670  38.438935  0.000e+00
     69.024     8.4541    33.3047    25.8750 1.5873e-01     0.1298      0.015    1483.23     43.405     2.8671  38.438936  0.000e+00
     69.013     8.4542    33.3044    25.8747 1.5873e-01     0.1298      0.018    1483.23     43.405     2.8671  38.438936  0.000e+00
     69.037     8.4541    33.3042    25.8746 1.5873e-01     0.1298      0.015    1483.23     43.406     2.8671  38.438937  0.000e+00
     69.037     8.4539    33.3045    25.8748 1.5873e-01     0.1298      0.018    1483.23     43.406     2.8671  38.438937  0.000e+00
     69.024     8.4541    33.3041    25.8745 1.5873e-01     0.1310      0.018    1483.23     43.406     2.8671  38.438938  0.000e+00
     69.049     8.4539    33.3045    25.8748 1.5873e-01     0.1298      0.018    1483.23     43.468     2.8713  38.438938  0.000e+00
     69.037     8.4541    33.3044    25.8747 1.5873e-01     0.1310      0.018    1483.23     43.414     2.8676  38.438939  0.000e+00
     69.049     8.4544    33.3042    25.8745 1.5873e-01     0.1298      0.015    1483.23     43.476     2.8717  38.438939  0.000e+00
     69.037     8.4542    33.3043    25.8746 1.5873e-01     0.1298      0.015    1483.23     43.421     2.8681  38.438940  0.000e+00
