RAWDATA/IO2019/20190207/Cq1_20190207.cnv
* Sea-Bird SBE 9 Data File:
* FileName = C:\CTD Brukere\NIVA\IO2019\20190207\Cq1_20190207.hex
* Software Version Seasave V 7.23.2
* Temperature SN = 5352
* Conductivity SN = 3840
* Number of Bytes Per Scan = 28
* Number of Voltage Words = 4
* Number of Scans Averaged by the Deck Unit = 1
* NMEA baud rate = 4800
** Ship: R/V Trygve Braarud
** Cruise:
** Station:
** Operator:
# nquan = 12
# nvalues = 6497                                  
# units = specified
# name 0 = depSM: Depth [salt water, m], lat = 59.60
# name 1 = t090C: Temperature [ITS-90, deg C]
# name 2 = sal00: Salinity, Practical [PSU]
# name 3 = sigma-t00: Density [sigma-t, kg/m^3 ]
# name 4 = flSP: Fluorescence, Seapoint
# name 5 = wetStar: Fluorescence, WET Labs WETstar [mg/m^3]
# name 6 = seaTurbMtr: Turbidity, Seapoint [FTU]
# name 7 = svCM: Sound Velocity [Chen-Millero, m/s]
# name 8 = sbeox0PS: Oxygen, SBE 43 [% saturation]
# name 9 = sbeox0ML/L: Oxygen, SBE 43 [ml/l]
# name 10 = timeJ: Julian Days
# name 11 = flag:  0.000e+00
# span 0 =     -0.112,     69.122                 
# span 1 =     6.1139,     8.4576                 
# span 2 =    32.2076,    33.3059                 
# span 3 =    25.3302,    25.8755                 
# span 4 = 1.4652e-01, 8.1807e-01                 
# span 5 =     0.1261,     0.1310                 
# span 6 =      0.000,      0.018                 
# span 7 =    1471.76,    1483.24                 
# span 8 =     30.167,     49.967                 
# span 9 =     2.0184,     3.4927                 
# span 10 =  38.436968,  38.440100                
# span 11 = 0.0000e+00, 0.0000e+00                
# interval = seconds: 0.0416667
# start_time = Feb 07 2019 10:29:14 [System UpLoad Time]
# bad_flag = -9.990e-29
*END*
[from data line 602]
      5.032     6.2065    32.7406    25.7420 2.9304e-01     0.1298      0.015    1472.80     49.449     3.4512  38.437258  0.000e+00
      5.069     6.2064    32.7410    25.7423 2.9304e-01     0.1285      0.015    1472.80     49.451     3.4514  38.437258  0.000e+00
      5.082     6.2060    32.7419    25.7431 2.8083e-01     0.1285      0.015    1472.80     49.462     3.4521  38.437259  0.000e+00
      5.117     6.2113    32.7371    25.7386 2.8083e-01     0.1285      0.015    1472.81     49.402     3.4477  38.437259  0.000e+00
      5.129     6.2302    32.7255    25.7271 2.8083e-01     0.1285      0.015    1472.87     49.397     3.4460  38.437260  0.000e+00
      5.151     6.2491    32.7233    25.7230 2.8083e-01     0.1298      0.015    1472.95     49.392     3.4442  38.437260  0.000e+00
      5.189     6.2633    32.7310    25.7273 2.8083e-01     0.1285      0.015    1473.01     49.459     3.4475  38.437261  0.000e+00
      5.200     6.2755    32.7348    25.7288 2.6862e-01     0.1298      0.015    1473.07     49.401     3.4425  38.437261  0.000e+00
      5.234     6.2819    32.7402    25.7322 2.8083e-01     0.1285      0.015    1473.10     49.399     3.4417  38.437262  0.000e+00
      5.249     6.2817    32.7462    25.7370 2.8083e-01     0.1285      0.015    1473.11     49.399     3.4415  38.437262  0.000e+00
      5.273     6.2760    32.7529    25.7430 2.6862e-01     0.1285      0.015    1473.09     49.399     3.4418  38.437263  0.000e+00
      5.320     6.2675    32.7575    25.7477 2.6862e-01     0.1285      0.015    1473.06     49.462     3.4468  38.437263  0.000e+00
      5.318     6.2618    32.7562    25.7474 2.6862e-01     0.1285      0.015    1473.04     49.471     3.4479  38.437264  0.000e+00
      5.344     6.2633    32.7497    25.7421 2.6862e-01     0.1285      0.015    1473.04     49.418     3.4442  38.437264  0.000e+00
      5.368     6.2713    32.7439    25.7365 2.5641e-01     0.1285      0.015    1473.06     49.419     3.4438  38.437265  0.000e+00
      5.380     6.2776    32.7442    25.7359 2.5641e-01     0.1298      0.015    1473.09     49.483     3.4478  38.437265  0.000e+00
      5.414     6.2781    32.7497    25.7402 2.5641e-01     0.1298      0.015    1473.10     49.431     3.4440  38.437266  0.000e+00
      5.440     6.2739    32.7553    25.7452 2.5641e-01     0.1285      0.015    1473.09     49.427     3.4439  38.437266  0.000e+00
      5.464     6.2676    32.7567    25.7471 2.5641e-01     0.1285      0.015    1473.07     49.431     3.4447  38.437267  0.000e+00
      5.474     6.2616    32.7553    25.7467 2.5641e-01     0.1285      0.015    1473.04     49.436     3.4455  38.437267  0.000e+00
      5.511     6.2576    32.7527    25.7451 2.5641e-01     0.1285      0.015    1473.02     49.441     3.4463  38.437268  0.000e+00
      5.524     6.2538    32.7528    25.7457 2.5641e-01     0.1285      0.015    1473.01     49.439     3.4464  38.437268  0.000e+00
      5.535     6.2560    32.7520    25.7448 2.5641e-01     0.1285      0.015    1473.02     49.436     3.4461  38.437269  0.000e+00
      5.569     6.2579    32.7528    25.7452 2.5641e-01     0.1285      0.015    1473.02     49.435     3.4458  38.437269  0.000e+00
      5.584     6.2630    32.7504    25.7427 2.5641e-01     0.1298      0.015    1473.04     49.433     3.4453  38.437269  0.000e+00
      5.606     6.2660    32.7475    25.7400 2.5641e-01     0.1298      0.015    1473.05     49.431     3.4450  38.437270  0.000e+00
      5.627     6.2649    32.7484    25.7408 2.5641e-01     0.1285      0.015    1473.05     49.431     3.4451  38.437270  0.000e+00
      5.642     6.2652    32.7499    25.7420 2.5641e-01     0.1298      0.015    1473.05     49.430     3.4450  38.437271  0.000e+00
      5.679     6.2646    32.7518    25.7435 2.5641e-01     0.1298      0.015    1473.05     49.430     3.4450  38.437271  0.000e+00
      5.702     6.2663    32.7521    25.7435 2.4420e-01     0.1298      0.015    1473.06     49.368     3.4405  38.437272  0.000e+00
      5.712     6.2703    32.7498    25.7413 2.5641e-01     0.1285      0.015    1473.07     49.423     3.4440  38.437272  0.000e+00
      5.751     6.2733    32.7497    25.7408 2.4420e-01     0.1298      0.015    1473.08     49.424     3.4439  38.437273  0.000e+00
      5.751     6.2762    32.7498    25.7405 2.5641e-01     0.1298      0.015    1473.10     49.363     3.4394  38.437273  0.000e+00
      5.796     6.2779    32.7502    25.7406 2.5641e-01     0.1285      0.015    1473.10     49.419     3.4432  38.437274  0.000e+00
      5.810     6.2790    32.7507    25.7409 2.5641e-01     0.1285      0.015    1473.11     49.359     3.4389  38.437274  0.000e+00
      5.833     6.2802    32.7497    25.7399 2.5641e-01     0.1285      0.015    1473.11     49.355     3.4385  38.437275  0.000e+00
      5.867     6.2819    32.7489    25.7391 2.4420e-01     0.1298      0.015    1473.12     49.350     3.4381  38.437275  0.000e+00
      5.882     6.2863    32.7467    25.7368 2.5641e-01     0.1298      0.015    1473.13     49.409     3.4419  38.437276  0.000e+00
      5.906     6.2922    32.7454    25.7350 2.4420e-01     0.1285      0.015    1473.16     49.351     3.4374  38.437276  0.000e+00
      5.927     6.2956    32.7468    25.7357 2.4420e-01     0.1298      0.015    1473.17     49.348     3.4369  38.437277  0.000e+00
      5.953     6.2975    32.7512    25.7389 2.4420e-01     0.1298      0.015    1473.19     49.346     3.4365  38.437277  0.000e+00
      5.977     6.3081    32.7489    25.7358 2.4420e-01     0.1285      0.015    1473.22     49.344     3.4356  38.437278  0.000e+00
      5.998     6.3148    32.7474    25.7338 2.4420e-01     0.1298      0.015    1473.25     49.344     3.4350  38.437278  0.000e+00
      6.026     6.3081    32.7583    25.7432 2.4420e-01     0.1285      0.015    1473.24     49.344     3.4353  38.437279  0.000e+00
      6.037     6.3140    32.7528    25.7381 2.4420e-01     0.1285      0.015    1473.25     49.344     3.4350  38.437279  0.000e+00
      6.069     6.3224    32.7465    25.7321 2.4420e-01     0.1298      0.015    1473.28     49.345     3.4346  38.437280  0.000e+00
      6.097     6.3314    32.7456    25.7302 2.4420e-01     0.1285      0.015    1473.31     49.339     3.4334  38.437280  0.000e+00
      6.108     6.3420    32.7449    25.7283 2.4420e-01     0.1298      0.015    1473.36     49.340     3.4327  38.437281  0.000e+00
      6.142     6.3545    32.7433    25.7255 2.4420e-01     0.1285      0.015    1473.40     49.335     3.4313  38.437281  0.000e+00
      6.144     6.3793    32.7299    25.7118 2.4420e-01     0.1298      0.015    1473.49     49.274     3.4254  38.437282  0.000e+00
      6.193     6.4017    32.7274    25.7069 2.4420e-01     0.1285      0.015    1473.57     49.331     3.4277  38.437282  0.000e+00
      6.201     6.4155    32.7388    25.7143 2.4420e-01     0.1285      0.018    1473.64     49.335     3.4266  38.437283  0.000e+00
      6.239     6.4145    32.7581    25.7296 2.4420e-01     0.1285      0.015    1473.66     49.333     3.4261  38.437283  0.000e+00
      6.252     6.4011    32.7802    25.7487 2.4420e-01     0.1285      0.015    1473.64     49.332     3.4266  38.437283  0.000e+00
      6.285     6.3892    32.7854    25.7543 2.4420e-01     0.1298      0.015    1473.60     49.269     3.4230  38.437284  0.000e+00
      6.312     6.3919    32.7726    25.7439 2.4420e-01     0.1285      0.015    1473.59     49.268     3.4230  38.437284  0.000e+00
      6.320     6.4027    32.7560    25.7294 2.4420e-01     0.1285      0.015    1473.61     49.259     3.4219  38.437285  0.000e+00
      6.348     6.4145    32.7482    25.7217 2.4420e-01     0.1285      0.015    1473.65     49.251     3.4206  38.437285  0.000e+00
      6.372     6.4330    32.7447    25.7166 2.4420e-01     0.1298      0.015    1473.72     49.243     3.4187  38.437286  0.000e+00
      6.405     6.4510    32.7454    25.7149 2.4420e-01     0.1285      0.015    1473.79     49.236     3.4167  38.437286  0.000e+00
      6.419     6.4604    32.7557    25.7218 2.4420e-01     0.1298      0.015    1473.84     49.238     3.4159  38.437287  0.000e+00
      6.443     6.4619    32.7679    25.7312 2.4420e-01     0.1285      0.015    1473.86     49.242     3.4158  38.437287  0.000e+00
      6.476     6.4631    32.7710    25.7335 2.4420e-01     0.1285      0.015    1473.87     49.238     3.4154  38.437288  0.000e+00
      6.490     6.4654    32.7713    25.7335 2.4420e-01     0.1298      0.015    1473.88     49.174     3.4107  38.437288  0.000e+00
      6.511     6.4697    32.7679    25.7303 2.5641e-01     0.1285      0.015    1473.90     49.234     3.4146  38.437289  0.000e+00
      6.539     6.4709    32.7679    25.7301 2.5641e-01     0.1298      0.015    1473.90     49.171     3.4101  38.437289  0.000e+00
      6.563     6.4684    32.7715    25.7332 2.5641e-01     0.1285      0.015    1473.90     49.164     3.4097  38.437290  0.000e+00
      6.583     6.4673    32.7720    25.7338 2.5641e-01     0.1298      0.015    1473.89     49.157     3.4094  38.437290  0.000e+00
      6.610     6.4622    32.7755    25.7372 2.5641e-01     0.1298      0.015    1473.88     49.152     3.4093  38.437291  0.000e+00
      6.631     6.4535    32.7816    25.7431 2.5641e-01     0.1285      0.015    1473.85     49.148     3.4096  38.437291  0.000e+00
      6.646     6.4443    32.7866    25.7482 2.4420e-01     0.1285      0.015    1473.82     49.145     3.4100  38.437292  0.000e+00
      6.670     6.4373    32.7877    25.7500 2.5641e-01     0.1298      0.015    1473.80     49.142     3.4104  38.437292  0.000e+00
      6.703     6.4360    32.7831    25.7465 2.4420e-01     0.1298      0.015    1473.79     49.141     3.4105  38.437293  0.000e+00
      6.719     6.4408    32.7751    25.7396 2.4420e-01     0.1285      0.015    1473.79     49.140     3.4102  38.437293  0.000e+00
      6.738     6.4472    32.7696    25.7345 2.4420e-01     0.1298      0.015    1473.81     49.139     3.4098  38.437294  0.000e+00
      6.754     6.4498    32.7712    25.7354 2.4420e-01     0.1298      0.015    1473.83     49.078     3.4053  38.437294  0.000e+00
      6.790     6.4499    32.7752    25.7386 2.4420e-01     0.1285      0.015    1473.83     49.073     3.4048  38.437295  0.000e+00
      6.811     6.4487    32.7772    25.7403 2.4420e-01     0.1285      0.015    1473.83     49.069     3.4046  38.437295  0.000e+00
      6.826     6.4459    32.7778    25.7411 2.4420e-01     0.1298      0.015    1473.82     49.058     3.4041  38.437296  0.000e+00
      6.858     6.4410    32.7787    25.7424 2.4420e-01     0.1285      0.015    1473.80     49.057     3.4043  38.437296  0.000e+00
      6.874     6.4375    32.7784    25.7426 2.4420e-01     0.1298      0.015    1473.79     49.057     3.4046  38.437296  0.000e+00
      6.894     6.4349    32.7788    25.7433 2.4420e-01     0.1285      0.015    1473.78     49.050     3.4043  38.437297  0.000e+00
      6.921     6.4391    32.7744    25.7393 2.4420e-01     0.1285      0.015    1473.79     49.051     3.4042  38.437297  0.000e+00
      6.945     6.4480    32.7669    25.7322 2.4420e-01     0.1285      0.015    1473.82     49.046     3.4033  38.437298  0.000e+00
      6.965     6.4545    32.7642    25.7293 2.4420e-01     0.1298      0.015    1473.84     48.979     3.3982  38.437298  0.000e+00
      6.981     6.4486    32.7707    25.7352 2.3199e-01     0.1298      0.015    1473.82     48.969     3.3978  38.437299  0.000e+00
      7.025     6.4451    32.7729    25.7374 2.4420e-01     0.1285      0.015    1473.81     48.968     3.3980  38.437299  0.000e+00
      7.028     6.4402    32.7768    25.7410 2.3199e-01     0.1285      0.015    1473.80     48.961     3.3978  38.437300  0.000e+00
      7.049     6.4391    32.7767    25.7411 2.3199e-01     0.1285      0.015    1473.80     48.955     3.3974  38.437300  0.000e+00
      7.088     6.4516    32.7654    25.7306 2.3199e-01     0.1298      0.015    1473.83     48.949     3.3963  38.437301  0.000e+00
      7.098     6.4676    32.7591    25.7236 2.3199e-01     0.1298      0.015    1473.89     48.944     3.3949  38.437301  0.000e+00
      7.125     6.4756    32.7660    25.7280 2.4420e-01     0.1285      0.015    1473.93     48.942     3.3939  38.437302  0.000e+00
      7.148     6.4781    32.7769    25.7363 2.4420e-01     0.1285      0.015    1473.95     48.940     3.3934  38.437302  0.000e+00
      7.169     6.4770    32.7836    25.7417 2.4420e-01     0.1298      0.015    1473.96     48.940     3.3933  38.437303  0.000e+00
      7.196     6.4765    32.7849    25.7428 2.3199e-01     0.1298      0.015    1473.96     48.880     3.3891  38.437303  0.000e+00
      7.216     6.4811    32.7795    25.7379 2.4420e-01     0.1285      0.015    1473.97     48.875     3.3885  38.437304  0.000e+00
      7.232     6.4865    32.7747    25.7335 2.4420e-01     0.1285      0.015    1473.98     48.872     3.3880  38.437304  0.000e+00
      7.264     6.4875    32.7779    25.7359 2.4420e-01     0.1285      0.015    1473.99     48.870     3.3877  38.437305  0.000e+00
      7.279     6.4880    32.7820    25.7390 2.4420e-01     0.1298      0.015    1474.00     48.862     3.3871  38.437305  0.000e+00
      7.300     6.4871    32.7850    25.7415 2.3199e-01     0.1298      0.015    1474.00     48.864     3.3872  38.437306  0.000e+00
      7.328     6.4909    32.7819    25.7386 2.3199e-01     0.1285      0.015    1474.01     48.867     3.3871  38.437306  0.000e+00
      7.347     6.4924    32.7787    25.7358 2.4420e-01     0.1285      0.015    1474.01     48.871     3.3874  38.437307  0.000e+00
      7.363     6.4934    32.7754    25.7331 2.3199e-01     0.1285      0.015    1474.01     48.877     3.3878  38.437307  0.000e+00
      7.407     6.4931    32.7749    25.7328 2.3199e-01     0.1285      0.015    1474.01     48.815     3.3836  38.437308  0.000e+00
      7.399     6.4895    32.7773    25.7352 2.4420e-01     0.1285      0.015    1474.00     48.809     3.3834  38.437308  0.000e+00
      7.434     6.4826    32.7816    25.7394 2.3199e-01     0.1298      0.015    1473.98     48.867     3.3878  38.437309  0.000e+00
      7.443     6.4735    32.7872    25.7450 2.4420e-01     0.1285      0.015    1473.95     48.810     3.3844  38.437309  0.000e+00
      7.483     6.4655    32.7913    25.7492 2.4420e-01     0.1285      0.015    1473.92     48.808     3.3849  38.437310  0.000e+00
      7.491     6.4627    32.7908    25.7492 2.4420e-01     0.1298      0.015    1473.91     48.808     3.3851  38.437310  0.000e+00
      7.519     6.4590    32.7928    25.7513 2.4420e-01     0.1285      0.015    1473.90     48.810     3.3855  38.437310  0.000e+00
      7.551     6.4579    32.7933    25.7518 2.4420e-01     0.1285      0.015    1473.90     48.813     3.3858  38.437311  0.000e+00
      7.567     6.4578    32.7932    25.7517 2.4420e-01     0.1285      0.015    1473.90     48.756     3.3818  38.437311  0.000e+00
      7.587     6.4589    32.7928    25.7512 2.4420e-01     0.1285      0.015    1473.90     48.746     3.3811  38.437312  0.000e+00
      7.603     6.4664    32.7867    25.7455 2.4420e-01     0.1285      0.015    1473.92     48.808     3.3849  38.437312  0.000e+00
      7.634     6.4803    32.7758    25.7351 2.3199e-01     0.1298      0.015    1473.97     48.747     3.3798  38.437313  0.000e+00
      7.650     6.4815    32.7782    25.7368 2.4420e-01     0.1285      0.015    1473.97     48.805     3.3837  38.437313  0.000e+00
      7.671     6.4794    32.7840    25.7417 2.4420e-01     0.1285      0.015    1473.97     48.748     3.3797  38.437314  0.000e+00
      7.698     6.4820    32.7858    25.7428 2.4420e-01     0.1285      0.015    1473.99     48.746     3.3794  38.437314  0.000e+00
      7.718     6.4880    32.7863    25.7424 2.4420e-01     0.1285      0.015    1474.01     48.746     3.3789  38.437315  0.000e+00
