RAWDATA/IO2019/20190207/Cq1_20190207.cnv
* Sea-Bird SBE 9 Data File:
* FileName = C:\CTD Brukere\NIVA\IO2019\20190207\Cq1_20190207.hex
* Software Version Seasave V 7.23.2
* Temperature SN = 5352
* Conductivity SN = 3840
* Number of Bytes Per Scan = 28
* Number of Voltage Words = 4
* Number of Scans Averaged by the Deck Unit = 1
* NMEA baud rate = 4800
** Ship: R/V Trygve Braarud
** Cruise:
** Station:
** Operator:
# nquan = 12
# nvalues = 6497                                  
# units = specified
# name 0 = depSM: Depth [salt water, m], lat = 59.60
# name 1 = t090C: Temperature [ITS-90, deg C]
# name 2 = sal00: Salinity, Practical [PSU]
# name 3 = sigma-t00: Density [sigma-t, kg/m^3 ]
# name 4 = flSP: Fluorescence, Seapoint
# name 5 = wetStar: Fluorescence, WET Labs WETstar [mg/m^3]
# name 6 = seaTurbMtr: Turbidity, Seapoint [FTU]
# name 7 = svCM: Sound Velocity [Chen-Millero, m/s]
# name 8 = sbeox0PS: Oxygen, SBE 43 [% saturation]
# name 9 = sbeox0ML/L: Oxygen, SBE 43 [ml/l]
# name 10 = timeJ: Julian Days
# name 11 = flag:  0.000e+00
# span 0 =     -0.112,     69.122                 
# span 1 =     6.1139,     8.4576                 
# span 2 =    32.2076,    33.3059                 
# span 3 =    25.3302,    25.8755                 
# span 4 = 1.4652e-01, 8.1807e-01                 
# span 5 =     0.1261,     0.1310                 
# span 6 =      0.000,      0.018                 
# span 7 =    1471.76,    1483.24                 
# span 8 =     30.167,     49.967                 
# span 9 =     2.0184,     3.4927                 
# span 10 =  38.436968,  38.440100                
# span 11 = 0.0000e+00, 0.0000e+00                
# interval = seconds: 0.0416667
# start_time = Feb 07 2019 10:29:14 [System UpLoad Time]
# bad_flag = -9.990e-29
*END*
[from data line 1564]
     25.822     7.8864    33.0796    25.7823 1.7094e-01     0.1285      0.015    1480.09     35.433     2.3740  38.437722  0.000e+00
     25.834     7.8855    33.0799    25.7827 1.7094e-01     0.1298      0.018    1480.09     35.389     2.3712  38.437722  0.000e+00
     25.840     7.8842    33.0802    25.7831 1.7094e-01     0.1285      0.015    1480.08     35.349     2.3685  38.437723  0.000e+00
     25.882     7.8845    33.0801    25.7830 1.7094e-01     0.1298      0.015    1480.09     35.311     2.3659  38.437723  0.000e+00
     25.894     7.8858    33.0811    25.7836 1.7094e-01     0.1285      0.015    1480.09     35.275     2.3635  38.437724  0.000e+00
     25.900     7.8875    33.0818    25.7839 1.7094e-01     0.1298      0.015    1480.10     35.174     2.3566  38.437724  0.000e+00
     25.942     7.8887    33.0817    25.7837 1.7094e-01     0.1298      0.018    1480.10     35.130     2.3535  38.437725  0.000e+00
     25.942     7.8890    33.0817    25.7836 1.7094e-01     0.1298      0.015    1480.11     35.080     2.3502  38.437725  0.000e+00
     25.960     7.8895    33.0829    25.7845 1.7094e-01     0.1298      0.015    1480.11     35.033     2.3470  38.437726  0.000e+00
     26.002     7.8922    33.0834    25.7845 1.7094e-01     0.1298      0.018    1480.12     34.989     2.3439  38.437726  0.000e+00
     25.990     7.8952    33.0824    25.7832 1.7094e-01     0.1298      0.018    1480.13     34.947     2.3410  38.437727  0.000e+00
     26.032     7.8972    33.0815    25.7823 1.7094e-01     0.1298      0.015    1480.14     34.900     2.3377  38.437727  0.000e+00
     26.025     7.8959    33.0815    25.7825 1.7094e-01     0.1298      0.015    1480.13     34.862     2.3352  38.437728  0.000e+00
     26.074     7.8940    33.0816    25.7828 1.7094e-01     0.1298      0.015    1480.13     34.880     2.3366  38.437728  0.000e+00
     26.080     7.8935    33.0811    25.7825 1.7094e-01     0.1298      0.015    1480.12     34.785     2.3302  38.437729  0.000e+00
     26.098     7.8912    33.0813    25.7830 1.7094e-01     0.1298      0.018    1480.12     34.746     2.3277  38.437729  0.000e+00
     26.134     7.8898    33.0829    25.7844 1.7094e-01     0.1298      0.018    1480.11     34.701     2.3248  38.437730  0.000e+00
     26.129     7.8901    33.0853    25.7863 1.7094e-01     0.1298      0.015    1480.12     34.659     2.3219  38.437730  0.000e+00
     26.158     7.8909    33.0864    25.7870 1.7094e-01     0.1298      0.015    1480.12     34.680     2.3232  38.437731  0.000e+00
     26.181     7.8920    33.0864    25.7869 1.7094e-01     0.1298      0.015    1480.13     34.579     2.3164  38.437731  0.000e+00
     26.200     7.8930    33.0858    25.7862 1.7094e-01     0.1298      0.015    1480.13     34.541     2.3138  38.437731  0.000e+00
     26.218     7.8944    33.0850    25.7854 1.7094e-01     0.1298      0.018    1480.13     34.498     2.3109  38.437732  0.000e+00
     26.236     7.8956    33.0840    25.7845 1.7094e-01     0.1298      0.015    1480.14     34.456     2.3080  38.437732  0.000e+00
     26.265     7.8950    33.0841    25.7846 1.7094e-01     0.1298      0.015    1480.14     34.477     2.3095  38.437733  0.000e+00
     26.277     7.8941    33.0845    25.7850 1.7094e-01     0.1298      0.018    1480.13     34.383     2.3032  38.437733  0.000e+00
     26.296     7.8943    33.0846    25.7851 1.7094e-01     0.1298      0.018    1480.13     34.400     2.3043  38.437734  0.000e+00
     26.301     7.8951    33.0850    25.7853 1.7094e-01     0.1298      0.015    1480.14     34.363     2.3018  38.437734  0.000e+00
     26.350     7.8957    33.0855    25.7856 1.7094e-01     0.1285      0.015    1480.14     34.327     2.2993  38.437735  0.000e+00
     26.343     7.8960    33.0864    25.7863 1.7094e-01     0.1298      0.015    1480.14     34.291     2.2969  38.437735  0.000e+00
     26.374     7.8965    33.0858    25.7857 1.7094e-01     0.1298      0.015    1480.15     34.257     2.2946  38.437736  0.000e+00
     26.416     7.8970    33.0851    25.7851 1.7094e-01     0.1298      0.015    1480.15     34.216     2.2919  38.437736  0.000e+00
     26.410     7.8968    33.0849    25.7850 1.7094e-01     0.1298      0.015    1480.15     34.175     2.2892  38.437737  0.000e+00
     26.445     7.8975    33.0850    25.7850 1.7094e-01     0.1298      0.015    1480.15     34.136     2.2865  38.437737  0.000e+00
     26.452     7.8991    33.0858    25.7854 1.7094e-01     0.1298      0.015    1480.16     34.158     2.2879  38.437738  0.000e+00
     26.494     7.9007    33.0864    25.7856 1.5873e-01     0.1298      0.015    1480.16     34.065     2.2815  38.437738  0.000e+00
     26.499     7.9015    33.0879    25.7867 1.7094e-01     0.1298      0.015    1480.17     34.088     2.2830  38.437739  0.000e+00
     26.517     7.9053    33.0888    25.7868 1.7094e-01     0.1298      0.015    1480.19     34.058     2.2808  38.437739  0.000e+00
     26.541     7.9095    33.0903    25.7874 1.7094e-01     0.1298      0.018    1480.20     34.028     2.2785  38.437740  0.000e+00
     26.583     7.9141    33.0910    25.7872 1.7094e-01     0.1298      0.015    1480.22     33.991     2.2758  38.437740  0.000e+00
     26.590     7.9180    33.0891    25.7852 1.7094e-01     0.1298      0.015    1480.24     33.953     2.2731  38.437741  0.000e+00
     26.607     7.9204    33.0884    25.7843 1.7094e-01     0.1298      0.015    1480.24     33.908     2.2700  38.437741  0.000e+00
     26.637     7.9214    33.0901    25.7855 1.7094e-01     0.1285      0.015    1480.25     33.932     2.2715  38.437742  0.000e+00
     26.661     7.9225    33.0905    25.7857 1.7094e-01     0.1298      0.015    1480.26     33.901     2.2694  38.437742  0.000e+00
     26.679     7.9231    33.0907    25.7858 1.7094e-01     0.1298      0.015    1480.26     33.869     2.2672  38.437743  0.000e+00
     26.697     7.9238    33.0905    25.7855 1.7094e-01     0.1298      0.015    1480.26     33.838     2.2651  38.437743  0.000e+00
     26.739     7.9243    33.0902    25.7852 1.7094e-01     0.1298      0.015    1480.26     33.798     2.2624  38.437744  0.000e+00
     26.757     7.9248    33.0908    25.7856 1.7094e-01     0.1298      0.018    1480.27     33.766     2.2602  38.437744  0.000e+00
     26.781     7.9258    33.0924    25.7866 1.7094e-01     0.1298      0.018    1480.27     33.787     2.2615  38.437745  0.000e+00
     26.787     7.9277    33.0926    25.7866 1.7094e-01     0.1298      0.015    1480.28     33.753     2.2592  38.437745  0.000e+00
     26.828     7.9283    33.0931    25.7868 1.7094e-01     0.1298      0.015    1480.28     33.718     2.2568  38.437745  0.000e+00
     26.834     7.9280    33.0932    25.7870 1.7094e-01     0.1285      0.015    1480.28     33.682     2.2544  38.437746  0.000e+00
     26.865     7.9277    33.0927    25.7867 1.7094e-01     0.1298      0.018    1480.28     33.645     2.2519  38.437746  0.000e+00
     26.895     7.9272    33.0918    25.7860 1.7094e-01     0.1298      0.015    1480.28     33.669     2.2536  38.437747  0.000e+00
     26.901     7.9258    33.0912    25.7857 1.7094e-01     0.1298      0.015    1480.27     33.637     2.2515  38.437747  0.000e+00
     26.948     7.9253    33.0917    25.7862 1.7094e-01     0.1298      0.015    1480.27     33.596     2.2488  38.437748  0.000e+00
     26.966     7.9253    33.0926    25.7869 1.7094e-01     0.1298      0.015    1480.27     33.616     2.2501  38.437748  0.000e+00
     26.985     7.9259    33.0932    25.7873 1.7094e-01     0.1298      0.015    1480.28     33.580     2.2476  38.437749  0.000e+00
     27.015     7.9252    33.0914    25.7860 1.7094e-01     0.1298      0.018    1480.27     33.541     2.2451  38.437749  0.000e+00
     27.032     7.9214    33.0897    25.7852 1.7094e-01     0.1298      0.015    1480.26     33.562     2.2468  38.437750  0.000e+00
     27.063     7.9186    33.0882    25.7844 1.7094e-01     0.1298      0.015    1480.24     33.527     2.2446  38.437750  0.000e+00
     27.081     7.9166    33.0897    25.7859 1.7094e-01     0.1298      0.015    1480.24     33.490     2.2422  38.437751  0.000e+00
     27.110     7.9166    33.0911    25.7870 1.7094e-01     0.1298      0.015    1480.24     33.450     2.2395  38.437751  0.000e+00
     27.128     7.9174    33.0927    25.7881 1.7094e-01     0.1298      0.018    1480.25     33.478     2.2413  38.437752  0.000e+00
     27.159     7.9186    33.0930    25.7882 1.7094e-01     0.1285      0.015    1480.25     33.504     2.2429  38.437752  0.000e+00
     27.177     7.9203    33.0933    25.7882 1.7094e-01     0.1298      0.015    1480.26     33.472     2.2407  38.437753  0.000e+00
     27.201     7.9225    33.0939    25.7884 1.7094e-01     0.1298      0.015    1480.27     33.438     2.2383  38.437753  0.000e+00
     27.230     7.9243    33.0937    25.7879 1.7094e-01     0.1298      0.015    1480.28     33.401     2.2358  38.437754  0.000e+00
     27.248     7.9253    33.0942    25.7882 1.7094e-01     0.1298      0.018    1480.28     33.369     2.2335  38.437754  0.000e+00
     27.266     7.9269    33.0944    25.7881 1.7094e-01     0.1298      0.015    1480.29     33.326     2.2306  38.437755  0.000e+00
     27.284     7.9272    33.0947    25.7882 1.7094e-01     0.1298      0.018    1480.29     33.343     2.2317  38.437755  0.000e+00
     27.326     7.9256    33.0937    25.7878 1.7094e-01     0.1298      0.018    1480.28     33.302     2.2291  38.437756  0.000e+00
     27.332     7.9253    33.0936    25.7877 1.7094e-01     0.1285      0.015    1480.28     33.258     2.2262  38.437756  0.000e+00
     27.350     7.9253    33.0941    25.7881 1.7094e-01     0.1298      0.018    1480.28     33.281     2.2277  38.437757  0.000e+00
     27.379     7.9251    33.0940    25.7880 1.7094e-01     0.1298      0.015    1480.28     33.238     2.2248  38.437757  0.000e+00
     27.386     7.9267    33.0942    25.7880 1.7094e-01     0.1298      0.015    1480.29     33.200     2.2222  38.437758  0.000e+00
     27.417     7.9293    33.0953    25.7884 1.7094e-01     0.1298      0.015    1480.30     33.220     2.2234  38.437758  0.000e+00
     27.435     7.9304    33.0956    25.7885 1.7094e-01     0.1298      0.015    1480.30     33.183     2.2208  38.437758  0.000e+00
     27.477     7.9312    33.0957    25.7885 1.7094e-01     0.1298      0.018    1480.31     33.204     2.2222  38.437759  0.000e+00
     27.482     7.9307    33.0954    25.7883 1.7094e-01     0.1298      0.015    1480.31     33.167     2.2197  38.437759  0.000e+00
     27.500     7.9290    33.0950    25.7883 1.7094e-01     0.1298      0.015    1480.30     33.187     2.2212  38.437760  0.000e+00
     27.517     7.9274    33.0956    25.7890 1.7094e-01     0.1285      0.018    1480.29     33.150     2.2188  38.437760  0.000e+00
     27.537     7.9272    33.0960    25.7893 1.7094e-01     0.1298      0.015    1480.29     33.108     2.2160  38.437761  0.000e+00
     27.553     7.9269    33.0955    25.7889 1.7094e-01     0.1298      0.018    1480.29     33.132     2.2176  38.437761  0.000e+00
     27.584     7.9262    33.0953    25.7889 1.7094e-01     0.1298      0.018    1480.29     33.090     2.2148  38.437762  0.000e+00
     27.602     7.9266    33.0945    25.7883 1.7094e-01     0.1298      0.018    1480.29     33.113     2.2164  38.437762  0.000e+00
     27.608     7.9262    33.0944    25.7882 1.7094e-01     0.1310      0.018    1480.29     33.077     2.2140  38.437763  0.000e+00
     27.637     7.9258    33.0945    25.7883 1.7094e-01     0.1298      0.018    1480.29     33.099     2.2155  38.437763  0.000e+00
     27.668     7.9254    33.0944    25.7883 1.7094e-01     0.1285      0.015    1480.29     33.062     2.2130  38.437764  0.000e+00
     27.673     7.9248    33.0965    25.7900 1.7094e-01     0.1298      0.015    1480.29     33.020     2.2102  38.437764  0.000e+00
     27.693     7.9275    33.0976    25.7905 1.7094e-01     0.1298      0.018    1480.30     33.036     2.2111  38.437765  0.000e+00
     27.722     7.9309    33.0983    25.7905 1.7094e-01     0.1298      0.018    1480.31     33.061     2.2126  38.437765  0.000e+00
     27.728     7.9306    33.0989    25.7911 1.7094e-01     0.1298      0.015    1480.31     33.027     2.2104  38.437766  0.000e+00
     27.757     7.9272    33.1010    25.7932 1.7094e-01     0.1298      0.018    1480.30     32.988     2.2079  38.437766  0.000e+00
     27.764     7.9253    33.1007    25.7933 1.7094e-01     0.1298      0.018    1480.30     33.006     2.2092  38.437767  0.000e+00
     27.806     7.9266    33.0986    25.7914 1.7094e-01     0.1298      0.015    1480.30     32.965     2.2064  38.437767  0.000e+00
     27.813     7.9282    33.0978    25.7905 1.7094e-01     0.1298      0.015    1480.31     32.919     2.2032  38.437768  0.000e+00
     27.829     7.9291    33.0974    25.7901 1.7094e-01     0.1298      0.015    1480.31     32.936     2.2044  38.437768  0.000e+00
     27.848     7.9302    33.0969    25.7896 1.7094e-01     0.1298      0.015    1480.31     32.894     2.2015  38.437769  0.000e+00
     27.864     7.9307    33.0966    25.7892 1.7094e-01     0.1298      0.015    1480.31     32.909     2.2025  38.437769  0.000e+00
     27.889     7.9304    33.0976    25.7901 1.7094e-01     0.1298      0.015    1480.31     32.864     2.1994  38.437770  0.000e+00
     27.908     7.9311    33.0969    25.7895 1.7094e-01     0.1298      0.015    1480.32     32.874     2.2001  38.437770  0.000e+00
     27.924     7.9322    33.0966    25.7891 1.7094e-01     0.1298      0.015    1480.32     32.894     2.2014  38.437771  0.000e+00
     27.955     7.9319    33.0973    25.7897 1.5873e-01     0.1310      0.015    1480.32     32.854     2.1987  38.437771  0.000e+00
     27.962     7.9323    33.0980    25.7901 1.7094e-01     0.1298      0.015    1480.32     32.808     2.1956  38.437772  0.000e+00
     27.991     7.9333    33.0972    25.7894 1.7094e-01     0.1298      0.015    1480.33     32.826     2.1968  38.437772  0.000e+00
     28.009     7.9335    33.0974    25.7895 1.7094e-01     0.1298      0.015    1480.33     32.783     2.1939  38.437772  0.000e+00
     28.028     7.9336    33.0972    25.7893 1.7094e-01     0.1298      0.015    1480.33     32.797     2.1948  38.437773  0.000e+00
     28.045     7.9335    33.0975    25.7895 1.7094e-01     0.1298      0.018    1480.33     32.757     2.1922  38.437773  0.000e+00
     28.064     7.9336    33.0974    25.7895 1.7094e-01     0.1298      0.015    1480.33     32.773     2.1932  38.437774  0.000e+00
     28.093     7.9336    33.0976    25.7897 1.5873e-01     0.1298      0.015    1480.33     32.729     2.1903  38.437774  0.000e+00
     28.105     7.9343    33.0976    25.7895 1.7094e-01     0.1298      0.015    1480.33     32.741     2.1910  38.437775  0.000e+00
     28.135     7.9365    33.0979    25.7894 1.7094e-01     0.1298      0.015    1480.34     32.699     2.1881  38.437775  0.000e+00
     28.153     7.9358    33.0972    25.7890 1.7094e-01     0.1310      0.015    1480.34     32.721     2.1896  38.437776  0.000e+00
     28.184     7.9339    33.0982    25.7900 1.7094e-01     0.1298      0.018    1480.33     32.682     2.1871  38.437776  0.000e+00
     28.200     7.9360    33.1023    25.7930 1.7094e-01     0.1298      0.015    1480.35     32.698     2.1880  38.437777  0.000e+00
     28.220     7.9404    33.1058    25.7950 1.7094e-01     0.1298      0.018    1480.37     32.654     2.1848  38.437777  0.000e+00
     28.249     7.9416    33.1044    25.7938 1.7094e-01     0.1298      0.015    1480.37     32.666     2.1855  38.437778  0.000e+00
     28.280     7.9410    33.1030    25.7928 1.7094e-01     0.1298      0.015    1480.37     32.616     2.1823  38.437778  0.000e+00
     28.309     7.9420    33.1042    25.7936 1.7094e-01     0.1298      0.015    1480.37     32.629     2.1830  38.437779  0.000e+00
     28.333     7.9468    33.1047    25.7933 1.7094e-01     0.1298      0.018    1480.39     32.642     2.1837  38.437779  0.000e+00
