RAWDATA/IO2019/20190207/Cq1_20190207.cnv
* Sea-Bird SBE 9 Data File:
* FileName = C:\CTD Brukere\NIVA\IO2019\20190207\Cq1_20190207.hex
* Software Version Seasave V 7.23.2
* Temperature SN = 5352
* Conductivity SN = 3840
* Number of Bytes Per Scan = 28
* Number of Voltage Words = 4
* Number of Scans Averaged by the Deck Unit = 1
* NMEA baud rate = 4800
** Ship: R/V Trygve Braarud
** Cruise:
** Station:
** Operator:
# nquan = 12
# nvalues = 6497                                  
# units = specified
# name 0 = depSM: Depth [salt water, m], lat = 59.60
# name 1 = t090C: Temperature [ITS-90, deg C]
# name 2 = sal00: Salinity, Practical [PSU]
# name 3 = sigma-t00: Density [sigma-t, kg/m^3 ]
# name 4 = flSP: Fluorescence, Seapoint
# name 5 = wetStar: Fluorescence, WET Labs WETstar [mg/m^3]
# name 6 = seaTurbMtr: Turbidity, Seapoint [FTU]
# name 7 = svCM: Sound Velocity [Chen-Millero, m/s]
# name 8 = sbeox0PS: Oxygen, SBE 43 [% saturation]
# name 9 = sbeox0ML/L: Oxygen, SBE 43 [ml/l]
# name 10 = timeJ: Julian Days
# name 11 = flag:  0.000e+00
# span 0 =     -0.112,     69.122                 
# span 1 =     6.1139,     8.4576                 
# span 2 =    32.2076,    33.3059                 
# span 3 =    25.3302,    25.8755                 
# span 4 = 1.4652e-01, 8.1807e-01                 
# span 5 =     0.1261,     0.1310                 
# span 6 =      0.000,      0.018                 
# span 7 =    1471.76,    1483.24                 
# span 8 =     30.167,     49.967                 
# span 9 =     2.0184,     3.4927                 
# span 10 =  38.436968,  38.440100                
# span 11 = 0.0000e+00, 0.0000e+00                
# interval = seconds: 0.0416667
# start_time = Feb 07 2019 10:29:14 [System UpLoad Time]
# bad_flag = -9.990e-29
*END*
[from data line 4692]
     54.857     8.3746    33.2638    25.8549 1.5873e-01     0.1298      0.015    1482.65     42.373     2.8046  38.439230  0.000e+00
     54.808     8.3709    33.2625    25.8544 1.5873e-01     0.1310      0.015    1482.63     42.371     2.8047  38.439231  0.000e+00
     54.758     8.3683    33.2614    25.8540 1.5873e-01     0.1298      0.015    1482.62     42.308     2.8008  38.439231  0.000e+00
     54.737     8.3661    33.2612    25.8541 1.5873e-01     0.1298      0.015    1482.61     42.303     2.8005  38.439232  0.000e+00
     54.699     8.3644    33.2618    25.8548 1.5873e-01     0.1298      0.015    1482.60     42.237     2.7963  38.439232  0.000e+00
     54.652     8.3633    33.2612    25.8545 1.5873e-01     0.1310      0.015    1482.60     42.290     2.7999  38.439233  0.000e+00
     54.604     8.3622    33.2615    25.8550 1.5873e-01     0.1310      0.015    1482.59     42.289     2.7999  38.439233  0.000e+00
     54.578     8.3616    33.2633    25.8565 1.5873e-01     0.1310      0.015    1482.59     42.229     2.7959  38.439234  0.000e+00
     54.519     8.3622    33.2639    25.8568 1.5873e-01     0.1310      0.015    1482.59     42.287     2.7997  38.439234  0.000e+00
     54.495     8.3630    33.2647    25.8573 1.5873e-01     0.1298      0.015    1482.60     42.231     2.7959  38.439235  0.000e+00
     54.447     8.3635    33.2649    25.8574 1.5873e-01     0.1298      0.015    1482.60     42.293     2.8000  38.439235  0.000e+00
     54.399     8.3640    33.2648    25.8572 1.5873e-01     0.1310      0.015    1482.60     42.241     2.7965  38.439236  0.000e+00
     54.386     8.3643    33.2646    25.8571 1.5873e-01     0.1310      0.015    1482.60     42.245     2.7968  38.439236  0.000e+00
     54.339     8.3646    33.2648    25.8571 1.5873e-01     0.1298      0.015    1482.60     42.244     2.7967  38.439237  0.000e+00
     54.278     8.3657    33.2657    25.8577 1.5873e-01     0.1298      0.015    1482.60     42.245     2.7966  38.439237  0.000e+00
     54.254     8.3665    33.2658    25.8576 1.5873e-01     0.1298      0.015    1482.61     42.247     2.7968  38.439238  0.000e+00
     54.218     8.3669    33.2664    25.8580 1.5873e-01     0.1298      0.018    1482.61     42.251     2.7970  38.439238  0.000e+00
     54.145     8.3674    33.2659    25.8576 1.5873e-01     0.1310      0.018    1482.61     42.196     2.7933  38.439239  0.000e+00
     54.109     8.3675    33.2657    25.8575 1.5873e-01     0.1310      0.015    1482.61     42.197     2.7933  38.439239  0.000e+00
     54.087     8.3670    33.2629    25.8553 1.5873e-01     0.1298      0.018    1482.60     42.192     2.7931  38.439239  0.000e+00
     54.062     8.3640    33.2600    25.8535 1.5873e-01     0.1310      0.015    1482.59     42.190     2.7932  38.439240  0.000e+00
     54.013     8.3612    33.2591    25.8532 1.5873e-01     0.1310      0.015    1482.58     42.189     2.7934  38.439240  0.000e+00
     53.966     8.3590    33.2597    25.8540 1.5873e-01     0.1310      0.015    1482.57     42.190     2.7936  38.439241  0.000e+00
     53.929     8.3575    33.2597    25.8542 1.5873e-01     0.1298      0.015    1482.56     42.193     2.7938  38.439241  0.000e+00
     53.880     8.3571    33.2607    25.8550 1.5873e-01     0.1310      0.015    1482.56     42.136     2.7901  38.439242  0.000e+00
     53.857     8.3572    33.2616    25.8558 1.5873e-01     0.1310      0.015    1482.56     42.135     2.7900  38.439242  0.000e+00
     53.786     8.3583    33.2629    25.8566 1.5873e-01     0.1298      0.018    1482.57     42.191     2.7936  38.439243  0.000e+00
     53.737     8.3595    33.2635    25.8569 1.5873e-01     0.1310      0.015    1482.57     42.194     2.7937  38.439243  0.000e+00
     53.713     8.3606    33.2632    25.8565 1.5873e-01     0.1298      0.015    1482.57     42.136     2.7898  38.439244  0.000e+00
     53.666     8.3607    33.2603    25.8542 1.5873e-01     0.1298      0.015    1482.57     42.135     2.7898  38.439244  0.000e+00
     53.628     8.3592    33.2573    25.8521 1.5873e-01     0.1298      0.015    1482.56     42.136     2.7900  38.439245  0.000e+00
     53.592     8.3564    33.2565    25.8519 1.5873e-01     0.1298      0.015    1482.55     42.138     2.7904  38.439245  0.000e+00
     53.555     8.3543    33.2568    25.8524 1.5873e-01     0.1310      0.015    1482.54     42.143     2.7908  38.439246  0.000e+00
     53.532     8.3531    33.2571    25.8528 1.5873e-01     0.1310      0.015    1482.53     42.149     2.7912  38.439246  0.000e+00
     53.472     8.3519    33.2576    25.8534 1.5873e-01     0.1298      0.015    1482.53     42.149     2.7913  38.439247  0.000e+00
     53.423     8.3516    33.2575    25.8534 1.5873e-01     0.1310      0.015    1482.53     42.089     2.7874  38.439247  0.000e+00
     53.412     8.3512    33.2576    25.8535 1.5873e-01     0.1310      0.015    1482.53     42.086     2.7872  38.439248  0.000e+00
     53.352     8.3507    33.2581    25.8540 1.5873e-01     0.1310      0.018    1482.52     42.084     2.7871  38.439248  0.000e+00
     53.327     8.3508    33.2594    25.8550 1.5873e-01     0.1298      0.015    1482.53     42.084     2.7871  38.439249  0.000e+00
     53.280     8.3520    33.2595    25.8549 1.5873e-01     0.1310      0.015    1482.53     42.086     2.7871  38.439249  0.000e+00
     53.243     8.3525    33.2591    25.8545 1.5873e-01     0.1298      0.015    1482.53     42.090     2.7873  38.439250  0.000e+00
     53.196     8.3523    33.2579    25.8536 1.5873e-01     0.1298      0.015    1482.53     42.095     2.7877  38.439250  0.000e+00
     53.171     8.3514    33.2581    25.8539 1.5873e-01     0.1298      0.015    1482.52     42.041     2.7842  38.439251  0.000e+00
     53.111     8.3512    33.2587    25.8544 1.5873e-01     0.1298      0.015    1482.52     42.105     2.7884  38.439251  0.000e+00
     53.110     8.3515    33.2584    25.8541 1.5873e-01     0.1310      0.018    1482.52     42.047     2.7846  38.439252  0.000e+00
     53.040     8.3518    33.2578    25.8536 1.5873e-01     0.1298      0.015    1482.52     42.107     2.7885  38.439252  0.000e+00
     53.015     8.3512    33.2574    25.8533 1.5873e-01     0.1310      0.015    1482.52     42.114     2.7890  38.439253  0.000e+00
     52.980     8.3506    33.2575    25.8536 1.5873e-01     0.1298      0.015    1482.52     42.060     2.7855  38.439253  0.000e+00
     52.931     8.3505    33.2574    25.8535 1.5873e-01     0.1298      0.015    1482.51     42.125     2.7898  38.439253  0.000e+00
     52.919     8.3499    33.2576    25.8537 1.5873e-01     0.1298      0.015    1482.51     42.075     2.7866  38.439254  0.000e+00
     52.835     8.3499    33.2571    25.8533 1.5873e-01     0.1298      0.015    1482.51     42.081     2.7870  38.439254  0.000e+00
     52.835     8.3494    33.2572    25.8535 1.5873e-01     0.1310      0.015    1482.51     42.082     2.7871  38.439255  0.000e+00
     52.775     8.3493    33.2570    25.8533 1.5873e-01     0.1310      0.015    1482.51     42.084     2.7872  38.439255  0.000e+00
     52.737     8.3489    33.2573    25.8536 1.5873e-01     0.1298      0.015    1482.51     42.080     2.7870  38.439256  0.000e+00
     52.702     8.3491    33.2576    25.8538 1.5873e-01     0.1310      0.015    1482.51     42.024     2.7832  38.439256  0.000e+00
     52.677     8.3492    33.2577    25.8539 1.5873e-01     0.1298      0.018    1482.51     42.023     2.7832  38.439257  0.000e+00
     52.617     8.3494    33.2580    25.8541 1.5873e-01     0.1298      0.015    1482.51     42.017     2.7827  38.439257  0.000e+00
     52.606     8.3497    33.2581    25.8542 1.5873e-01     0.1298      0.015    1482.51     42.020     2.7829  38.439258  0.000e+00
     52.546     8.3499    33.2581    25.8541 1.5873e-01     0.1298      0.015    1482.51     42.017     2.7827  38.439258  0.000e+00
     52.521     8.3499    33.2573    25.8535 1.5873e-01     0.1298      0.015    1482.51     42.023     2.7831  38.439259  0.000e+00
     52.474     8.3494    33.2573    25.8536 1.5873e-01     0.1298      0.015    1482.50     42.023     2.7832  38.439259  0.000e+00
     52.414     8.3492    33.2567    25.8531 1.5873e-01     0.1310      0.015    1482.50     42.025     2.7833  38.439260  0.000e+00
     52.401     8.3488    33.2563    25.8529 1.5873e-01     0.1298      0.015    1482.50     42.029     2.7836  38.439260  0.000e+00
     52.377     8.3481    33.2563    25.8530 1.5873e-01     0.1298      0.015    1482.50     42.033     2.7839  38.439261  0.000e+00
     52.316     8.3476    33.2554    25.8523 1.5873e-01     0.1298      0.015    1482.49     41.978     2.7803  38.439261  0.000e+00
     52.281     8.3468    33.2555    25.8525 1.5873e-01     0.1298      0.015    1482.49     41.979     2.7804  38.439262  0.000e+00
     52.233     8.3467    33.2564    25.8532 1.5873e-01     0.1310      0.015    1482.49     42.036     2.7842  38.439262  0.000e+00
     52.220     8.3468    33.2565    25.8533 1.5873e-01     0.1298      0.015    1482.49     42.040     2.7844  38.439263  0.000e+00
     52.185     8.3470    33.2561    25.8530 1.5873e-01     0.1310      0.015    1482.49     41.983     2.7807  38.439263  0.000e+00
     52.113     8.3463    33.2554    25.8525 1.5873e-01     0.1310      0.018    1482.48     41.982     2.7807  38.439264  0.000e+00
     52.125     8.3457    33.2558    25.8529 1.5873e-01     0.1298      0.015    1482.48     41.983     2.7807  38.439264  0.000e+00
     52.053     8.3457    33.2564    25.8534 1.5873e-01     0.1310      0.015    1482.48     41.985     2.7809  38.439265  0.000e+00
     52.040     8.3458    33.2567    25.8536 1.5873e-01     0.1298      0.015    1482.48     41.989     2.7811  38.439265  0.000e+00
     51.871     8.3460    33.2575    25.8542 1.5873e-01     0.1310      0.015    1482.48     41.986     2.7809  38.439266  0.000e+00
     52.125     8.3467    33.2572    25.8539 1.5873e-01     0.1298      0.015    1482.49     41.986     2.7809  38.439266  0.000e+00
     51.800     8.3478    33.2566    25.8533 1.5873e-01     0.1298      0.018    1482.48     41.992     2.7812  38.439266  0.000e+00
     51.860     8.3475    33.2560    25.8528 1.5873e-01     0.1310      0.015    1482.48     42.002     2.7819  38.439267  0.000e+00
     51.848     8.3470    33.2553    25.8524 1.5873e-01     0.1298      0.015    1482.48     41.943     2.7780  38.439267  0.000e+00
     51.775     8.3470    33.2552    25.8523 1.5873e-01     0.1298      0.018    1482.48     41.941     2.7779  38.439268  0.000e+00
     51.764     8.3467    33.2567    25.8535 1.5873e-01     0.1310      0.015    1482.48     41.940     2.7778  38.439268  0.000e+00
     51.704     8.3470    33.2566    25.8534 1.5873e-01     0.1310      0.015    1482.48     41.940     2.7778  38.439269  0.000e+00
     51.655     8.3470    33.2558    25.8528 1.5873e-01     0.1298      0.015    1482.48     41.942     2.7779  38.439269  0.000e+00
     51.655     8.3466    33.2556    25.8527 1.5873e-01     0.1298      0.015    1482.48     41.945     2.7782  38.439270  0.000e+00
     51.559     8.3465    33.2557    25.8527 1.5873e-01     0.1298      0.015    1482.48     41.950     2.7785  38.439270  0.000e+00
     51.583     8.3465    33.2557    25.8528 1.5873e-01     0.1310      0.015    1482.48     41.949     2.7784  38.439271  0.000e+00
     51.499     8.3463    33.2567    25.8535 1.5873e-01     0.1310      0.018    1482.47     41.887     2.7744  38.439271  0.000e+00
     51.474     8.3468    33.2562    25.8531 1.5873e-01     0.1298      0.015    1482.48     41.882     2.7740  38.439272  0.000e+00
     51.450     8.3466    33.2556    25.8526 1.5873e-01     0.1298      0.015    1482.47     41.878     2.7737  38.439272  0.000e+00
     51.379     8.3462    33.2555    25.8526 1.5873e-01     0.1310      0.015    1482.47     41.875     2.7736  38.439273  0.000e+00
     51.367     8.3458    33.2553    25.8525 1.5873e-01     0.1310      0.015    1482.47     41.874     2.7735  38.439273  0.000e+00
     51.343     8.3457    33.2550    25.8523 1.5873e-01     0.1310      0.018    1482.47     41.813     2.7695  38.439274  0.000e+00
     51.283     8.3452    33.2554    25.8527 1.5873e-01     0.1298      0.015    1482.47     41.862     2.7728  38.439274  0.000e+00
     51.258     8.3447    33.2546    25.8521 1.5873e-01     0.1298      0.015    1482.46     41.866     2.7730  38.439275  0.000e+00
     51.198     8.3444    33.2550    25.8525 1.5873e-01     0.1310      0.015    1482.46     41.801     2.7688  38.439275  0.000e+00
     51.162     8.3444    33.2550    25.8525 1.5873e-01     0.1298      0.015    1482.46     41.801     2.7688  38.439276  0.000e+00
     51.114     8.3438    33.2555    25.8530 1.5873e-01     0.1298      0.015    1482.46     41.801     2.7688  38.439276  0.000e+00
     51.065     8.3438    33.2561    25.8535 1.5873e-01     0.1298      0.015    1482.46     41.797     2.7685  38.439277  0.000e+00
     51.029     8.3445    33.2565    25.8537 1.5873e-01     0.1310      0.015    1482.46     41.739     2.7647  38.439277  0.000e+00
     51.006     8.3449    33.2557    25.8530 1.5873e-01     0.1298      0.015    1482.46     41.731     2.7641  38.439278  0.000e+00
     50.958     8.3449    33.2540    25.8517 1.5873e-01     0.1298      0.015    1482.46     41.725     2.7637  38.439278  0.000e+00
     50.909     8.3441    33.2543    25.8520 1.5873e-01     0.1298      0.015    1482.45     41.720     2.7635  38.439279  0.000e+00
     50.873     8.3443    33.2552    25.8527 1.5873e-01     0.1298      0.015    1482.45     41.717     2.7632  38.439279  0.000e+00
     50.849     8.3454    33.2562    25.8533 1.5873e-01     0.1298      0.015    1482.46     41.655     2.7590  38.439280  0.000e+00
     50.802     8.3467    33.2568    25.8536 1.5873e-01     0.1298      0.015    1482.46     41.641     2.7580  38.439280  0.000e+00
     50.741     8.3471    33.2571    25.8537 1.5873e-01     0.1310      0.015    1482.47     41.629     2.7572  38.439280  0.000e+00
     50.717     8.3470    33.2563    25.8532 1.5873e-01     0.1310      0.015    1482.46     41.619     2.7566  38.439281  0.000e+00
     50.668     8.3465    33.2555    25.8526 1.5873e-01     0.1298      0.015    1482.46     41.611     2.7561  38.439281  0.000e+00
     50.633     8.3455    33.2533    25.8510 1.5873e-01     0.1310      0.015    1482.45     41.604     2.7557  38.439282  0.000e+00
     50.572     8.3440    33.2529    25.8510 1.5873e-01     0.1310      0.018    1482.45     41.538     2.7514  38.439282  0.000e+00
     50.548     8.3428    33.2532    25.8513 1.5873e-01     0.1298      0.015    1482.44     41.529     2.7509  38.439283  0.000e+00
     50.501     8.3423    33.2520    25.8505 1.5873e-01     0.1298      0.015    1482.44     41.521     2.7504  38.439283  0.000e+00
     50.452     8.3409    33.2531    25.8516 1.5873e-01     0.1310      0.015    1482.43     41.515     2.7501  38.439284  0.000e+00
     50.416     8.3409    33.2535    25.8519 1.5873e-01     0.1298      0.015    1482.43     41.512     2.7499  38.439284  0.000e+00
     50.379     8.3409    33.2541    25.8523 1.5873e-01     0.1310      0.015    1482.43     41.441     2.7452  38.439285  0.000e+00
     50.308     8.3407    33.2540    25.8522 1.5873e-01     0.1310      0.015    1482.43     41.427     2.7443  38.439285  0.000e+00
     50.285     8.3406    33.2532    25.8517 1.5873e-01     0.1310      0.018    1482.43     41.423     2.7440  38.439286  0.000e+00
     50.272     8.3401    33.2530    25.8516 1.5873e-01     0.1298      0.015    1482.43     41.421     2.7439  38.439286  0.000e+00
     50.199     8.3397    33.2527    25.8514 1.5873e-01     0.1310      0.015    1482.42     41.353     2.7394  38.439287  0.000e+00
     50.165     8.3393    33.2529    25.8516 1.5873e-01     0.1298      0.015    1482.42     41.341     2.7387  38.439287  0.000e+00
     50.127     8.3392    33.2522    25.8511 1.5873e-01     0.1310      0.015    1482.42     41.331     2.7381  38.439288  0.000e+00
