RAWDATA/IO2019/20190207/Dk1_20190207.cnv
* Sea-Bird SBE 9 Data File:
* FileName = C:\CTD Brukere\NIVA\IO2019\20190207\Dk1_20190207.hex
* Software Version Seasave V 7.23.2
* Temperature SN = 5352
* Conductivity SN = 3840
* Number of Bytes Per Scan = 28
* Number of Voltage Words = 4
* Number of Scans Averaged by the Deck Unit = 1
* NMEA baud rate = 4800
** Ship: R/V Trygve Braarud
** Cruise:
** Station:
** Operator:
# nquan = 12
# nvalues = 9688                                  
# units = specified
# name 0 = depSM: Depth [salt water, m], lat = 59.60
# name 1 = t090C: Temperature [ITS-90, deg C]
# name 2 = sal00: Salinity, Practical [PSU]
# name 3 = sigma-t00: Density [sigma-t, kg/m^3 ]
# name 4 = flSP: Fluorescence, Seapoint
# name 5 = wetStar: Fluorescence, WET Labs WETstar [mg/m^3]
# name 6 = seaTurbMtr: Turbidity, Seapoint [FTU]
# name 7 = svCM: Sound Velocity [Chen-Millero, m/s]
# name 8 = sbeox0PS: Oxygen, SBE 43 [% saturation]
# name 9 = sbeox0ML/L: Oxygen, SBE 43 [ml/l]
# name 10 = timeJ: Julian Days
# name 11 = flag:  0.000e+00
# span 0 =      0.516,     98.848                 
# span 1 =     5.1568,     8.5106                 
# span 2 =    32.2601,    33.9363                 
# span 3 =    25.4858,    26.3991                 
# span 4 = 1.4652e-01, 5.2503e-01                 
# span 5 =     0.1261,     0.1310                 
# span 6 =      0.000,      0.018                 
# span 7 =    1467.91,    1484.00                 
# span 8 =     55.564,     83.370                 
# span 9 =     3.8262,     5.9831                 
# span 10 =  38.556539,  38.561211                
# span 11 = 0.0000e+00, 0.0000e+00                
# interval = seconds: 0.0416667
# start_time = Feb 07 2019 13:21:25 [System UpLoad Time]
# bad_flag = -9.990e-29
*END*
[from data line 1685]
     19.422     6.0659    32.6900    25.7195 2.5641e-01     0.1298      0.015    1472.41     59.715     4.1828  38.557352  0.000e+00
     19.435     6.0648    32.6894    25.7191 2.5641e-01     0.1285      0.015    1472.41     59.662     4.1792  38.557352  0.000e+00
     19.470     6.0636    32.6873    25.7177 2.5641e-01     0.1285      0.015    1472.40     59.656     4.1790  38.557353  0.000e+00
     19.482     6.0641    32.6847    25.7155 2.5641e-01     0.1285      0.015    1472.40     59.651     4.1787  38.557353  0.000e+00
     19.517     6.0663    32.6849    25.7154 2.5641e-01     0.1285      0.015    1472.41     59.717     4.1831  38.557354  0.000e+00
     19.530     6.0700    32.6864    25.7162 2.5641e-01     0.1285      0.015    1472.42     59.667     4.1792  38.557354  0.000e+00
     19.555     6.0709    32.6891    25.7181 2.5641e-01     0.1285      0.015    1472.43     59.672     4.1794  38.557355  0.000e+00
     19.566     6.0705    32.6892    25.7183 2.5641e-01     0.1285      0.015    1472.43     59.741     4.1842  38.557355  0.000e+00
     19.602     6.0685    32.6888    25.7183 2.4420e-01     0.1285      0.015    1472.42     59.685     4.1805  38.557356  0.000e+00
     19.626     6.0658    32.6889    25.7187 2.5641e-01     0.1285      0.015    1472.41     59.685     4.1808  38.557356  0.000e+00
     19.637     6.0638    32.6882    25.7183 2.5641e-01     0.1285      0.015    1472.40     59.685     4.1810  38.557357  0.000e+00
     19.662     6.0615    32.6882    25.7186 2.5641e-01     0.1285      0.015    1472.40     59.749     4.1857  38.557357  0.000e+00
     19.686     6.0603    32.6881    25.7187 2.5641e-01     0.1285      0.015    1472.39     59.696     4.1821  38.557358  0.000e+00
     19.722     6.0593    32.6874    25.7183 2.5641e-01     0.1285      0.015    1472.39     59.698     4.1823  38.557358  0.000e+00
     19.722     6.0584    32.6874    25.7184 2.5641e-01     0.1285      0.015    1472.38     59.700     4.1826  38.557359  0.000e+00
     19.759     6.0581    32.6876    25.7186 2.5641e-01     0.1285      0.015    1472.38     59.703     4.1829  38.557359  0.000e+00
     19.782     6.0596    32.6869    25.7178 2.5641e-01     0.1285      0.015    1472.39     59.707     4.1830  38.557360  0.000e+00
     19.806     6.0629    32.6864    25.7170 2.4420e-01     0.1298      0.015    1472.40     59.711     4.1830  38.557360  0.000e+00
     19.817     6.0678    32.6863    25.7164 2.4420e-01     0.1298      0.015    1472.42     59.716     4.1828  38.557361  0.000e+00
     19.842     6.0735    32.6865    25.7158 2.4420e-01     0.1285      0.015    1472.44     59.713     4.1820  38.557361  0.000e+00
     19.866     6.0785    32.6882    25.7165 2.4420e-01     0.1298      0.015    1472.47     59.710     4.1813  38.557362  0.000e+00
     19.889     6.0820    32.6885    25.7163 2.5641e-01     0.1285      0.015    1472.48     59.708     4.1808  38.557362  0.000e+00
     19.915     6.0800    32.6876    25.7158 2.5641e-01     0.1298      0.015    1472.47     59.707     4.1809  38.557363  0.000e+00
     19.937     6.0749    32.6880    25.7168 2.5641e-01     0.1285      0.015    1472.45     59.706     4.1814  38.557363  0.000e+00
     19.937     6.0700    32.6874    25.7169 2.5641e-01     0.1285      0.015    1472.43     59.705     4.1818  38.557364  0.000e+00
     19.973     6.0663    32.6865    25.7167 2.5641e-01     0.1285      0.015    1472.42     59.705     4.1822  38.557364  0.000e+00
     19.986     6.0638    32.6869    25.7173 2.5641e-01     0.1285      0.015    1472.41     59.705     4.1825  38.557364  0.000e+00
     20.022     6.0622    32.6866    25.7173 2.6862e-01     0.1285      0.015    1472.40     59.706     4.1827  38.557365  0.000e+00
     20.022     6.0606    32.6870    25.7178 2.5641e-01     0.1285      0.015    1472.40     59.706     4.1828  38.557365  0.000e+00
     20.069     6.0595    32.6868    25.7178 2.5641e-01     0.1285      0.015    1472.39     59.707     4.1830  38.557366  0.000e+00
     20.070     6.0595    32.6865    25.7175 2.5641e-01     0.1285      0.015    1472.39     59.708     4.1831  38.557366  0.000e+00
     20.104     6.0587    32.6872    25.7182 2.6862e-01     0.1285      0.015    1472.39     59.710     4.1833  38.557367  0.000e+00
     20.129     6.0589    32.6868    25.7178 2.6862e-01     0.1298      0.015    1472.39     59.650     4.1790  38.557367  0.000e+00
     20.140     6.0587    32.6869    25.7179 2.6862e-01     0.1285      0.015    1472.39     59.706     4.1830  38.557368  0.000e+00
     20.153     6.0579    32.6880    25.7189 2.8083e-01     0.1285      0.015    1472.39     59.647     4.1789  38.557368  0.000e+00
     20.177     6.0570    32.6879    25.7189 2.8083e-01     0.1285      0.015    1472.39     59.643     4.1787  38.557369  0.000e+00
     20.200     6.0568    32.6869    25.7182 2.8083e-01     0.1285      0.015    1472.38     59.639     4.1785  38.557369  0.000e+00
     20.236     6.0564    32.6872    25.7185 2.6862e-01     0.1285      0.015    1472.38     59.636     4.1783  38.557370  0.000e+00
     20.237     6.0558    32.6872    25.7185 2.6862e-01     0.1285      0.015    1472.38     59.633     4.1782  38.557370  0.000e+00
     20.273     6.0549    32.6870    25.7185 2.6862e-01     0.1285      0.015    1472.38     59.632     4.1782  38.557371  0.000e+00
     20.296     6.0539    32.6868    25.7184 2.6862e-01     0.1285      0.015    1472.37     59.631     4.1782  38.557371  0.000e+00
     20.308     6.0539    32.6859    25.7177 2.6862e-01     0.1285      0.015    1472.37     59.630     4.1782  38.557372  0.000e+00
     20.321     6.0536    32.6868    25.7185 2.6862e-01     0.1298      0.015    1472.37     59.630     4.1782  38.557372  0.000e+00
     20.355     6.0549    32.6871    25.7186 2.5641e-01     0.1285      0.015    1472.38     59.631     4.1781  38.557373  0.000e+00
     20.355     6.0563    32.6868    25.7182 2.6862e-01     0.1285      0.015    1472.38     59.570     4.1737  38.557373  0.000e+00
     20.404     6.0562    32.6872    25.7185 2.5641e-01     0.1285      0.015    1472.38     59.565     4.1734  38.557374  0.000e+00
     20.404     6.0547    32.6868    25.7183 2.6862e-01     0.1285      0.015    1472.38     59.560     4.1732  38.557374  0.000e+00
     20.428     6.0524    32.6865    25.7184 2.5641e-01     0.1285      0.015    1472.37     59.549     4.1726  38.557375  0.000e+00
     20.451     6.0509    32.6862    25.7184 2.5641e-01     0.1285      0.015    1472.36     59.546     4.1726  38.557375  0.000e+00
     20.475     6.0501    32.6862    25.7184 2.5641e-01     0.1285      0.015    1472.36     59.545     4.1726  38.557376  0.000e+00
     20.488     6.0490    32.6863    25.7186 2.6862e-01     0.1285      0.015    1472.36     59.536     4.1720  38.557376  0.000e+00
     20.511     6.0473    32.6864    25.7190 2.5641e-01     0.1285      0.015    1472.35     59.465     4.1673  38.557377  0.000e+00
     20.537     6.0461    32.6867    25.7194 2.5641e-01     0.1285      0.015    1472.35     59.450     4.1663  38.557377  0.000e+00
     20.547     6.0457    32.6865    25.7192 2.6862e-01     0.1285      0.015    1472.34     59.506     4.1703  38.557378  0.000e+00
     20.560     6.0441    32.6870    25.7198 2.6862e-01     0.1285      0.015    1472.34     59.439     4.1657  38.557378  0.000e+00
     20.595     6.0431    32.6865    25.7195 2.6862e-01     0.1298      0.015    1472.34     59.427     4.1650  38.557378  0.000e+00
     20.597     6.0411    32.6862    25.7196 2.6862e-01     0.1285      0.015    1472.33     59.424     4.1650  38.557379  0.000e+00
     20.644     6.0396    32.6856    25.7192 2.6862e-01     0.1285      0.015    1472.32     59.414     4.1644  38.557379  0.000e+00
     20.644     6.0386    32.6846    25.7186 2.5641e-01     0.1298      0.015    1472.32     59.342     4.1596  38.557380  0.000e+00
     20.655     6.0384    32.6850    25.7189 2.6862e-01     0.1285      0.015    1472.32     59.327     4.1585  38.557380  0.000e+00
     20.702     6.0382    32.6864    25.7201 2.5641e-01     0.1285      0.015    1472.32     59.321     4.1580  38.557381  0.000e+00
     20.702     6.0384    32.6870    25.7205 2.6862e-01     0.1285      0.015    1472.32     59.308     4.1571  38.557381  0.000e+00
     20.717     6.0387    32.6877    25.7210 2.5641e-01     0.1298      0.015    1472.32     59.297     4.1563  38.557382  0.000e+00
     20.740     6.0391    32.6875    25.7208 2.5641e-01     0.1285      0.015    1472.32     59.287     4.1555  38.557382  0.000e+00
     20.762     6.0398    32.6875    25.7207 2.6862e-01     0.1285      0.015    1472.33     59.216     4.1505  38.557383  0.000e+00
     20.762     6.0403    32.6874    25.7206 2.6862e-01     0.1285      0.015    1472.33     59.201     4.1494  38.557383  0.000e+00
     20.800     6.0408    32.6869    25.7201 2.6862e-01     0.1285      0.015    1472.33     59.125     4.1440  38.557384  0.000e+00
     20.824     6.0408    32.6869    25.7201 2.6862e-01     0.1285      0.015    1472.33     59.168     4.1471  38.557384  0.000e+00
     20.835     6.0411    32.6866    25.7199 2.6862e-01     0.1285      0.015    1472.33     59.096     4.1420  38.557385  0.000e+00
     20.847     6.0412    32.6870    25.7201 2.6862e-01     0.1285      0.015    1472.33     59.081     4.1409  38.557385  0.000e+00
     20.871     6.0415    32.6870    25.7201 2.5641e-01     0.1298      0.015    1472.33     59.067     4.1399  38.557386  0.000e+00
     20.895     6.0415    32.6873    25.7204 2.6862e-01     0.1285      0.015    1472.33     58.993     4.1347  38.557386  0.000e+00
     20.895     6.0415    32.6875    25.7205 2.6862e-01     0.1285      0.015    1472.33     58.976     4.1335  38.557387  0.000e+00
     20.933     6.0420    32.6872    25.7202 2.8083e-01     0.1285      0.015    1472.34     58.961     4.1324  38.557387  0.000e+00
     20.942     6.0424    32.6866    25.7197 2.8083e-01     0.1285      0.015    1472.34     58.886     4.1271  38.557388  0.000e+00
     20.967     6.0427    32.6868    25.7198 2.6862e-01     0.1285      0.015    1472.34     58.868     4.1258  38.557388  0.000e+00
     20.978     6.0430    32.6870    25.7200 2.5641e-01     0.1285      0.015    1472.34     58.853     4.1247  38.557389  0.000e+00
     21.002     6.0433    32.6869    25.7198 2.5641e-01     0.1285      0.015    1472.34     58.840     4.1238  38.557389  0.000e+00
     21.027     6.0430    32.6873    25.7202 2.6862e-01     0.1285      0.015    1472.34     58.830     4.1231  38.557390  0.000e+00
     21.028     6.0427    32.6874    25.7203 2.5641e-01     0.1285      0.018    1472.34     58.823     4.1226  38.557390  0.000e+00
     21.051     6.0427    32.6872    25.7202 2.5641e-01     0.1285      0.015    1472.34     58.818     4.1223  38.557391  0.000e+00
     21.087     6.0427    32.6877    25.7205 2.5641e-01     0.1285      0.015    1472.34     58.745     4.1172  38.557391  0.000e+00
     21.111     6.0430    32.6876    25.7204 2.5641e-01     0.1285      0.015    1472.34     58.738     4.1167  38.557391  0.000e+00
     21.111     6.0431    32.6876    25.7204 2.5641e-01     0.1285      0.015    1472.35     58.725     4.1158  38.557392  0.000e+00
     21.134     6.0428    32.6878    25.7206 2.5641e-01     0.1298      0.015    1472.34     58.653     4.1107  38.557392  0.000e+00
     21.147     6.0424    32.6878    25.7207 2.5641e-01     0.1285      0.015    1472.34     58.638     4.1097  38.557393  0.000e+00
     21.173     6.0422    32.6878    25.7207 2.5641e-01     0.1285      0.015    1472.34     58.626     4.1089  38.557393  0.000e+00
     21.194     6.0419    32.6876    25.7206 2.5641e-01     0.1285      0.015    1472.34     58.617     4.1083  38.557394  0.000e+00
     21.207     6.0415    32.6874    25.7204 2.5641e-01     0.1285      0.015    1472.34     58.611     4.1079  38.557394  0.000e+00
     21.229     6.0412    32.6876    25.7206 2.5641e-01     0.1298      0.015    1472.34     58.608     4.1077  38.557395  0.000e+00
     21.254     6.0414    32.6869    25.7201 2.5641e-01     0.1285      0.015    1472.34     58.608     4.1077  38.557395  0.000e+00
     21.267     6.0405    32.6876    25.7207 2.6862e-01     0.1285      0.015    1472.34     58.548     4.1036  38.557396  0.000e+00
     21.278     6.0403    32.6870    25.7203 2.5641e-01     0.1298      0.015    1472.34     58.546     4.1035  38.557396  0.000e+00
     21.304     6.0399    32.6869    25.7202 2.5641e-01     0.1285      0.015    1472.33     58.540     4.1031  38.557397  0.000e+00
     21.314     6.0398    32.6869    25.7203 2.5641e-01     0.1285      0.015    1472.33     58.536     4.1028  38.557397  0.000e+00
     21.349     6.0399    32.6870    25.7203 2.5641e-01     0.1298      0.015    1472.34     58.473     4.0984  38.557398  0.000e+00
     21.374     6.0403    32.6865    25.7199 2.6862e-01     0.1285      0.015    1472.34     58.467     4.0980  38.557398  0.000e+00
     21.362     6.0404    32.6868    25.7201 2.6862e-01     0.1285      0.015    1472.34     58.465     4.0978  38.557399  0.000e+00
     21.409     6.0401    32.6864    25.7198 2.6862e-01     0.1285      0.015    1472.34     58.404     4.0936  38.557399  0.000e+00
     21.409     6.0396    32.6869    25.7203 2.6862e-01     0.1285      0.015    1472.34     58.463     4.0977  38.557400  0.000e+00
     21.422     6.0386    32.6868    25.7203 2.8083e-01     0.1285      0.015    1472.33     58.401     4.0935  38.557400  0.000e+00
     21.458     6.0379    32.6868    25.7204 2.9304e-01     0.1285      0.015    1472.33     58.396     4.0932  38.557401  0.000e+00
     21.459     6.0377    32.6863    25.7200 2.9304e-01     0.1285      0.015    1472.33     58.403     4.0937  38.557401  0.000e+00
     21.505     6.0382    32.6862    25.7199 2.9304e-01     0.1285      0.015    1472.33     58.405     4.0938  38.557402  0.000e+00
     21.505     6.0382    32.6866    25.7202 2.8083e-01     0.1298      0.015    1472.33     58.348     4.0898  38.557402  0.000e+00
     21.518     6.0386    32.6868    25.7203 2.8083e-01     0.1285      0.015    1472.33     58.349     4.0899  38.557403  0.000e+00
     21.554     6.0389    32.6867    25.7202 2.8083e-01     0.1285      0.015    1472.33     58.354     4.0902  38.557403  0.000e+00
     21.554     6.0393    32.6867    25.7202 2.6862e-01     0.1298      0.015    1472.34     58.354     4.0901  38.557404  0.000e+00
     21.578     6.0396    32.6863    25.7198 2.6862e-01     0.1285      0.015    1472.34     58.357     4.0903  38.557404  0.000e+00
     21.614     6.0399    32.6865    25.7199 2.6862e-01     0.1298      0.015    1472.34     58.302     4.0864  38.557405  0.000e+00
     21.614     6.0398    32.6868    25.7202 2.6862e-01     0.1285      0.015    1472.34     58.304     4.0866  38.557405  0.000e+00
     21.639     6.0401    32.6869    25.7202 2.6862e-01     0.1285      0.015    1472.34     58.310     4.0870  38.557405  0.000e+00
     21.673     6.0399    32.6872    25.7205 2.6862e-01     0.1285      0.015    1472.34     58.257     4.0833  38.557406  0.000e+00
     21.673     6.0399    32.6873    25.7205 2.6862e-01     0.1285      0.015    1472.34     58.317     4.0875  38.557406  0.000e+00
     21.696     6.0399    32.6873    25.7205 2.5641e-01     0.1285      0.015    1472.34     58.263     4.0837  38.557407  0.000e+00
     21.733     6.0399    32.6870    25.7203 2.5641e-01     0.1285      0.015    1472.34     58.260     4.0835  38.557407  0.000e+00
     21.733     6.0403    32.6868    25.7201 2.6862e-01     0.1285      0.015    1472.34     58.267     4.0840  38.557408  0.000e+00
     21.745     6.0396    32.6875    25.7208 2.6862e-01     0.1285      0.015    1472.34     58.270     4.0842  38.557408  0.000e+00
     21.793     6.0396    32.6870    25.7203 2.5641e-01     0.1285      0.015    1472.34     58.277     4.0847  38.557409  0.000e+00
