RAWDATA/IO2019/20190207/Dk1_20190207.cnv
* Sea-Bird SBE 9 Data File:
* FileName = C:\CTD Brukere\NIVA\IO2019\20190207\Dk1_20190207.hex
* Software Version Seasave V 7.23.2
* Temperature SN = 5352
* Conductivity SN = 3840
* Number of Bytes Per Scan = 28
* Number of Voltage Words = 4
* Number of Scans Averaged by the Deck Unit = 1
* NMEA baud rate = 4800
** Ship: R/V Trygve Braarud
** Cruise:
** Station:
** Operator:
# nquan = 12
# nvalues = 9688                                  
# units = specified
# name 0 = depSM: Depth [salt water, m], lat = 59.60
# name 1 = t090C: Temperature [ITS-90, deg C]
# name 2 = sal00: Salinity, Practical [PSU]
# name 3 = sigma-t00: Density [sigma-t, kg/m^3 ]
# name 4 = flSP: Fluorescence, Seapoint
# name 5 = wetStar: Fluorescence, WET Labs WETstar [mg/m^3]
# name 6 = seaTurbMtr: Turbidity, Seapoint [FTU]
# name 7 = svCM: Sound Velocity [Chen-Millero, m/s]
# name 8 = sbeox0PS: Oxygen, SBE 43 [% saturation]
# name 9 = sbeox0ML/L: Oxygen, SBE 43 [ml/l]
# name 10 = timeJ: Julian Days
# name 11 = flag:  0.000e+00
# span 0 =      0.516,     98.848                 
# span 1 =     5.1568,     8.5106                 
# span 2 =    32.2601,    33.9363                 
# span 3 =    25.4858,    26.3991                 
# span 4 = 1.4652e-01, 5.2503e-01                 
# span 5 =     0.1261,     0.1310                 
# span 6 =      0.000,      0.018                 
# span 7 =    1467.91,    1484.00                 
# span 8 =     55.564,     83.370                 
# span 9 =     3.8262,     5.9831                 
# span 10 =  38.556539,  38.561211                
# span 11 = 0.0000e+00, 0.0000e+00                
# interval = seconds: 0.0416667
# start_time = Feb 07 2019 13:21:25 [System UpLoad Time]
# bad_flag = -9.990e-29
*END*
[from data line 963]
      4.778     5.2186    32.4696    25.6452 3.5409e-01     0.1285      0.015    1468.48     58.899     4.2152  38.557004  0.000e+00
      4.791     5.2187    32.4730    25.6478 3.4188e-01     0.1285      0.011    1468.48     58.899     4.2151  38.557004  0.000e+00
      4.838     5.2182    32.4744    25.6490 3.5409e-01     0.1285      0.015    1468.48     58.895     4.2148  38.557005  0.000e+00
      4.825     5.2172    32.4772    25.6514 3.4188e-01     0.1285      0.011    1468.48     58.895     4.2148  38.557005  0.000e+00
      4.873     5.2157    32.4792    25.6531 3.4188e-01     0.1273      0.011    1468.48     58.889     4.2145  38.557006  0.000e+00
      4.873     5.2150    32.4802    25.6540 3.4188e-01     0.1273      0.011    1468.48     58.942     4.2183  38.557006  0.000e+00
      4.897     5.2142    32.4817    25.6553 3.4188e-01     0.1285      0.011    1468.48     58.934     4.2178  38.557007  0.000e+00
      4.933     5.2139    32.4819    25.6554 3.4188e-01     0.1285      0.015    1468.48     58.993     4.2221  38.557007  0.000e+00
      4.956     5.2142    32.4836    25.6568 3.5409e-01     0.1273      0.015    1468.48     58.992     4.2219  38.557008  0.000e+00
      4.957     5.2154    32.4836    25.6566 3.5409e-01     0.1285      0.015    1468.49     59.057     4.2264  38.557008  0.000e+00
      4.982     5.2157    32.4843    25.6571 3.5409e-01     0.1273      0.015    1468.49     59.063     4.2268  38.557009  0.000e+00
      5.017     5.2161    32.4841    25.6569 3.5409e-01     0.1285      0.015    1468.49     59.063     4.2268  38.557009  0.000e+00
      5.038     5.2156    32.4846    25.6574 3.5409e-01     0.1285      0.015    1468.49     59.130     4.2316  38.557010  0.000e+00
      5.053     5.2157    32.4851    25.6578 3.5409e-01     0.1273      0.015    1468.49     59.137     4.2320  38.557010  0.000e+00
      5.077     5.2156    32.4857    25.6583 3.5409e-01     0.1273      0.015    1468.49     59.138     4.2322  38.557011  0.000e+00
      5.101     5.2151    32.4869    25.6593 3.5409e-01     0.1273      0.015    1468.49     59.135     4.2320  38.557011  0.000e+00
      5.111     5.2151    32.4867    25.6591 3.4188e-01     0.1285      0.015    1468.49     59.189     4.2359  38.557011  0.000e+00
      5.137     5.2150    32.4875    25.6598 3.5409e-01     0.1285      0.011    1468.49     59.192     4.2361  38.557012  0.000e+00
      5.160     5.2151    32.4869    25.6593 3.5409e-01     0.1273      0.015    1468.49     59.199     4.2365  38.557012  0.000e+00
      5.184     5.2153    32.4867    25.6591 3.5409e-01     0.1285      0.011    1468.49     59.192     4.2360  38.557013  0.000e+00
      5.194     5.2153    32.4868    25.6592 3.5409e-01     0.1285      0.015    1468.49     59.251     4.2402  38.557013  0.000e+00
      5.220     5.2157    32.4861    25.6586 3.5409e-01     0.1285      0.011    1468.50     59.250     4.2401  38.557014  0.000e+00
      5.244     5.2157    32.4865    25.6589 3.6630e-01     0.1285      0.015    1468.50     59.315     4.2448  38.557014  0.000e+00
      5.268     5.2161    32.4863    25.6587 3.5409e-01     0.1273      0.015    1468.50     59.321     4.2452  38.557015  0.000e+00
      5.278     5.2167    32.4857    25.6582 3.5409e-01     0.1273      0.011    1468.50     59.385     4.2497  38.557015  0.000e+00
      5.304     5.2173    32.4854    25.6578 3.5409e-01     0.1273      0.015    1468.50     59.405     4.2511  38.557016  0.000e+00
      5.328     5.2182    32.4850    25.6575 3.4188e-01     0.1285      0.015    1468.51     59.412     4.2515  38.557016  0.000e+00
      5.352     5.2196    32.4841    25.6566 3.4188e-01     0.1285      0.015    1468.51     59.477     4.2560  38.557017  0.000e+00
      5.362     5.2214    32.4831    25.6555 3.4188e-01     0.1285      0.011    1468.52     59.490     4.2568  38.557017  0.000e+00
      5.375     5.2236    32.4823    25.6547 3.4188e-01     0.1285      0.015    1468.53     59.498     4.2572  38.557018  0.000e+00
      5.411     5.2253    32.4816    25.6539 3.2967e-01     0.1273      0.015    1468.53     59.501     4.2572  38.557018  0.000e+00
      5.388     5.2268    32.4821    25.6542 3.2967e-01     0.1273      0.015    1468.54     59.561     4.2614  38.557019  0.000e+00
      5.493     5.2282    32.4832    25.6549 3.2967e-01     0.1273      0.015    1468.55     59.562     4.2613  38.557019  0.000e+00
      5.459     5.2291    32.4843    25.6557 3.2967e-01     0.1298      0.015    1468.55     59.565     4.2614  38.557020  0.000e+00
      5.495     5.2302    32.4850    25.6561 3.4188e-01     0.1273      0.015    1468.56     59.627     4.2657  38.557020  0.000e+00
      5.505     5.2304    32.4863    25.6571 3.4188e-01     0.1285      0.015    1468.56     59.628     4.2657  38.557021  0.000e+00
      5.530     5.2308    32.4861    25.6569 3.4188e-01     0.1285      0.015    1468.56     59.624     4.2654  38.557021  0.000e+00
      5.555     5.2329    32.4848    25.6556 3.4188e-01     0.1285      0.011    1468.57     59.685     4.2696  38.557022  0.000e+00
      5.555     5.2359    32.4829    25.6538 3.4188e-01     0.1285      0.015    1468.58     59.687     4.2694  38.557022  0.000e+00
      5.611     5.2403    32.4795    25.6506 3.4188e-01     0.1285      0.015    1468.59     59.683     4.2688  38.557023  0.000e+00
      5.615     5.2450    32.4759    25.6472 3.4188e-01     0.1285      0.015    1468.61     59.673     4.2677  38.557023  0.000e+00
      5.626     5.2477    32.4763    25.6472 3.2967e-01     0.1273      0.015    1468.62     59.729     4.2714  38.557024  0.000e+00
      5.647     5.2493    32.4771    25.6477 3.4188e-01     0.1285      0.015    1468.63     59.725     4.2710  38.557024  0.000e+00
      5.686     5.2508    32.4801    25.6499 3.2967e-01     0.1285      0.015    1468.64     59.779     4.2746  38.557024  0.000e+00
      5.686     5.2526    32.4825    25.6515 3.4188e-01     0.1285      0.015    1468.65     59.781     4.2745  38.557025  0.000e+00
      5.720     5.2539    32.4841    25.6527 3.4188e-01     0.1285      0.015    1468.66     59.840     4.2785  38.557025  0.000e+00
      5.734     5.2560    32.4845    25.6527 3.2967e-01     0.1273      0.015    1468.67     59.839     4.2782  38.557026  0.000e+00
      5.746     5.2565    32.4856    25.6536 3.2967e-01     0.1285      0.015    1468.67     59.841     4.2783  38.557026  0.000e+00
      5.791     5.2559    32.4885    25.6559 3.2967e-01     0.1285      0.015    1468.67     59.900     4.2825  38.557027  0.000e+00
      5.794     5.2546    32.4911    25.6581 3.2967e-01     0.1285      0.015    1468.67     59.907     4.2831  38.557027  0.000e+00
      5.817     5.2535    32.4934    25.6601 3.2967e-01     0.1273      0.011    1468.67     59.972     4.2877  38.557028  0.000e+00
      5.841     5.2532    32.4943    25.6608 3.4188e-01     0.1273      0.015    1468.67     59.976     4.2880  38.557028  0.000e+00
      5.851     5.2529    32.4944    25.6610 3.4188e-01     0.1273      0.011    1468.67     60.037     4.2924  38.557029  0.000e+00
      5.890     5.2527    32.4940    25.6607 3.2967e-01     0.1285      0.015    1468.67     60.038     4.2925  38.557029  0.000e+00
      5.890     5.2519    32.4946    25.6612 3.2967e-01     0.1285      0.015    1468.66     60.041     4.2928  38.557030  0.000e+00
      5.911     5.2516    32.4947    25.6613 3.2967e-01     0.1285      0.015    1468.66     60.100     4.2971  38.557030  0.000e+00
      5.950     5.2509    32.4952    25.6618 3.2967e-01     0.1273      0.015    1468.66     60.171     4.3022  38.557031  0.000e+00
      5.961     5.2504    32.4952    25.6619 3.2967e-01     0.1285      0.015    1468.66     60.180     4.3029  38.557031  0.000e+00
      5.971     5.2497    32.4956    25.6623 3.2967e-01     0.1285      0.015    1468.66     60.192     4.3038  38.557032  0.000e+00
      6.008     5.2506    32.4946    25.6613 3.2967e-01     0.1285      0.015    1468.66     60.261     4.3087  38.557032  0.000e+00
      6.021     5.2515    32.4937    25.6605 3.2967e-01     0.1273      0.011    1468.66     60.332     4.3137  38.557033  0.000e+00
      6.042     5.2526    32.4929    25.6598 3.2967e-01     0.1285      0.015    1468.67     60.350     4.3149  38.557033  0.000e+00
      6.068     5.2537    32.4926    25.6594 3.2967e-01     0.1285      0.015    1468.67     60.425     4.3201  38.557034  0.000e+00
      6.092     5.2540    32.4934    25.6601 3.2967e-01     0.1273      0.015    1468.67     60.439     4.3211  38.557034  0.000e+00
      6.102     5.2549    32.4926    25.6593 3.2967e-01     0.1273      0.015    1468.68     60.509     4.3260  38.557035  0.000e+00
      6.128     5.2554    32.4928    25.6594 3.1746e-01     0.1273      0.015    1468.68     60.526     4.3272  38.557035  0.000e+00
      6.141     5.2552    32.4933    25.6598 3.2967e-01     0.1273      0.015    1468.68     60.600     4.3324  38.557036  0.000e+00
      6.185     5.2543    32.4953    25.6615 3.1746e-01     0.1285      0.015    1468.68     60.612     4.3334  38.557036  0.000e+00
      6.199     5.2543    32.4958    25.6619 3.1746e-01     0.1298      0.015    1468.68     60.618     4.3338  38.557037  0.000e+00
      6.209     5.2572    32.4933    25.6596 3.1746e-01     0.1273      0.015    1468.69     60.687     4.3385  38.557037  0.000e+00
      6.236     5.2630    32.4878    25.6545 3.1746e-01     0.1273      0.015    1468.71     60.757     4.3431  38.557038  0.000e+00
      6.259     5.2677    32.4853    25.6521 3.1746e-01     0.1285      0.015    1468.72     60.775     4.3439  38.557038  0.000e+00
      6.280     5.2691    32.4877    25.6538 3.1746e-01     0.1285      0.015    1468.73     60.848     4.3489  38.557038  0.000e+00
      6.296     5.2696    32.4926    25.6577 3.0525e-01     0.1285      0.015    1468.74     60.869     4.3502  38.557039  0.000e+00
      6.319     5.2686    32.4959    25.6603 3.1746e-01     0.1285      0.015    1468.74     60.883     4.3512  38.557039  0.000e+00
      6.340     5.2674    32.4983    25.6624 3.1746e-01     0.1273      0.011    1468.74     60.953     4.3563  38.557040  0.000e+00
      6.368     5.2663    32.4991    25.6632 3.1746e-01     0.1285      0.015    1468.74     61.033     4.3621  38.557040  0.000e+00
      6.379     5.2653    32.4996    25.6637 3.1746e-01     0.1285      0.015    1468.73     61.051     4.3634  38.557041  0.000e+00
      6.400     5.2630    32.5006    25.6647 3.1746e-01     0.1285      0.015    1468.73     61.062     4.3645  38.557041  0.000e+00
      6.427     5.2612    32.5009    25.6652 3.1746e-01     0.1285      0.015    1468.72     61.128     4.3694  38.557042  0.000e+00
      6.448     5.2607    32.4998    25.6643 3.0525e-01     0.1298      0.018    1468.72     61.141     4.3704  38.557042  0.000e+00
      6.463     5.2607    32.4986    25.6634 3.0525e-01     0.1285      0.015    1468.71     61.209     4.3753  38.557043  0.000e+00
      6.487     5.2616    32.4976    25.6625 3.0525e-01     0.1285      0.015    1468.72     61.215     4.3757  38.557043  0.000e+00
      6.507     5.2625    32.4966    25.6616 3.0525e-01     0.1285      0.015    1468.72     61.285     4.3806  38.557044  0.000e+00
      6.523     5.2628    32.4970    25.6619 3.0525e-01     0.1285      0.015    1468.72     61.293     4.3811  38.557044  0.000e+00
      6.531     5.2625    32.4978    25.6625 3.0525e-01     0.1273      0.015    1468.72     61.356     4.3856  38.557045  0.000e+00
      6.583     5.2628    32.4981    25.6627 3.0525e-01     0.1285      0.015    1468.72     61.365     4.3862  38.557045  0.000e+00
      6.583     5.2649    32.4975    25.6621 3.0525e-01     0.1273      0.015    1468.73     61.366     4.3861  38.557046  0.000e+00
      6.615     5.2722    32.4926    25.6574 3.0525e-01     0.1285      0.015    1468.76     61.485     4.3940  38.557046  0.000e+00
      6.618     5.2816    32.4892    25.6536 3.0525e-01     0.1285      0.015    1468.79     61.548     4.3976  38.557047  0.000e+00
      6.630     5.2913    32.4900    25.6531 3.0525e-01     0.1273      0.015    1468.83     61.556     4.3972  38.557047  0.000e+00
      6.675     5.2973    32.4972    25.6581 3.0525e-01     0.1285      0.015    1468.87     61.621     4.4009  38.557048  0.000e+00
      6.690     5.3081    32.4986    25.6580 3.1746e-01     0.1285      0.015    1468.91     61.629     4.4004  38.557048  0.000e+00
      6.698     5.3184    32.4988    25.6570 3.0525e-01     0.1285      0.015    1468.95     61.692     4.4038  38.557049  0.000e+00
      6.725     5.3235    32.5013    25.6584 3.0525e-01     0.1273      0.015    1468.98     61.702     4.4038  38.557049  0.000e+00
      6.746     5.3247    32.5018    25.6587 3.0525e-01     0.1285      0.015    1468.98     61.767     4.4083  38.557050  0.000e+00
      6.750     5.3212    32.5022    25.6593 3.0525e-01     0.1285      0.015    1468.97     61.769     4.4089  38.557050  0.000e+00
      6.785     5.3126    32.5038    25.6616 3.0525e-01     0.1285      0.015    1468.94     61.773     4.4100  38.557051  0.000e+00
      6.818     5.3028    32.5061    25.6646 3.0525e-01     0.1285      0.015    1468.90     61.832     4.4152  38.557051  0.000e+00
      6.810     5.2943    32.5061    25.6655 3.0525e-01     0.1285      0.015    1468.87     61.835     4.4163  38.557052  0.000e+00
      6.853     5.2852    32.5084    25.6684 3.0525e-01     0.1285      0.015    1468.83     61.894     4.4214  38.557052  0.000e+00
      6.857     5.2773    32.5114    25.6716 3.0525e-01     0.1285      0.015    1468.80     61.898     4.4224  38.557052  0.000e+00
      6.881     5.2719    32.5118    25.6726 3.0525e-01     0.1285      0.015    1468.78     61.955     4.4271  38.557053  0.000e+00
      6.902     5.2720    32.5077    25.6693 2.9304e-01     0.1285      0.015    1468.78     61.949     4.4267  38.557053  0.000e+00
      6.916     5.2792    32.4996    25.6621 2.9304e-01     0.1285      0.015    1468.80     62.004     4.4301  38.557054  0.000e+00
      6.937     5.2993    32.4871    25.6499 2.9304e-01     0.1298      0.015    1468.86     61.939     4.4238  38.557054  0.000e+00
      6.965     5.3388    32.4724    25.6338 2.9304e-01     0.1273      0.015    1469.01     61.980     4.4230  38.557055  0.000e+00
      6.973     5.3762    32.4758    25.6322 2.9304e-01     0.1285      0.015    1469.16     61.959     4.4174  38.557055  0.000e+00
      7.001     5.3996    32.4901    25.6408 2.9304e-01     0.1285      0.015    1469.28     61.941     4.4133  38.557056  0.000e+00
      7.012     5.4064    32.5069    25.6533 2.9304e-01     0.1285      0.015    1469.33     61.989     4.4155  38.557056  0.000e+00
      7.033     5.3971    32.5233    25.6674 2.9304e-01     0.1285      0.015    1469.31     61.978     4.4152  38.557057  0.000e+00
      7.061     5.3747    32.5379    25.6815 2.9304e-01     0.1285      0.015    1469.24     62.033     4.4210  38.557057  0.000e+00
      7.080     5.3604    32.5348    25.6807 2.9304e-01     0.1285      0.015    1469.18     62.024     4.4220  38.557058  0.000e+00
      7.085     5.3538    32.5228    25.6720 2.9304e-01     0.1285      0.015    1469.13     62.014     4.4223  38.557058  0.000e+00
      7.117     5.3481    32.5148    25.6662 2.9304e-01     0.1285      0.015    1469.10     62.059     4.4264  38.557059  0.000e+00
      7.132     5.3436    32.5095    25.6626 2.9304e-01     0.1285      0.015    1469.08     62.051     4.4264  38.557059  0.000e+00
      7.153     5.3468    32.5011    25.6555 2.9304e-01     0.1285      0.015    1469.08     62.096     4.4295  38.557060  0.000e+00
      7.167     5.3559    32.4926    25.6478 2.9304e-01     0.1273      0.015    1469.10     62.077     4.4275  38.557060  0.000e+00
      7.203     5.3612    32.4935    25.6479 2.9304e-01     0.1285      0.015    1469.13     62.060     4.4257  38.557061  0.000e+00
