RAWDATA/IO2019/20190207/Dk1_20190207_down_bin.cnv
* Sea-Bird SBE 9 Data File:
* FileName = C:\CTD Brukere\NIVA\IO2019\20190207\Dk1_20190207.hex
* Software Version Seasave V 7.23.2
* Temperature SN = 5352
* Conductivity SN = 3840
* Number of Bytes Per Scan = 28
* Number of Voltage Words = 4
* Number of Scans Averaged by the Deck Unit = 1
* NMEA baud rate = 4800
** Ship: R/V Trygve Braarud
** Cruise:
** Station:
** Operator:
# nquan = 12
# nvalues = 99                          
# units = specified
# name 0 = depSM: Depth [salt water, m], lat = 59.60
# name 1 = t090C: Temperature [ITS-90, deg C]
# name 2 = sal00: Salinity, Practical [PSU]
# name 3 = sigma-t00: Density [sigma-t, kg/m^3 ]
# name 4 = flSP: Fluorescence, Seapoint
# name 5 = wetStar: Fluorescence, WET Labs WETstar [mg/m^3]
# name 6 = seaTurbMtr: Turbidity, Seapoint [FTU]
# name 7 = svCM: Sound Velocity [Chen-Millero, m/s]
# name 8 = sbeox0PS: Oxygen, SBE 43 [% saturation]
# name 9 = sbeox0ML/L: Oxygen, SBE 43 [ml/l]
# name 10 = timeJ: Julian Days
# name 11 = flag: flag
# span 0 =      1.000,     99.000       
# span 1 =     5.1798,     8.5024       
# span 2 =    32.3820,    33.9272       
# span 3 =    25.5802,    26.3985       
# span 4 = 1.4651e-01, 3.6071e-01       
# span 5 =     0.1269,     0.1299       
# span 6 =      0.008,      0.016       
# span 7 =    1468.15,    1483.97       
# span 8 =     56.031,     62.112       
# span 9 =     3.8332,     4.4155       
# span 10 =  38.556783,  38.559328      
# span 11 = 0.0000e+00, 0.0000e+00      
# interval = meters: 1                  
# start_time = Feb 07 2019 13:21:25 [System UpLoad Time]
# bad_flag = -9.990e-29
*END*
      1.000     5.1798    32.3820    25.5802 3.5627e-01     0.1269      0.008    1468.15     60.742     4.3540  38.556783 0.0000e+00
      2.000     5.1958    32.4642    25.6435 3.5985e-01     0.1273      0.011    1468.33     56.031     4.0123  38.556933 0.0000e+00
      3.000     5.1972    32.4697    25.6477 3.6071e-01     0.1274      0.011    1468.36     56.640     4.0556  38.556962 0.0000e+00
      4.000     5.1957    32.4723    25.6499 3.5997e-01     0.1276      0.012    1468.38     58.465     4.1864  38.556985 0.0000e+00
      5.000     5.2171    32.4776    25.6517 3.4847e-01     0.1280      0.014    1468.49     59.099     4.2294  38.557009 0.0000e+00
      6.000     5.2543    32.4911    25.6582 3.2703e-01     0.1282      0.015    1468.67     60.325     4.3129  38.557032 0.0000e+00
      7.000     5.3390    32.5006    25.6560 3.0057e-01     0.1284      0.015    1469.04     61.887     4.4155  38.557056 0.0000e+00
      8.000     5.5226    32.5286    25.6570 2.9760e-01     0.1285      0.015    1469.84     62.112     4.4115  38.557080 0.0000e+00
      9.000     5.5214    32.5499    25.6741 2.9503e-01     0.1287      0.015    1469.88     61.912     4.3968  38.557103 0.0000e+00
     10.000     5.5824    32.5513    25.6680 2.9645e-01     0.1287      0.015    1470.14     61.929     4.3916  38.557127 0.0000e+00
     11.000     5.6463    32.5645    25.6709 2.9583e-01     0.1288      0.015    1470.43     61.526     4.3560  38.557151 0.0000e+00
     12.000     5.6836    32.5756    25.6753 2.9251e-01     0.1288      0.015    1470.61     61.111     4.3226  38.557175 0.0000e+00
     13.000     5.7104    32.5813    25.6767 2.9180e-01     0.1286      0.015    1470.75     60.756     4.2945  38.557198 0.0000e+00
     14.000     5.7142    32.5927    25.6852 2.8716e-01     0.1286      0.015    1470.79     60.505     4.2761  38.557222 0.0000e+00
     15.000     5.7505    32.6023    25.6885 2.7434e-01     0.1285      0.015    1470.97     60.162     4.2479  38.557246 0.0000e+00
     16.000     5.8294    32.6187    25.6920 2.6865e-01     0.1286      0.015    1471.32     59.902     4.2213  38.557270 0.0000e+00
     17.000     5.8704    32.6273    25.6938 2.6634e-01     0.1287      0.015    1471.51     59.913     4.2178  38.557294 0.0000e+00
     18.000     6.0412    32.6585    25.6976 2.5448e-01     0.1288      0.015    1472.25     59.904     4.1994  38.557317 0.0000e+00
     19.000     6.1315    32.6913    25.7124 2.5246e-01     0.1289      0.015    1472.67     59.669     4.1732  38.557342 0.0000e+00
     20.000     6.0622    32.6872    25.7178 2.5998e-01     0.1287      0.015    1472.40     59.666     4.1799  38.557365 0.0000e+00
     21.000     6.0411    32.6869    25.7201 2.6443e-01     0.1287      0.015    1472.33     58.899     4.1281  38.557389 0.0000e+00
     22.000     6.0495    32.6896    25.7212 2.6098e-01     0.1289      0.015    1472.39     58.181     4.0769  38.557414 0.0000e+00
     23.000     6.0627    32.6976    25.7259 2.6003e-01     0.1288      0.015    1472.47     58.292     4.0833  38.557437 0.0000e+00
     24.000     6.4228    32.7714    25.7387 2.3294e-01     0.1285      0.015    1474.00     58.178     4.0393  38.557463 0.0000e+00
     25.000     6.9716    32.8949    25.7645 2.0687e-01     0.1282      0.013    1476.33     58.087     3.9788  38.557487 0.0000e+00
     26.000     7.2284    33.0029    25.8147 1.9654e-01     0.1288      0.015    1477.47     58.356     3.9709  38.557511 0.0000e+00
     27.000     7.4017    33.0937    25.8622 1.9094e-01     0.1291      0.015    1478.27     58.127     3.9374  38.557537 0.0000e+00
     28.000     7.6104    33.1916    25.9098 1.8130e-01     0.1289      0.015    1479.21     57.420     3.8685  38.557560 0.0000e+00
     29.000     7.7085    33.2284    25.9248 1.7817e-01     0.1289      0.015    1479.65     57.281     3.8496  38.557585 0.0000e+00
     30.000     7.8311    33.2805    25.9480 1.7038e-01     0.1290      0.015    1480.20     57.214     3.8332  38.557610 0.0000e+00
     31.000     7.9100    33.3282    25.9741 1.7093e-01     0.1291      0.015    1480.57     57.461     3.8416  38.557634 0.0000e+00
     32.000     7.9574    33.3936    26.0186 1.6997e-01     0.1289      0.015    1480.85     57.678     3.8504  38.557660 0.0000e+00
     33.000     7.6393    33.3623    26.0397 1.8102e-01     0.1292      0.015    1479.62     57.755     3.8843  38.557683 0.0000e+00
     34.000     7.4107    33.3639    26.0735 1.8134e-01     0.1292      0.015    1478.76     57.885     3.9132  38.557709 0.0000e+00
     35.000     7.4772    33.4053    26.0967 1.7484e-01     0.1292      0.015    1479.08     58.413     3.9418  38.557733 0.0000e+00
     36.000     7.5426    33.4333    26.1094 1.7568e-01     0.1291      0.015    1479.39     60.185     4.0546  38.557756 0.0000e+00
     37.000     7.8279    33.5222    26.1382 1.6363e-01     0.1293      0.016    1480.60     60.012     4.0146  38.557782 0.0000e+00
     38.000     8.2664    33.6252    26.1546 1.5438e-01     0.1291      0.015    1482.41     60.841     4.0273  38.557807 0.0000e+00
     39.000     8.2896    33.6434    26.1654 1.5669e-01     0.1292      0.016    1482.53     61.166     4.0462  38.557831 0.0000e+00
     40.000     8.2833    33.6660    26.1840 1.5422e-01     0.1292      0.016    1482.55     59.473     3.9342  38.557856 0.0000e+00
     41.000     8.3966    33.7052    26.1977 1.5101e-01     0.1294      0.015    1483.04     58.847     3.8819  38.557879 0.0000e+00
     42.000     8.3894    33.7172    26.2082 1.4982e-01     0.1293      0.016    1483.05     59.224     3.9072  38.557904 0.0000e+00
     43.000     8.4217    33.7401    26.2213 1.4778e-01     0.1292      0.015    1483.21     58.954     3.8859  38.557928 0.0000e+00
     44.000     8.4153    33.7487    26.2290 1.4951e-01     0.1294      0.016    1483.22     58.924     3.8843  38.557952 0.0000e+00
     45.000     8.4170    33.7663    26.2425 1.4881e-01     0.1294      0.015    1483.26     58.982     3.8875  38.557976 0.0000e+00
     46.000     8.4259    33.7842    26.2552 1.4702e-01     0.1294      0.016    1483.33     58.942     3.8837  38.558000 0.0000e+00
     47.000     8.4470    33.8074    26.2702 1.4831e-01     0.1295      0.016    1483.46     58.928     3.8803  38.558024 0.0000e+00
     48.000     8.4939    33.8420    26.2901 1.4902e-01     0.1295      0.015    1483.69     59.084     3.8856  38.558047 0.0000e+00
     49.000     8.4786    33.8531    26.3012 1.4676e-01     0.1295      0.015    1483.67     59.187     3.8935  38.558071 0.0000e+00
     50.000     8.4777    33.8668    26.3121 1.4726e-01     0.1295      0.016    1483.69     58.860     3.8717  38.558096 0.0000e+00
     51.000     8.4668    33.8706    26.3167 1.4748e-01     0.1295      0.015    1483.68     58.862     3.8727  38.558120 0.0000e+00
     52.000     8.4547    33.8743    26.3215 1.4677e-01     0.1296      0.015    1483.65     59.012     3.8835  38.558144 0.0000e+00
     53.000     8.4725    33.8855    26.3275 1.4776e-01     0.1295      0.016    1483.75     58.936     3.8766  38.558168 0.0000e+00
     54.000     8.4929    33.8954    26.3322 1.4651e-01     0.1297      0.016    1483.85     59.062     3.8829  38.558192 0.0000e+00
     55.000     8.4816    33.8995    26.3371 1.4701e-01     0.1296      0.015    1483.83     59.029     3.8816  38.558215 0.0000e+00
     56.000     8.4918    33.9114    26.3449 1.4651e-01     0.1295      0.015    1483.90     59.040     3.8812  38.558239 0.0000e+00
     57.000     8.5024    33.9219    26.3515 1.4678e-01     0.1297      0.016    1483.97     59.115     3.8849  38.558262 0.0000e+00
     58.000     8.4907    33.9272    26.3574 1.4699e-01     0.1297      0.015    1483.95     59.144     3.8877  38.558286 0.0000e+00
     59.000     8.4669    33.9271    26.3610 1.4857e-01     0.1296      0.016    1483.88     58.864     3.8714  38.558311 0.0000e+00
     60.000     8.4373    33.9198    26.3598 1.4881e-01     0.1297      0.016    1483.78     58.751     3.8667  38.558333 0.0000e+00
     61.000     8.3350    33.9103    26.3679 1.4958e-01     0.1296      0.015    1483.40     58.875     3.8839  38.558357 0.0000e+00
     62.000     8.3094    33.9089    26.3707 1.4983e-01     0.1297      0.016    1483.32     58.920     3.8892  38.558380 0.0000e+00
     63.000     8.2852    33.9068    26.3726 1.5176e-01     0.1298      0.016    1483.24     59.520     3.9310  38.558403 0.0000e+00
     64.000     8.2574    33.9038    26.3745 1.5251e-01     0.1297      0.016    1483.15     59.931     3.9607  38.558427 0.0000e+00
     65.000     8.2522    33.9035    26.3751 1.5313e-01     0.1297      0.015    1483.14     60.076     3.9707  38.558450 0.0000e+00
     66.000     8.2519    33.9034    26.3750 1.5262e-01     0.1297      0.015    1483.16     60.331     3.9876  38.558474 0.0000e+00
     67.000     8.2497    33.9035    26.3754 1.5275e-01     0.1297      0.016    1483.17     60.394     3.9920  38.558498 0.0000e+00
     68.000     8.2530    33.9036    26.3750 1.5237e-01     0.1298      0.016    1483.20     60.444     3.9950  38.558521 0.0000e+00
     69.000     8.2506    33.9035    26.3753 1.5297e-01     0.1297      0.015    1483.21     60.411     3.9930  38.558546 0.0000e+00
     70.000     8.2440    33.9036    26.3764 1.5406e-01     0.1298      0.016    1483.20     60.403     3.9931  38.558570 0.0000e+00
     71.000     8.2397    33.9037    26.3771 1.5141e-01     0.1297      0.015    1483.20     60.522     4.0013  38.558593 0.0000e+00
     72.000     8.2393    33.9040    26.3774 1.5995e-01     0.1298      0.015    1483.21     60.549     4.0032  38.558617 0.0000e+00
     73.000     8.2313    33.9036    26.3783 1.5323e-01     0.1298      0.016    1483.20     60.469     3.9986  38.558641 0.0000e+00
     74.000     8.2272    33.9036    26.3789 1.5602e-01     0.1297      0.015    1483.20     60.467     3.9988  38.558663 0.0000e+00
     75.000     8.2237    33.9038    26.3796 1.5515e-01     0.1297      0.016    1483.20     60.560     4.0053  38.558688 0.0000e+00
     76.000     8.2222    33.9040    26.3800 1.5651e-01     0.1298      0.016    1483.21     60.569     4.0060  38.558709 0.0000e+00
     77.000     8.2201    33.9044    26.3806 1.5504e-01     0.1298      0.016    1483.22     60.579     4.0068  38.558733 0.0000e+00
     78.000     8.2161    33.9045    26.3813 1.5456e-01     0.1298      0.016    1483.23     60.579     4.0072  38.558756 0.0000e+00
     79.000     8.2147    33.9043    26.3814 1.5419e-01     0.1298      0.016    1483.24     60.584     4.0077  38.558779 0.0000e+00
     80.000     8.2051    33.9039    26.3825 1.5635e-01     0.1298      0.016    1483.22     60.607     4.0101  38.558804 0.0000e+00
     81.000     8.2011    33.9040    26.3831 1.5266e-01     0.1298      0.016    1483.22     60.578     4.0085  38.558827 0.0000e+00
     82.000     8.1998    33.9039    26.3833 1.5636e-01     0.1299      0.016    1483.23     60.533     4.0057  38.558850 0.0000e+00
     83.000     8.1940    33.9027    26.3832 1.5607e-01     0.1298      0.016    1483.22     60.657     4.0144  38.558875 0.0000e+00
     84.000     8.1639    33.9000    26.3856 1.5623e-01     0.1298      0.016    1483.12     60.603     4.0136  38.558897 0.0000e+00
     85.000     8.1617    33.9000    26.3859 1.5685e-01     0.1298      0.016    1483.13     60.551     4.0103  38.558922 0.0000e+00
     86.000     8.1493    33.9001    26.3878 1.5587e-01     0.1298      0.015    1483.10     60.737     4.0238  38.558945 0.0000e+00
     87.000     8.1496    33.9016    26.3890 1.5743e-01     0.1298      0.015    1483.12     60.830     4.0299  38.558966 0.0000e+00
     88.000     8.1467    33.9015    26.3893 1.5620e-01     0.1298      0.015    1483.12     60.961     4.0388  38.558991 0.0000e+00
     89.000     8.1435    33.9018    26.3900 1.5871e-01     0.1299      0.016    1483.13     60.951     4.0384  38.559013 0.0000e+00
     90.000     8.1377    33.9017    26.3908 1.5778e-01     0.1298      0.015    1483.13     60.987     4.0413  38.559035 0.0000e+00
     91.000     8.1287    33.9014    26.3919 1.5799e-01     0.1298      0.016    1483.11     60.967     4.0408  38.559060 0.0000e+00
     92.000     8.1206    33.9035    26.3948 1.5822e-01     0.1298      0.016    1483.10     61.048     4.0469  38.559082 0.0000e+00
     93.000     8.1200    33.9042    26.3954 1.5873e-01     0.1299      0.016    1483.11     61.090     4.0497  38.559107 0.0000e+00
     94.000     8.1200    33.9047    26.3958 1.5804e-01     0.1298      0.016    1483.13     61.232     4.0592  38.559134 0.0000e+00
     95.000     8.1190    33.9049    26.3961 1.5871e-01     0.1299      0.016    1483.14     61.325     4.0654  38.559159 0.0000e+00
     96.000     8.1184    33.9050    26.3963 1.5961e-01     0.1299      0.015    1483.16     61.281     4.0625  38.559186 0.0000e+00
     97.000     8.1174    33.9063    26.3974 1.5777e-01     0.1298      0.015    1483.17     61.266     4.0616  38.559212 0.0000e+00
     98.000     8.1142    33.9071    26.3985 1.5891e-01     0.1298      0.016    1483.18     61.151     4.0542  38.559239 0.0000e+00
     99.000     8.1148    33.9067    26.3981 1.5903e-01     0.1298      0.016    1483.20     61.079     4.0494  38.559328 0.0000e+00
