RAWDATA/IO2019/20190207/Dk1_20190207.cnv
* Sea-Bird SBE 9 Data File:
* FileName = C:\CTD Brukere\NIVA\IO2019\20190207\Dk1_20190207.hex
* Software Version Seasave V 7.23.2
* Temperature SN = 5352
* Conductivity SN = 3840
* Number of Bytes Per Scan = 28
* Number of Voltage Words = 4
* Number of Scans Averaged by the Deck Unit = 1
* NMEA baud rate = 4800
** Ship: R/V Trygve Braarud
** Cruise:
** Station:
** Operator:
# nquan = 12
# nvalues = 9688                                  
# units = specified
# name 0 = depSM: Depth [salt water, m], lat = 59.60
# name 1 = t090C: Temperature [ITS-90, deg C]
# name 2 = sal00: Salinity, Practical [PSU]
# name 3 = sigma-t00: Density [sigma-t, kg/m^3 ]
# name 4 = flSP: Fluorescence, Seapoint
# name 5 = wetStar: Fluorescence, WET Labs WETstar [mg/m^3]
# name 6 = seaTurbMtr: Turbidity, Seapoint [FTU]
# name 7 = svCM: Sound Velocity [Chen-Millero, m/s]
# name 8 = sbeox0PS: Oxygen, SBE 43 [% saturation]
# name 9 = sbeox0ML/L: Oxygen, SBE 43 [ml/l]
# name 10 = timeJ: Julian Days
# name 11 = flag:  0.000e+00
# span 0 =      0.516,     98.848                 
# span 1 =     5.1568,     8.5106                 
# span 2 =    32.2601,    33.9363                 
# span 3 =    25.4858,    26.3991                 
# span 4 = 1.4652e-01, 5.2503e-01                 
# span 5 =     0.1261,     0.1310                 
# span 6 =      0.000,      0.018                 
# span 7 =    1467.91,    1484.00                 
# span 8 =     55.564,     83.370                 
# span 9 =     3.8262,     5.9831                 
# span 10 =  38.556539,  38.561211                
# span 11 = 0.0000e+00, 0.0000e+00                
# interval = seconds: 0.0416667
# start_time = Feb 07 2019 13:21:25 [System UpLoad Time]
# bad_flag = -9.990e-29
*END*
[from data line 1444]
     14.578     5.7207    32.5984    25.6889 2.8083e-01     0.1285      0.015    1470.83     60.321     4.2623  38.557236  0.000e+00
     14.588     5.7219    32.5984    25.6888 2.8083e-01     0.1285      0.015    1470.84     60.323     4.2623  38.557236  0.000e+00
     14.610     5.7229    32.5984    25.6887 2.8083e-01     0.1285      0.015    1470.84     60.327     4.2625  38.557237  0.000e+00
     14.635     5.7232    32.5992    25.6893 2.8083e-01     0.1285      0.015    1470.85     60.325     4.2623  38.557237  0.000e+00
     14.647     5.7237    32.5995    25.6895 2.6862e-01     0.1285      0.015    1470.85     60.325     4.2622  38.557238  0.000e+00
     14.673     5.7239    32.5999    25.6898 2.6862e-01     0.1285      0.015    1470.85     60.327     4.2623  38.557238  0.000e+00
     14.694     5.7240    32.6000    25.6898 2.6862e-01     0.1285      0.015    1470.85     60.267     4.2581  38.557239  0.000e+00
     14.707     5.7240    32.6001    25.6899 2.8083e-01     0.1285      0.015    1470.85     60.265     4.2579  38.557239  0.000e+00
     14.743     5.7229    32.6009    25.6906 2.6862e-01     0.1285      0.015    1470.85     60.256     4.2574  38.557240  0.000e+00
     14.766     5.7222    32.5999    25.6900 2.8083e-01     0.1285      0.015    1470.85     60.248     4.2569  38.557240  0.000e+00
     14.769     5.7218    32.5989    25.6892 2.8083e-01     0.1285      0.015    1470.84     60.242     4.2566  38.557241  0.000e+00
     14.803     5.7236    32.5978    25.6881 2.8083e-01     0.1285      0.015    1470.85     60.246     4.2567  38.557241  0.000e+00
     14.826     5.7256    32.5979    25.6880 2.8083e-01     0.1285      0.015    1470.86     60.244     4.2564  38.557242  0.000e+00
     14.814     5.7270    32.5993    25.6889 2.6862e-01     0.1285      0.015    1470.86     60.243     4.2561  38.557242  0.000e+00
     14.878     5.7294    32.5983    25.6878 2.6862e-01     0.1285      0.015    1470.87     60.182     4.2516  38.557242  0.000e+00
     14.874     5.7302    32.5991    25.6884 2.6862e-01     0.1285      0.015    1470.88     60.239     4.2555  38.557243  0.000e+00
     14.899     5.7305    32.6003    25.6893 2.6862e-01     0.1285      0.015    1470.88     60.182     4.2514  38.557243  0.000e+00
     14.910     5.7316    32.6006    25.6894 2.6862e-01     0.1285      0.015    1470.89     60.181     4.2512  38.557244  0.000e+00
     14.946     5.7314    32.6013    25.6900 2.6862e-01     0.1285      0.011    1470.89     60.173     4.2507  38.557244  0.000e+00
     14.960     5.7326    32.6008    25.6894 2.8083e-01     0.1285      0.015    1470.89     60.176     4.2507  38.557245  0.000e+00
     14.981     5.7342    32.6006    25.6891 2.8083e-01     0.1285      0.015    1470.90     60.172     4.2503  38.557245  0.000e+00
     14.994     5.7371    32.5997    25.6880 2.8083e-01     0.1298      0.015    1470.91     60.169     4.2499  38.557246  0.000e+00
     15.030     5.7390    32.6011    25.6889 2.8083e-01     0.1285      0.015    1470.92     60.106     4.2452  38.557246  0.000e+00
     15.033     5.7405    32.6018    25.6893 2.6862e-01     0.1285      0.015    1470.93     60.162     4.2490  38.557247  0.000e+00
     15.066     5.7429    32.6005    25.6879 2.8083e-01     0.1285      0.015    1470.93     60.102     4.2446  38.557247  0.000e+00
     15.077     5.7475    32.5986    25.6859 2.8083e-01     0.1285      0.015    1470.95     60.099     4.2439  38.557248  0.000e+00
     15.101     5.7535    32.5988    25.6853 2.6862e-01     0.1285      0.015    1470.97     60.098     4.2432  38.557248  0.000e+00
     15.116     5.7569    32.6022    25.6876 2.6862e-01     0.1285      0.015    1470.99     60.099     4.2428  38.557249  0.000e+00
     15.150     5.7584    32.6055    25.6901 2.6862e-01     0.1285      0.015    1471.00     60.102     4.2428  38.557249  0.000e+00
     15.174     5.7575    32.6076    25.6918 2.6862e-01     0.1273      0.015    1471.00     60.036     4.2382  38.557250  0.000e+00
     15.174     5.7544    32.6092    25.6934 2.6862e-01     0.1285      0.015    1470.99     60.090     4.2423  38.557250  0.000e+00
     15.187     5.7522    32.6079    25.6927 2.6862e-01     0.1285      0.015    1470.98     60.028     4.2382  38.557251  0.000e+00
     15.221     5.7522    32.6053    25.6906 2.6862e-01     0.1285      0.015    1470.98     60.031     4.2384  38.557251  0.000e+00
     15.245     5.7554    32.6019    25.6876 2.8083e-01     0.1285      0.015    1470.99     60.090     4.2424  38.557252  0.000e+00
     15.270     5.7609    32.5999    25.6853 2.6862e-01     0.1285      0.015    1471.01     60.034     4.2379  38.557252  0.000e+00
     15.271     5.7679    32.6002    25.6847 2.6862e-01     0.1273      0.015    1471.04     60.033     4.2372  38.557253  0.000e+00
     15.305     5.7778    32.5994    25.6829 2.8083e-01     0.1285      0.015    1471.08     60.035     4.2363  38.557253  0.000e+00
     15.317     5.7858    32.6016    25.6837 2.8083e-01     0.1285      0.015    1471.11     60.039     4.2357  38.557254  0.000e+00
     15.317     5.7924    32.6049    25.6855 2.6862e-01     0.1285      0.015    1471.14     60.044     4.2354  38.557254  0.000e+00
     15.391     5.7992    32.6057    25.6854 2.6862e-01     0.1285      0.015    1471.17     60.053     4.2353  38.557255  0.000e+00
     15.377     5.8055    32.6062    25.6850 2.6862e-01     0.1285      0.015    1471.20     60.054     4.2347  38.557255  0.000e+00
     15.401     5.8103    32.6079    25.6857 2.6862e-01     0.1285      0.015    1471.22     60.066     4.2350  38.557255  0.000e+00
     15.427     5.8130    32.6111    25.6880 2.8083e-01     0.1285      0.015    1471.23     60.017     4.2313  38.557256  0.000e+00
     15.448     5.8151    32.6120    25.6884 2.6862e-01     0.1285      0.015    1471.24     60.017     4.2310  38.557256  0.000e+00
     15.461     5.8182    32.6112    25.6874 2.8083e-01     0.1285      0.015    1471.26     60.011     4.2303  38.557257  0.000e+00
     15.485     5.8200    32.6128    25.6885 2.6862e-01     0.1298      0.015    1471.27     60.014     4.2303  38.557257  0.000e+00
     15.498     5.8179    32.6170    25.6920 2.6862e-01     0.1285      0.015    1471.26     60.012     4.2302  38.557258  0.000e+00
     15.532     5.8150    32.6185    25.6936 2.8083e-01     0.1285      0.015    1471.25     60.012     4.2305  38.557258  0.000e+00
     15.544     5.8171    32.6135    25.6894 2.8083e-01     0.1285      0.015    1471.26     60.020     4.2310  38.557259  0.000e+00
     15.571     5.8225    32.6100    25.6859 2.8083e-01     0.1285      0.015    1471.27     59.961     4.2263  38.557259  0.000e+00
     15.581     5.8279    32.6112    25.6862 2.6862e-01     0.1273      0.015    1471.30     59.957     4.2255  38.557260  0.000e+00
     15.603     5.8333    32.6128    25.6868 2.6862e-01     0.1285      0.015    1471.32     60.018     4.2292  38.557260  0.000e+00
     15.631     5.8366    32.6154    25.6885 2.6862e-01     0.1285      0.015    1471.34     59.963     4.2250  38.557261  0.000e+00
     15.641     5.8360    32.6182    25.6908 2.6862e-01     0.1298      0.015    1471.34     59.966     4.2252  38.557261  0.000e+00
     15.663     5.8333    32.6205    25.6929 2.6862e-01     0.1285      0.015    1471.33     59.971     4.2257  38.557262  0.000e+00
     15.688     5.8303    32.6208    25.6935 2.6862e-01     0.1273      0.015    1471.32     59.969     4.2259  38.557262  0.000e+00
     15.702     5.8262    32.6217    25.6947 2.6862e-01     0.1285      0.015    1471.31     59.969     4.2263  38.557263  0.000e+00
     15.723     5.8259    32.6180    25.6918 2.6862e-01     0.1285      0.015    1471.30     59.971     4.2265  38.557263  0.000e+00
     15.748     5.8257    32.6164    25.6906 2.6862e-01     0.1285      0.015    1471.30     59.974     4.2268  38.557264  0.000e+00
     15.762     5.8254    32.6169    25.6910 2.6862e-01     0.1285      0.015    1471.30     59.916     4.2227  38.557264  0.000e+00
     15.796     5.8277    32.6162    25.6902 2.6862e-01     0.1273      0.015    1471.31     59.915     4.2224  38.557265  0.000e+00
     15.808     5.8306    32.6162    25.6899 2.6862e-01     0.1285      0.015    1471.32     59.916     4.2222  38.557265  0.000e+00
     15.834     5.8311    32.6187    25.6917 2.6862e-01     0.1285      0.015    1471.32     59.918     4.2223  38.557266  0.000e+00
     15.843     5.8267    32.6225    25.6953 2.5641e-01     0.1285      0.015    1471.31     59.915     4.2224  38.557266  0.000e+00
     15.868     5.8228    32.6225    25.6957 2.6862e-01     0.1285      0.015    1471.30     59.922     4.2232  38.557267  0.000e+00
     15.894     5.8224    32.6196    25.6936 2.6862e-01     0.1285      0.015    1471.29     59.922     4.2234  38.557267  0.000e+00
     15.903     5.8194    32.6205    25.6946 2.6862e-01     0.1285      0.015    1471.28     59.924     4.2238  38.557268  0.000e+00
     15.939     5.8202    32.6174    25.6920 2.6862e-01     0.1285      0.015    1471.28     59.928     4.2241  38.557268  0.000e+00
     15.941     5.8258    32.6122    25.6872 2.6862e-01     0.1285      0.015    1471.30     59.932     4.2240  38.557269  0.000e+00
     15.963     5.8297    32.6143    25.6885 2.6862e-01     0.1285      0.015    1471.31     59.939     4.2240  38.557269  0.000e+00
     15.988     5.8330    32.6184    25.6913 2.6862e-01     0.1273      0.015    1471.33     59.884     4.2197  38.557269  0.000e+00
     15.989     5.8355    32.6202    25.6924 2.6862e-01     0.1285      0.015    1471.35     59.878     4.2190  38.557270  0.000e+00
     16.035     5.8348    32.6220    25.6939 2.6862e-01     0.1285      0.015    1471.35     59.883     4.2193  38.557270  0.000e+00
     16.047     5.8312    32.6235    25.6955 2.6862e-01     0.1285      0.015    1471.33     59.881     4.2195  38.557271  0.000e+00
     16.060     5.8265    32.6227    25.6955 2.6862e-01     0.1285      0.015    1471.31     59.881     4.2200  38.557271  0.000e+00
     16.083     5.8240    32.6198    25.6935 2.6862e-01     0.1298      0.015    1471.30     59.882     4.2204  38.557272  0.000e+00
     16.107     5.8257    32.6167    25.6908 2.6862e-01     0.1285      0.015    1471.30     59.885     4.2205  38.557272  0.000e+00
     16.132     5.8307    32.6152    25.6890 2.6862e-01     0.1285      0.015    1471.32     59.889     4.2203  38.557273  0.000e+00
     16.143     5.8354    32.6165    25.6895 2.6862e-01     0.1285      0.015    1471.34     59.886     4.2196  38.557273  0.000e+00
     16.166     5.8383    32.6193    25.6913 2.6862e-01     0.1285      0.015    1471.36     59.893     4.2198  38.557274  0.000e+00
     16.180     5.8339    32.6246    25.6961 2.6862e-01     0.1298      0.015    1471.35     59.832     4.2157  38.557274  0.000e+00
     16.203     5.8257    32.6272    25.6991 2.5641e-01     0.1285      0.015    1471.32     59.827     4.2162  38.557275  0.000e+00
     16.227     5.8184    32.6251    25.6983 2.6862e-01     0.1285      0.015    1471.29     59.832     4.2173  38.557275  0.000e+00
     16.239     5.8137    32.6212    25.6959 2.5641e-01     0.1285      0.015    1471.26     59.893     4.2222  38.557276  0.000e+00
     16.274     5.8117    32.6189    25.6942 2.6862e-01     0.1285      0.015    1471.25     59.839     4.2186  38.557276  0.000e+00
     16.276     5.8184    32.6133    25.6890 2.6862e-01     0.1298      0.015    1471.27     59.839     4.2181  38.557277  0.000e+00
     16.310     5.8283    32.6121    25.6869 2.6862e-01     0.1285      0.015    1471.31     59.841     4.2173  38.557277  0.000e+00
     16.321     5.8336    32.6175    25.6905 2.6862e-01     0.1285      0.015    1471.34     59.845     4.2169  38.557278  0.000e+00
     16.336     5.8373    32.6200    25.6920 2.6862e-01     0.1285      0.015    1471.36     59.851     4.2169  38.557278  0.000e+00
     16.370     5.8404    32.6202    25.6919 2.6862e-01     0.1285      0.015    1471.37     59.858     4.2171  38.557279  0.000e+00
     16.381     5.8421    32.6215    25.6926 2.6862e-01     0.1285      0.015    1471.38     59.868     4.2175  38.557279  0.000e+00
     16.407     5.8424    32.6228    25.6937 2.6862e-01     0.1285      0.015    1471.38     59.808     4.2133  38.557280  0.000e+00
     16.419     5.8441    32.6217    25.6926 2.6862e-01     0.1298      0.015    1471.39     59.804     4.2129  38.557280  0.000e+00
     16.443     5.8465    32.6210    25.6917 2.6862e-01     0.1298      0.015    1471.40     59.802     4.2125  38.557281  0.000e+00
     16.466     5.8490    32.6216    25.6919 2.6862e-01     0.1285      0.015    1471.41     59.802     4.2122  38.557281  0.000e+00
     16.490     5.8508    32.6234    25.6931 2.6862e-01     0.1285      0.015    1471.42     59.866     4.2165  38.557282  0.000e+00
     16.503     5.8517    32.6237    25.6932 2.6862e-01     0.1285      0.015    1471.42     59.814     4.2127  38.557282  0.000e+00
     16.526     5.8516    32.6241    25.6936 2.6862e-01     0.1298      0.015    1471.42     59.818     4.2131  38.557283  0.000e+00
     16.539     5.8500    32.6250    25.6945 2.6862e-01     0.1285      0.015    1471.42     59.816     4.2130  38.557283  0.000e+00
     16.561     5.8486    32.6246    25.6943 2.8083e-01     0.1285      0.015    1471.41     59.816     4.2131  38.557283  0.000e+00
     16.586     5.8467    32.6250    25.6948 2.6862e-01     0.1285      0.015    1471.41     59.825     4.2140  38.557284  0.000e+00
     16.598     5.8457    32.6245    25.6946 2.6862e-01     0.1285      0.015    1471.40     59.827     4.2142  38.557284  0.000e+00
     16.610     5.8467    32.6238    25.6939 2.6862e-01     0.1285      0.015    1471.41     59.830     4.2144  38.557285  0.000e+00
     16.647     5.8451    32.6257    25.6956 2.6862e-01     0.1285      0.015    1471.40     59.835     4.2148  38.557285  0.000e+00
     16.657     5.8406    32.6271    25.6972 2.6862e-01     0.1285      0.015    1471.39     59.842     4.2157  38.557286  0.000e+00
     16.670     5.8360    32.6256    25.6966 2.6862e-01     0.1285      0.015    1471.37     59.849     4.2167  38.557286  0.000e+00
     16.707     5.8352    32.6224    25.6942 2.6862e-01     0.1285      0.015    1471.36     59.858     4.2175  38.557287  0.000e+00
     16.730     5.8367    32.6202    25.6923 2.6862e-01     0.1285      0.015    1471.36     59.868     4.2181  38.557287  0.000e+00
     16.730     5.8372    32.6208    25.6927 2.6862e-01     0.1285      0.015    1471.37     59.871     4.2183  38.557288  0.000e+00
     16.765     5.8400    32.6208    25.6924 2.6862e-01     0.1285      0.015    1471.38     59.875     4.2183  38.557288  0.000e+00
     16.765     5.8434    32.6217    25.6927 2.6862e-01     0.1285      0.015    1471.39     59.880     4.2183  38.557289  0.000e+00
     16.803     5.8467    32.6230    25.6933 2.6862e-01     0.1285      0.015    1471.41     59.886     4.2183  38.557289  0.000e+00
     16.812     5.8503    32.6251    25.6945 2.6862e-01     0.1285      0.015    1471.42     59.892     4.2184  38.557290  0.000e+00
     16.825     5.8510    32.6280    25.6967 2.6862e-01     0.1298      0.015    1471.43     59.838     4.2144  38.557290  0.000e+00
     16.861     5.8533    32.6274    25.6959 2.6862e-01     0.1285      0.018    1471.44     59.902     4.2187  38.557291  0.000e+00
     16.874     5.8583    32.6254    25.6938 2.6862e-01     0.1285      0.015    1471.46     59.912     4.2189  38.557291  0.000e+00
     16.897     5.8637    32.6257    25.6933 2.6862e-01     0.1285      0.015    1471.48     59.923     4.2191  38.557292  0.000e+00
     16.908     5.8691    32.6269    25.6937 2.5641e-01     0.1285      0.018    1471.50     59.934     4.2194  38.557292  0.000e+00
     16.945     5.8740    32.6271    25.6932 2.6862e-01     0.1285      0.015    1471.52     59.947     4.2198  38.557293  0.000e+00
