RAWDATA/IO2019/20190207/Dk1_20190207.cnv
* Sea-Bird SBE 9 Data File:
* FileName = C:\CTD Brukere\NIVA\IO2019\20190207\Dk1_20190207.hex
* Software Version Seasave V 7.23.2
* Temperature SN = 5352
* Conductivity SN = 3840
* Number of Bytes Per Scan = 28
* Number of Voltage Words = 4
* Number of Scans Averaged by the Deck Unit = 1
* NMEA baud rate = 4800
** Ship: R/V Trygve Braarud
** Cruise:
** Station:
** Operator:
# nquan = 12
# nvalues = 9688                                  
# units = specified
# name 0 = depSM: Depth [salt water, m], lat = 59.60
# name 1 = t090C: Temperature [ITS-90, deg C]
# name 2 = sal00: Salinity, Practical [PSU]
# name 3 = sigma-t00: Density [sigma-t, kg/m^3 ]
# name 4 = flSP: Fluorescence, Seapoint
# name 5 = wetStar: Fluorescence, WET Labs WETstar [mg/m^3]
# name 6 = seaTurbMtr: Turbidity, Seapoint [FTU]
# name 7 = svCM: Sound Velocity [Chen-Millero, m/s]
# name 8 = sbeox0PS: Oxygen, SBE 43 [% saturation]
# name 9 = sbeox0ML/L: Oxygen, SBE 43 [ml/l]
# name 10 = timeJ: Julian Days
# name 11 = flag:  0.000e+00
# span 0 =      0.516,     98.848                 
# span 1 =     5.1568,     8.5106                 
# span 2 =    32.2601,    33.9363                 
# span 3 =    25.4858,    26.3991                 
# span 4 = 1.4652e-01, 5.2503e-01                 
# span 5 =     0.1261,     0.1310                 
# span 6 =      0.000,      0.018                 
# span 7 =    1467.91,    1484.00                 
# span 8 =     55.564,     83.370                 
# span 9 =     3.8262,     5.9831                 
# span 10 =  38.556539,  38.561211                
# span 11 = 0.0000e+00, 0.0000e+00                
# interval = seconds: 0.0416667
# start_time = Feb 07 2019 13:21:25 [System UpLoad Time]
# bad_flag = -9.990e-29
*END*
[from data line 6737]
     89.133     8.1395    33.9011    26.3901 1.5873e-01     0.1298      0.015    1483.12     61.183     4.0542  38.559788  0.000e+00
     89.107     8.1391    33.9012    26.3902 1.5873e-01     0.1298      0.015    1483.12     61.175     4.0537  38.559789  0.000e+00
     89.083     8.1391    33.9016    26.3905 1.5873e-01     0.1298      0.018    1483.12     61.174     4.0536  38.559789  0.000e+00
     89.026     8.1397    33.9026    26.3913 1.4652e-01     0.1298      0.018    1483.12     61.173     4.0535  38.559790  0.000e+00
     88.987     8.1406    33.9013    26.3900 1.5873e-01     0.1298      0.015    1483.12     61.226     4.0570  38.559790  0.000e+00
     88.949     8.1402    33.9009    26.3898 1.4652e-01     0.1310      0.015    1483.12     61.170     4.0533  38.559791  0.000e+00
     88.952     8.1397    33.9010    26.3900 1.4652e-01     0.1298      0.015    1483.11     61.169     4.0532  38.559791  0.000e+00
     88.889     8.1391    33.9008    26.3899 1.4652e-01     0.1298      0.015    1483.11     61.167     4.0532  38.559792  0.000e+00
     88.866     8.1384    33.9014    26.3905 1.4652e-01     0.1298      0.015    1483.11     61.166     4.0531  38.559792  0.000e+00
     88.807     8.1395    33.9020    26.3907 1.5873e-01     0.1298      0.015    1483.11     61.164     4.0529  38.559793  0.000e+00
     88.817     8.1416    33.9022    26.3907 1.4652e-01     0.1285      0.015    1483.12     61.163     4.0526  38.559793  0.000e+00
     88.758     8.1432    33.9013    26.3897 1.5873e-01     0.1298      0.015    1483.13     61.161     4.0524  38.559794  0.000e+00
     88.719     8.1431    33.9006    26.3891 1.5873e-01     0.1298      0.015    1483.12     61.159     4.0523  38.559794  0.000e+00
     88.683     8.1424    33.9005    26.3892 1.5873e-01     0.1298      0.015    1483.12     61.158     4.0523  38.559795  0.000e+00
     88.662     8.1415    33.9011    26.3898 1.5873e-01     0.1298      0.015    1483.12     61.157     4.0523  38.559795  0.000e+00
     88.636     8.1413    33.9024    26.3908 1.5873e-01     0.1298      0.018    1483.12     61.155     4.0522  38.559796  0.000e+00
     88.574     8.1427    33.9031    26.3911 1.5873e-01     0.1298      0.015    1483.12     61.153     4.0519  38.559796  0.000e+00
     88.564     8.1439    33.9025    26.3905 1.5873e-01     0.1298      0.015    1483.13     61.152     4.0517  38.559796  0.000e+00
     88.514     8.1440    33.9014    26.3896 1.4652e-01     0.1298      0.015    1483.12     61.150     4.0516  38.559797  0.000e+00
     88.480     8.1432    33.9008    26.3893 1.4652e-01     0.1298      0.015    1483.12     61.149     4.0516  38.559797  0.000e+00
     88.453     8.1429    33.9021    26.3904 1.5873e-01     0.1298      0.015    1483.12     61.148     4.0515  38.559798  0.000e+00
     88.406     8.1442    33.9025    26.3905 1.5873e-01     0.1298      0.015    1483.12     61.146     4.0513  38.559798  0.000e+00
     88.383     8.1453    33.9031    26.3908 1.5873e-01     0.1298      0.018    1483.13     61.144     4.0511  38.559799  0.000e+00
     88.357     8.1461    33.9028    26.3904 1.5873e-01     0.1298      0.015    1483.13     61.151     4.0514  38.559799  0.000e+00
     88.310     8.1465    33.9019    26.3897 1.5873e-01     0.1298      0.015    1483.13     61.149     4.0513  38.559800  0.000e+00
     88.272     8.1460    33.9013    26.3892 1.4652e-01     0.1298      0.018    1483.13     61.148     4.0513  38.559800  0.000e+00
     88.238     8.1452    33.9015    26.3895 1.5873e-01     0.1298      0.015    1483.12     61.147     4.0513  38.559801  0.000e+00
     88.237     8.1452    33.9019    26.3898 1.5873e-01     0.1298      0.015    1483.12     61.146     4.0512  38.559801  0.000e+00
     88.188     8.1463    33.9031    26.3907 1.5873e-01     0.1298      0.015    1483.13     61.145     4.0510  38.559802  0.000e+00
     88.140     8.1476    33.9022    26.3898 1.5873e-01     0.1298      0.015    1483.13     61.143     4.0508  38.559802  0.000e+00
     88.116     8.1479    33.9019    26.3894 1.5873e-01     0.1298      0.015    1483.13     61.142     4.0507  38.559803  0.000e+00
     88.080     8.1476    33.9017    26.3893 1.5873e-01     0.1298      0.015    1483.13     61.141     4.0507  38.559803  0.000e+00
     88.054     8.1468    33.9023    26.3899 1.5873e-01     0.1298      0.015    1483.13     61.140     4.0507  38.559804  0.000e+00
     88.020     8.1473    33.9020    26.3897 1.5873e-01     0.1298      0.015    1483.13     61.139     4.0505  38.559804  0.000e+00
     87.994     8.1474    33.9020    26.3896 1.5873e-01     0.1298      0.018    1483.13     61.138     4.0505  38.559805  0.000e+00
     87.959     8.1476    33.9016    26.3893 1.5873e-01     0.1298      0.015    1483.13     61.144     4.0509  38.559805  0.000e+00
     87.946     8.1473    33.9012    26.3890 1.4652e-01     0.1298      0.015    1483.13     61.143     4.0509  38.559806  0.000e+00
     87.898     8.1463    33.9013    26.3893 1.5873e-01     0.1298      0.018    1483.12     61.142     4.0509  38.559806  0.000e+00
     87.863     8.1458    33.9011    26.3891 1.5873e-01     0.1298      0.015    1483.12     61.142     4.0509  38.559807  0.000e+00
     87.837     8.1452    33.9013    26.3894 1.5873e-01     0.1298      0.015    1483.12     61.141     4.0509  38.559807  0.000e+00
     87.803     8.1448    33.9016    26.3897 1.5873e-01     0.1298      0.015    1483.12     61.140     4.0509  38.559808  0.000e+00
     87.764     8.1442    33.9011    26.3894 1.4652e-01     0.1298      0.018    1483.11     61.139     4.0509  38.559808  0.000e+00
     87.741     8.1440    33.9015    26.3898 1.4652e-01     0.1298      0.018    1483.11     61.138     4.0508  38.559809  0.000e+00
     87.704     8.1434    33.9016    26.3899 1.5873e-01     0.1298      0.018    1483.11     61.137     4.0508  38.559809  0.000e+00
     87.669     8.1431    33.9010    26.3895 1.5873e-01     0.1298      0.015    1483.11     61.206     4.0554  38.559810  0.000e+00
     87.632     8.1424    33.9011    26.3896 1.4652e-01     0.1298      0.015    1483.10     61.151     4.0518  38.559810  0.000e+00
     87.609     8.1421    33.9013    26.3898 1.5873e-01     0.1298      0.015    1483.10     61.150     4.0518  38.559810  0.000e+00
     87.558     8.1416    33.9020    26.3904 1.5873e-01     0.1310      0.018    1483.10     61.149     4.0517  38.559811  0.000e+00
     87.524     8.1416    33.9021    26.3906 1.5873e-01     0.1298      0.015    1483.10     61.148     4.0517  38.559811  0.000e+00
     87.498     8.1418    33.9020    26.3904 1.4652e-01     0.1298      0.018    1483.10     61.147     4.0516  38.559812  0.000e+00
     87.475     8.1419    33.9021    26.3905 1.4652e-01     0.1310      0.018    1483.10     61.146     4.0515  38.559812  0.000e+00
     87.438     8.1419    33.9022    26.3906 1.5873e-01     0.1298      0.015    1483.10     61.145     4.0515  38.559813  0.000e+00
     87.379     8.1419    33.9023    26.3907 1.4652e-01     0.1298      0.015    1483.10     61.144     4.0514  38.559813  0.000e+00
     87.353     8.1423    33.9019    26.3903 1.5873e-01     0.1298      0.015    1483.10     61.151     4.0518  38.559814  0.000e+00
     87.319     8.1428    33.9022    26.3904 1.5873e-01     0.1298      0.015    1483.10     61.151     4.0517  38.559814  0.000e+00
     87.281     8.1434    33.9021    26.3903 1.5873e-01     0.1298      0.015    1483.10     61.150     4.0516  38.559815  0.000e+00
     87.245     8.1442    33.9022    26.3902 1.5873e-01     0.1298      0.015    1483.11     61.149     4.0515  38.559815  0.000e+00
     87.232     8.1447    33.9020    26.3900 1.4652e-01     0.1298      0.018    1483.11     61.149     4.0514  38.559816  0.000e+00
     87.185     8.1452    33.9016    26.3896 1.5873e-01     0.1298      0.015    1483.11     61.148     4.0514  38.559816  0.000e+00
     87.148     8.1461    33.9024    26.3901 1.4652e-01     0.1298      0.015    1483.11     61.147     4.0512  38.559817  0.000e+00
     87.100     8.1471    33.9027    26.3902 1.5873e-01     0.1298      0.015    1483.11     61.147     4.0511  38.559817  0.000e+00
     87.064     8.1485    33.9019    26.3894 1.5873e-01     0.1298      0.015    1483.12     61.146     4.0509  38.559818  0.000e+00
     87.063     8.1489    33.9018    26.3892 1.5873e-01     0.1298      0.015    1483.12     61.146     4.0509  38.559818  0.000e+00
     87.004     8.1487    33.9020    26.3894 1.5873e-01     0.1298      0.015    1483.12     61.145     4.0508  38.559819  0.000e+00
     86.954     8.1485    33.9019    26.3893 1.5873e-01     0.1298      0.018    1483.12     61.144     4.0508  38.559819  0.000e+00
     86.931     8.1489    33.9017    26.3892 1.5873e-01     0.1298      0.015    1483.12     61.144     4.0507  38.559820  0.000e+00
     86.918     8.1494    33.9019    26.3892 1.5873e-01     0.1298      0.015    1483.12     61.143     4.0507  38.559820  0.000e+00
     86.859     8.1494    33.9016    26.3890 1.4652e-01     0.1298      0.015    1483.12     61.143     4.0506  38.559821  0.000e+00
     86.822     8.1495    33.9016    26.3890 1.5873e-01     0.1298      0.018    1483.12     61.142     4.0506  38.559821  0.000e+00
     86.774     8.1494    33.9005    26.3882 1.4652e-01     0.1298      0.015    1483.11     61.141     4.0506  38.559822  0.000e+00
     86.774     8.1482    33.9004    26.3882 1.4652e-01     0.1298      0.015    1483.11     61.141     4.0506  38.559822  0.000e+00
     86.748     8.1474    33.9004    26.3883 1.5873e-01     0.1310      0.015    1483.11     61.141     4.0507  38.559823  0.000e+00
     86.701     8.1468    33.9009    26.3888 1.5873e-01     0.1298      0.015    1483.10     61.140     4.0507  38.559823  0.000e+00
     86.639     8.1464    33.9007    26.3888 1.5873e-01     0.1298      0.015    1483.10     61.139     4.0507  38.559823  0.000e+00
     86.616     8.1460    33.9018    26.3897 1.5873e-01     0.1298      0.015    1483.10     61.139     4.0507  38.559824  0.000e+00
     86.592     8.1461    33.9017    26.3895 1.5873e-01     0.1298      0.015    1483.10     61.138     4.0506  38.559824  0.000e+00
     86.556     8.1461    33.9017    26.3895 1.4652e-01     0.1298      0.015    1483.10     61.138     4.0506  38.559825  0.000e+00
     86.507     8.1463    33.9008    26.3888 1.4652e-01     0.1298      0.015    1483.10     61.137     4.0505  38.559825  0.000e+00
     86.471     8.1463    33.9010    26.3890 1.5873e-01     0.1298      0.015    1483.10     61.136     4.0505  38.559826  0.000e+00
     86.435     8.1463    33.9009    26.3889 1.5873e-01     0.1298      0.015    1483.10     61.136     4.0505  38.559826  0.000e+00
     86.398     8.1465    33.9009    26.3889 1.5873e-01     0.1298      0.015    1483.10     61.135     4.0504  38.559827  0.000e+00
     86.362     8.1465    33.9015    26.3893 1.5873e-01     0.1298      0.018    1483.10     61.135     4.0503  38.559827  0.000e+00
     86.326     8.1471    33.9014    26.3892 1.5873e-01     0.1298      0.015    1483.10     61.134     4.0503  38.559828  0.000e+00
     86.289     8.1477    33.9012    26.3890 1.4652e-01     0.1298      0.015    1483.10     61.133     4.0502  38.559828  0.000e+00
     86.253     8.1484    33.9014    26.3890 1.4652e-01     0.1298      0.015    1483.10     61.133     4.0501  38.559829  0.000e+00
     86.217     8.1492    33.9009    26.3885 1.5873e-01     0.1298      0.015    1483.11     61.132     4.0500  38.559829  0.000e+00
     86.181     8.1492    33.9009    26.3885 1.4652e-01     0.1298      0.018    1483.10     61.131     4.0499  38.559830  0.000e+00
     86.145     8.1495    33.9006    26.3882 1.5873e-01     0.1298      0.015    1483.10     61.131     4.0498  38.559830  0.000e+00
     86.096     8.1498    33.9005    26.3881 1.5873e-01     0.1298      0.015    1483.10     61.130     4.0498  38.559831  0.000e+00
     86.059     8.1500    33.9015    26.3888 1.4652e-01     0.1298      0.015    1483.11     61.130     4.0497  38.559831  0.000e+00
     86.047     8.1506    33.9015    26.3887 1.5873e-01     0.1298      0.018    1483.11     61.129     4.0496  38.559832  0.000e+00
     86.000     8.1510    33.9006    26.3879 1.5873e-01     0.1298      0.015    1483.11     61.128     4.0496  38.559832  0.000e+00
     85.976     8.1510    33.9000    26.3875 1.5873e-01     0.1298      0.018    1483.11     61.128     4.0495  38.559833  0.000e+00
     85.915     8.1503    33.9008    26.3882 1.5873e-01     0.1310      0.015    1483.10     61.135     4.0500  38.559833  0.000e+00
     85.902     8.1503    33.9006    26.3881 1.4652e-01     0.1298      0.015    1483.10     61.135     4.0500  38.559834  0.000e+00
     85.866     8.1503    33.9011    26.3885 1.5873e-01     0.1298      0.015    1483.10     61.134     4.0500  38.559834  0.000e+00
     85.817     8.1508    33.9009    26.3882 1.4652e-01     0.1298      0.015    1483.10     61.134     4.0499  38.559835  0.000e+00
     85.769     8.1506    33.9008    26.3882 1.5873e-01     0.1298      0.018    1483.10     61.134     4.0499  38.559835  0.000e+00
     85.746     8.1505    33.9009    26.3883 1.4652e-01     0.1310      0.015    1483.10     61.133     4.0499  38.559836  0.000e+00
     85.721     8.1502    33.9012    26.3886 1.4652e-01     0.1298      0.015    1483.10     61.133     4.0499  38.559836  0.000e+00
     85.648     8.1506    33.9010    26.3883 1.5873e-01     0.1298      0.015    1483.10     61.071     4.0457  38.559837  0.000e+00
     85.684     8.1505    33.9014    26.3887 1.5873e-01     0.1298      0.015    1483.10     61.126     4.0494  38.559837  0.000e+00
     85.623     8.1505    33.9013    26.3886 1.5873e-01     0.1298      0.015    1483.10     61.064     4.0453  38.559837  0.000e+00
     85.576     8.1510    33.9002    26.3877 1.4652e-01     0.1298      0.018    1483.10     61.057     4.0448  38.559838  0.000e+00
     85.576     8.1502    33.9006    26.3881 1.4652e-01     0.1298      0.015    1483.10     61.112     4.0486  38.559838  0.000e+00
     85.503     8.1497    33.9008    26.3883 1.5873e-01     0.1298      0.015    1483.09     61.113     4.0486  38.559839  0.000e+00
     85.467     8.1494    33.9008    26.3884 1.4652e-01     0.1298      0.015    1483.09     61.113     4.0487  38.559839  0.000e+00
     85.431     8.1494    33.9010    26.3885 1.5873e-01     0.1298      0.015    1483.09     61.052     4.0446  38.559840  0.000e+00
     85.418     8.1492    33.9010    26.3885 1.5873e-01     0.1298      0.018    1483.09     61.046     4.0442  38.559840  0.000e+00
     85.382     8.1487    33.9014    26.3889 1.4652e-01     0.1298      0.015    1483.09     61.040     4.0439  38.559841  0.000e+00
     85.333     8.1489    33.9010    26.3886 1.5873e-01     0.1310      0.015    1483.09     61.034     4.0435  38.559841  0.000e+00
     85.297     8.1487    33.9013    26.3888 1.5873e-01     0.1298      0.015    1483.09     61.091     4.0472  38.559842  0.000e+00
     85.273     8.1492    33.9012    26.3887 1.5873e-01     0.1298      0.015    1483.09     61.093     4.0473  38.559842  0.000e+00
     85.249     8.1492    33.9011    26.3886 1.5873e-01     0.1298      0.015    1483.09     61.094     4.0475  38.559843  0.000e+00
     85.201     8.1492    33.9013    26.3888 1.5873e-01     0.1298      0.015    1483.09     61.034     4.0435  38.559843  0.000e+00
     85.177     8.1497    33.9009    26.3884 1.5873e-01     0.1310      0.015    1483.09     61.029     4.0431  38.559844  0.000e+00
     85.128     8.1495    33.9008    26.3883 1.5873e-01     0.1298      0.015    1483.09     61.024     4.0428  38.559844  0.000e+00
     85.117     8.1495    33.9009    26.3884 1.5873e-01     0.1298      0.015    1483.09     61.020     4.0425  38.559845  0.000e+00
     85.068     8.1497    33.9017    26.3890 1.5873e-01     0.1298      0.015    1483.09     61.016     4.0422  38.559845  0.000e+00
     85.032     8.1500    33.9014    26.3887 1.5873e-01     0.1298      0.015    1483.09     61.074     4.0460  38.559846  0.000e+00
