RAWDATA/IO2019/20190207/Dm1_20190207_down.cnv
* Sea-Bird SBE 9 Data File:
* FileName = C:\CTD Brukere\NIVA\IO2019\20190207\Dm1_20190207.hex
* Software Version Seasave V 7.23.2
* Temperature SN = 5352
* Conductivity SN = 3840
* Number of Bytes Per Scan = 28
* Number of Voltage Words = 4
* Number of Scans Averaged by the Deck Unit = 1
* NMEA baud rate = 4800
** Ship: R/V Trygve Braarud
** Cruise:
** Station:
** Operator:
# nquan = 12
# nvalues = 3892                                  
# units = specified
# name 0 = depSM: Depth [salt water, m], lat = 59.60
# name 1 = t090C: Temperature [ITS-90, deg C]
# name 2 = sal00: Salinity, Practical [PSU]
# name 3 = sigma-t00: Density [sigma-t, kg/m^3 ]
# name 4 = flSP: Fluorescence, Seapoint
# name 5 = wetStar: Fluorescence, WET Labs WETstar [mg/m^3]
# name 6 = seaTurbMtr: Turbidity, Seapoint [FTU]
# name 7 = svCM: Sound Velocity [Chen-Millero, m/s]
# name 8 = sbeox0PS: Oxygen, SBE 43 [% saturation]
# name 9 = sbeox0ML/L: Oxygen, SBE 43 [ml/l]
# name 10 = timeJ: Julian Days
# name 11 = flag:  0.000e+00
# span 0 =      0.035,     80.991                 
# span 1 =     5.1997,     8.6017                 
# span 2 =    31.9578,    33.8231                 
# span 3 =    25.2414,    26.2829                 
# span 4 = 1.4652e-01, 4.3956e-01                 
# span 5 =     0.1249,     0.1310                 
# span 6 =      0.004,      0.018                 
# span 7 =    1467.70,    1484.03                 
# span 8 =     56.743,     80.033                 
# span 9 =     3.7601,     5.7414                 
# span 10 =  38.543113,  38.544990                
# span 11 = 0.0000e+00, 0.0000e+00                
# interval = seconds: 0.0416667
# start_time = Feb 07 2019 13:02:05 [System UpLoad Time]
# bad_flag = -9.990e-29
*END*
[from data line 1204]
     21.813     6.2256    32.7352    25.7353 2.3199e-01     0.1285      0.015    1473.14     58.595     4.0878  38.543694  0.000e+00
     21.792     6.2259    32.7414    25.7402 2.3199e-01     0.1298      0.015    1473.15     58.658     4.0921  38.543695  0.000e+00
     21.897     6.2254    32.7443    25.7426 2.3199e-01     0.1285      0.015    1473.15     58.605     4.0884  38.543695  0.000e+00
     21.873     6.2258    32.7442    25.7424 2.3199e-01     0.1285      0.015    1473.15     58.606     4.0884  38.543696  0.000e+00
     21.897     6.2256    32.7439    25.7422 2.3199e-01     0.1298      0.015    1473.15     58.607     4.0885  38.543696  0.000e+00
     21.922     6.2241    32.7455    25.7437 2.3199e-01     0.1285      0.015    1473.15     58.609     4.0887  38.543696  0.000e+00
     21.933     6.2207    32.7475    25.7457 2.4420e-01     0.1285      0.015    1473.14     58.610     4.0891  38.543697  0.000e+00
     21.957     6.2153    32.7485    25.7471 2.3199e-01     0.1285      0.015    1473.12     58.612     4.0897  38.543697  0.000e+00
     21.969     6.2134    32.7472    25.7463 2.3199e-01     0.1285      0.015    1473.11     58.675     4.0943  38.543698  0.000e+00
     22.004     6.2169    32.7409    25.7410 2.1978e-01     0.1298      0.015    1473.12     58.621     4.0904  38.543698  0.000e+00
     22.029     6.2177    32.7376    25.7383 2.3199e-01     0.1285      0.015    1473.12     58.622     4.0905  38.543699  0.000e+00
     22.029     6.2099    32.7408    25.7417 2.3199e-01     0.1285      0.015    1473.09     58.623     4.0912  38.543699  0.000e+00
     22.064     6.2048    32.7425    25.7437 2.1978e-01     0.1298      0.015    1473.07     58.625     4.0917  38.543700  0.000e+00
     22.077     6.2044    32.7428    25.7440 2.3199e-01     0.1285      0.015    1473.07     58.688     4.0962  38.543700  0.000e+00
     22.113     6.2052    32.7434    25.7443 2.3199e-01     0.1285      0.015    1473.08     58.696     4.0967  38.543701  0.000e+00
     22.124     6.2072    32.7410    25.7423 2.3199e-01     0.1298      0.015    1473.08     58.704     4.0971  38.543701  0.000e+00
     22.137     6.2054    32.7423    25.7435 2.3199e-01     0.1273      0.015    1473.08     58.712     4.0978  38.543702  0.000e+00
     22.160     6.2038    32.7456    25.7463 2.3199e-01     0.1285      0.015    1473.07     58.719     4.0983  38.543702  0.000e+00
     22.197     6.2061    32.7461    25.7464 2.3199e-01     0.1285      0.018    1473.08     58.726     4.0986  38.543703  0.000e+00
     22.197     6.2093    32.7458    25.7458 2.3199e-01     0.1285      0.015    1473.10     58.670     4.0944  38.543703  0.000e+00
     22.223     6.2158    32.7409    25.7411 2.3199e-01     0.1285      0.015    1473.12     58.730     4.0981  38.543704  0.000e+00
     22.257     6.2215    32.7339    25.7348 2.3199e-01     0.1285      0.015    1473.13     58.674     4.0938  38.543704  0.000e+00
     22.257     6.2234    32.7320    25.7331 2.3199e-01     0.1273      0.015    1473.14     58.672     4.0936  38.543705  0.000e+00
     22.293     6.2281    32.7309    25.7317 2.3199e-01     0.1285      0.015    1473.15     58.662     4.0925  38.543705  0.000e+00
     22.304     6.2350    32.7310    25.7309 2.3199e-01     0.1285      0.015    1473.18     58.714     4.0954  38.543706  0.000e+00
     22.340     6.2397    32.7342    25.7328 2.3199e-01     0.1285      0.018    1473.21     58.657     4.0909  38.543706  0.000e+00
     22.353     6.2438    32.7362    25.7339 2.3199e-01     0.1285      0.015    1473.22     58.654     4.0902  38.543707  0.000e+00
     22.364     6.2468    32.7410    25.7373 2.3199e-01     0.1285      0.015    1473.24     58.705     4.0934  38.543707  0.000e+00
     22.400     6.2490    32.7467    25.7415 2.3199e-01     0.1285      0.015    1473.26     58.648     4.0890  38.543708  0.000e+00
     22.424     6.2589    32.7450    25.7389 2.3199e-01     0.1285      0.015    1473.30     58.706     4.0922  38.543708  0.000e+00
     22.436     6.2767    32.7424    25.7346 2.1978e-01     0.1285      0.015    1473.36     58.646     4.0864  38.543709  0.000e+00
     22.460     6.2924    32.7463    25.7357 2.1978e-01     0.1285      0.015    1473.43     58.704     4.0888  38.543709  0.000e+00
     22.473     6.2989    32.7522    25.7396 2.3199e-01     0.1285      0.015    1473.46     58.645     4.0839  38.543709  0.000e+00
     22.496     6.2975    32.7533    25.7406 2.3199e-01     0.1285      0.018    1473.46     58.641     4.0838  38.543710  0.000e+00
     22.531     6.2982    32.7450    25.7340 2.3199e-01     0.1285      0.015    1473.45     58.638     4.0837  38.543710  0.000e+00
     22.531     6.3075    32.7295    25.7206 2.3199e-01     0.1285      0.015    1473.47     58.633     4.0829  38.543711  0.000e+00
     22.569     6.3200    32.7148    25.7074 2.3199e-01     0.1285      0.015    1473.50     58.620     4.0812  38.543711  0.000e+00
     22.580     6.3242    32.7156    25.7075 2.3199e-01     0.1298      0.015    1473.52     58.615     4.0804  38.543712  0.000e+00
     22.604     6.3223    32.7269    25.7167 2.1978e-01     0.1285      0.015    1473.53     58.612     4.0800  38.543712  0.000e+00
     22.629     6.3156    32.7401    25.7279 2.1978e-01     0.1285      0.015    1473.52     58.608     4.0801  38.543713  0.000e+00
     22.651     6.3072    32.7507    25.7374 2.3199e-01     0.1285      0.015    1473.50     58.605     4.0804  38.543713  0.000e+00
     22.676     6.3035    32.7558    25.7418 2.3199e-01     0.1285      0.015    1473.49     58.601     4.0803  38.543714  0.000e+00
     22.700     6.3040    32.7558    25.7418 2.3199e-01     0.1285      0.015    1473.49     58.597     4.0800  38.543714  0.000e+00
     22.711     6.3059    32.7526    25.7390 2.3199e-01     0.1285      0.015    1473.50     58.593     4.0796  38.543715  0.000e+00
     22.747     6.3041    32.7515    25.7384 2.3199e-01     0.1285      0.015    1473.49     58.589     4.0795  38.543715  0.000e+00
     22.771     6.3038    32.7501    25.7373 2.3199e-01     0.1285      0.015    1473.49     58.523     4.0750  38.543716  0.000e+00
     22.771     6.3051    32.7486    25.7359 2.1978e-01     0.1298      0.015    1473.49     58.511     4.0741  38.543716  0.000e+00
     22.807     6.3008    32.7511    25.7384 2.1978e-01     0.1285      0.015    1473.48     58.563     4.0780  38.543717  0.000e+00
     22.820     6.2911    32.7567    25.7441 2.3199e-01     0.1285      0.015    1473.45     58.498     4.0743  38.543717  0.000e+00
     22.856     6.2887    32.7584    25.7458 2.1978e-01     0.1285      0.015    1473.44     58.549     4.0781  38.543718  0.000e+00
     22.867     6.2949    32.7571    25.7439 2.1978e-01     0.1285      0.015    1473.46     58.554     4.0778  38.543718  0.000e+00
     22.903     6.2943    32.7602    25.7465 2.1978e-01     0.1298      0.015    1473.46     58.551     4.0776  38.543719  0.000e+00
     22.915     6.2909    32.7618    25.7481 2.1978e-01     0.1298      0.015    1473.45     58.549     4.0777  38.543719  0.000e+00
     22.903     6.2930    32.7616    25.7477 2.1978e-01     0.1285      0.015    1473.46     58.546     4.0773  38.543720  0.000e+00
     22.997     6.3022    32.7606    25.7458 2.1978e-01     0.1285      0.015    1473.50     58.543     4.0762  38.543720  0.000e+00
     22.975     6.3141    32.7612    25.7447 2.1978e-01     0.1285      0.015    1473.54     58.476     4.0705  38.543721  0.000e+00
     23.000     6.3214    32.7656    25.7473 2.3199e-01     0.1285      0.015    1473.58     58.528     4.0732  38.543721  0.000e+00
     23.035     6.3276    32.7676    25.7481 2.1978e-01     0.1298      0.015    1473.61     58.533     4.0730  38.543722  0.000e+00
     23.023     6.3359    32.7661    25.7458 2.1978e-01     0.1285      0.015    1473.64     58.468     4.0677  38.543722  0.000e+00
     23.083     6.3441    32.7673    25.7457 2.1978e-01     0.1285      0.015    1473.67     58.458     4.0662  38.543723  0.000e+00
     23.095     6.3518    32.7683    25.7456 2.1978e-01     0.1285      0.015    1473.70     58.448     4.0647  38.543723  0.000e+00
     23.107     6.3527    32.7731    25.7492 2.3199e-01     0.1285      0.015    1473.71     58.501     4.0682  38.543723  0.000e+00
     23.131     6.3480    32.7790    25.7545 2.1978e-01     0.1298      0.015    1473.70     58.446     4.0647  38.543724  0.000e+00
     23.167     6.3429    32.7803    25.7562 2.1978e-01     0.1285      0.015    1473.69     58.446     4.0652  38.543724  0.000e+00
     23.167     6.3399    32.7793    25.7557 2.1978e-01     0.1285      0.015    1473.67     58.447     4.0655  38.543725  0.000e+00
     23.191     6.3373    32.7793    25.7561 2.1978e-01     0.1285      0.015    1473.66     58.448     4.0658  38.543725  0.000e+00
     23.238     6.3349    32.7794    25.7565 2.1978e-01     0.1285      0.015    1473.65     58.451     4.0662  38.543726  0.000e+00
     23.238     6.3340    32.7765    25.7543 2.1978e-01     0.1298      0.015    1473.65     58.453     4.0666  38.543726  0.000e+00
     23.274     6.3311    32.7746    25.7532 2.1978e-01     0.1285      0.015    1473.63     58.386     4.0622  38.543727  0.000e+00
     23.287     6.3252    32.7759    25.7549 2.3199e-01     0.1285      0.015    1473.61     58.445     4.0668  38.543727  0.000e+00
     23.311     6.3191    32.7772    25.7568 2.1978e-01     0.1285      0.015    1473.59     58.379     4.0628  38.543728  0.000e+00
     23.331     6.3133    32.7783    25.7584 2.1978e-01     0.1285      0.015    1473.57     58.431     4.0669  38.543728  0.000e+00
     23.371     6.3046    32.7821    25.7625 2.1978e-01     0.1298      0.015    1473.54     58.367     4.0632  38.543729  0.000e+00
     23.382     6.2985    32.7836    25.7643 2.1978e-01     0.1285      0.015    1473.52     58.366     4.0637  38.543729  0.000e+00
     23.407     6.2954    32.7818    25.7633 2.1978e-01     0.1285      0.015    1473.50     58.357     4.0634  38.543730  0.000e+00
     23.418     6.2966    32.7773    25.7596 2.1978e-01     0.1285      0.015    1473.50     58.349     4.0628  38.543730  0.000e+00
     23.454     6.2995    32.7734    25.7562 2.1978e-01     0.1285      0.015    1473.51     58.349     4.0627  38.543731  0.000e+00
     23.467     6.3017    32.7703    25.7535 2.1978e-01     0.1285      0.015    1473.52     58.342     4.0621  38.543731  0.000e+00
     23.478     6.3025    32.7691    25.7524 2.1978e-01     0.1285      0.015    1473.52     58.344     4.0622  38.543732  0.000e+00
     23.527     6.3044    32.7673    25.7508 2.1978e-01     0.1285      0.015    1473.52     58.339     4.0617  38.543732  0.000e+00
     23.538     6.3032    32.7688    25.7521 2.1978e-01     0.1273      0.015    1473.52     58.281     4.0577  38.543733  0.000e+00
     23.549     6.3011    32.7702    25.7535 2.1978e-01     0.1298      0.015    1473.51     58.332     4.0614  38.543733  0.000e+00
     23.582     6.3032    32.7685    25.7519 2.1978e-01     0.1285      0.015    1473.52     58.330     4.0611  38.543734  0.000e+00
     23.609     6.3105    32.7661    25.7490 2.1978e-01     0.1285      0.015    1473.55     58.327     4.0603  38.543734  0.000e+00
     23.609     6.3192    32.7659    25.7478 2.1978e-01     0.1285      0.015    1473.58     58.263     4.0550  38.543735  0.000e+00
     23.634     6.3227    32.7690    25.7498 2.1978e-01     0.1285      0.015    1473.60     58.255     4.0540  38.543735  0.000e+00
     23.658     6.3235    32.7714    25.7516 2.1978e-01     0.1298      0.015    1473.61     58.248     4.0534  38.543736  0.000e+00
     23.694     6.3243    32.7729    25.7527 2.3199e-01     0.1285      0.015    1473.61     58.242     4.0529  38.543736  0.000e+00
     23.705     6.3259    32.7732    25.7527 2.1978e-01     0.1285      0.015    1473.62     58.237     4.0524  38.543736  0.000e+00
     23.729     6.3281    32.7735    25.7527 2.1978e-01     0.1285      0.015    1473.63     58.232     4.0519  38.543737  0.000e+00
     23.754     6.3300    32.7731    25.7521 2.3199e-01     0.1285      0.015    1473.64     58.229     4.0515  38.543737  0.000e+00
     23.773     6.3313    32.7728    25.7517 2.3199e-01     0.1298      0.015    1473.64     58.227     4.0512  38.543738  0.000e+00
     23.802     6.3322    32.7729    25.7517 2.3199e-01     0.1285      0.015    1473.64     58.226     4.0510  38.543738  0.000e+00
     23.825     6.3330    32.7739    25.7523 2.3199e-01     0.1285      0.015    1473.65     58.226     4.0509  38.543739  0.000e+00
     23.838     6.3338    32.7751    25.7532 2.1978e-01     0.1285      0.015    1473.65     58.218     4.0503  38.543739  0.000e+00
     23.849     6.3368    32.7739    25.7519 2.1978e-01     0.1285      0.015    1473.67     58.211     4.0496  38.543740  0.000e+00
     23.898     6.3378    32.7739    25.7518 2.1978e-01     0.1285      0.015    1473.67     58.151     4.0453  38.543740  0.000e+00
     23.909     6.3388    32.7739    25.7516 2.1978e-01     0.1285      0.015    1473.67     58.139     4.0443  38.543741  0.000e+00
     23.921     6.3389    32.7759    25.7532 2.3199e-01     0.1285      0.015    1473.68     58.135     4.0440  38.543741  0.000e+00
     23.942     6.3391    32.7784    25.7552 2.1978e-01     0.1285      0.015    1473.68     58.133     4.0438  38.543742  0.000e+00
     23.981     6.3397    32.7805    25.7567 2.1978e-01     0.1285      0.015    1473.69     58.132     4.0436  38.543742  0.000e+00
     23.994     6.3403    32.7818    25.7577 2.1978e-01     0.1285      0.015    1473.69     58.133     4.0436  38.543743  0.000e+00
     24.005     6.3400    32.7832    25.7589 2.1978e-01     0.1298      0.018    1473.69     58.135     4.0437  38.543743  0.000e+00
     24.029     6.3402    32.7823    25.7581 2.3199e-01     0.1285      0.015    1473.69     58.138     4.0439  38.543744  0.000e+00
     24.065     6.3414    32.7820    25.7577 2.1978e-01     0.1285      0.015    1473.70     58.134     4.0435  38.543744  0.000e+00
     24.076     6.3429    32.7822    25.7577 2.1978e-01     0.1298      0.015    1473.70     58.139     4.0437  38.543745  0.000e+00
     24.085     6.3446    32.7798    25.7555 2.1978e-01     0.1285      0.015    1473.71     58.145     4.0441  38.543745  0.000e+00
     24.125     6.3467    32.7778    25.7537 2.1978e-01     0.1285      0.015    1473.71     58.145     4.0439  38.543746  0.000e+00
     24.136     6.3486    32.7776    25.7533 2.1978e-01     0.1285      0.015    1473.72     58.146     4.0438  38.543746  0.000e+00
     24.161     6.3521    32.7778    25.7530 2.1978e-01     0.1298      0.015    1473.74     58.147     4.0436  38.543747  0.000e+00
     24.185     6.3559    32.7781    25.7528 2.1978e-01     0.1285      0.015    1473.75     58.158     4.0439  38.543747  0.000e+00
     24.209     6.3591    32.7788    25.7529 2.1978e-01     0.1285      0.015    1473.77     58.162     4.0439  38.543748  0.000e+00
     24.218     6.3623    32.7786    25.7524 2.1978e-01     0.1298      0.015    1473.78     58.166     4.0439  38.543748  0.000e+00
     24.245     6.3674    32.7768    25.7503 2.1978e-01     0.1285      0.015    1473.80     58.172     4.0439  38.543749  0.000e+00
     24.269     6.3739    32.7751    25.7482 2.1978e-01     0.1285      0.015    1473.82     58.178     4.0437  38.543749  0.000e+00
     24.292     6.3784    32.7759    25.7482 2.1978e-01     0.1285      0.015    1473.84     58.124     4.0395  38.543750  0.000e+00
     24.316     6.3803    32.7790    25.7504 2.1978e-01     0.1285      0.015    1473.85     58.125     4.0393  38.543750  0.000e+00
     24.329     6.3804    32.7831    25.7536 2.1978e-01     0.1298      0.015    1473.86     58.182     4.0432  38.543750  0.000e+00
     24.360     6.3799    32.7858    25.7558 2.1978e-01     0.1285      0.015    1473.86     58.069     4.0353  38.543751  0.000e+00
