RAWDATA/IO2019/20190207/Dm1_20190207_down.cnv
* Sea-Bird SBE 9 Data File:
* FileName = C:\CTD Brukere\NIVA\IO2019\20190207\Dm1_20190207.hex
* Software Version Seasave V 7.23.2
* Temperature SN = 5352
* Conductivity SN = 3840
* Number of Bytes Per Scan = 28
* Number of Voltage Words = 4
* Number of Scans Averaged by the Deck Unit = 1
* NMEA baud rate = 4800
** Ship: R/V Trygve Braarud
** Cruise:
** Station:
** Operator:
# nquan = 12
# nvalues = 3892                                  
# units = specified
# name 0 = depSM: Depth [salt water, m], lat = 59.60
# name 1 = t090C: Temperature [ITS-90, deg C]
# name 2 = sal00: Salinity, Practical [PSU]
# name 3 = sigma-t00: Density [sigma-t, kg/m^3 ]
# name 4 = flSP: Fluorescence, Seapoint
# name 5 = wetStar: Fluorescence, WET Labs WETstar [mg/m^3]
# name 6 = seaTurbMtr: Turbidity, Seapoint [FTU]
# name 7 = svCM: Sound Velocity [Chen-Millero, m/s]
# name 8 = sbeox0PS: Oxygen, SBE 43 [% saturation]
# name 9 = sbeox0ML/L: Oxygen, SBE 43 [ml/l]
# name 10 = timeJ: Julian Days
# name 11 = flag:  0.000e+00
# span 0 =      0.035,     80.991                 
# span 1 =     5.1997,     8.6017                 
# span 2 =    31.9578,    33.8231                 
# span 3 =    25.2414,    26.2829                 
# span 4 = 1.4652e-01, 4.3956e-01                 
# span 5 =     0.1249,     0.1310                 
# span 6 =      0.004,      0.018                 
# span 7 =    1467.70,    1484.03                 
# span 8 =     56.743,     80.033                 
# span 9 =     3.7601,     5.7414                 
# span 10 =  38.543113,  38.544990                
# span 11 = 0.0000e+00, 0.0000e+00                
# interval = seconds: 0.0416667
# start_time = Feb 07 2019 13:02:05 [System UpLoad Time]
# bad_flag = -9.990e-29
*END*
[from data line 241]
      0.286     5.2026    32.2678    25.4872 3.6630e-01     0.1261      0.007    1468.08     72.121     5.1704  38.543230  0.000e+00
      0.275     5.2025    32.2725    25.4909 3.6630e-01     0.1273      0.007    1468.09     71.971     5.1595  38.543230  0.000e+00
      0.275     5.2024    32.2731    25.4914 3.6630e-01     0.1273      0.007    1468.09     71.879     5.1529  38.543231  0.000e+00
      0.309     5.2027    32.2716    25.4902 3.7851e-01     0.1261      0.007    1468.09     71.790     5.1465  38.543231  0.000e+00
      0.346     5.2030    32.2763    25.4939 3.7851e-01     0.1261      0.007    1468.10     71.712     5.1407  38.543232  0.000e+00
      0.357     5.2033    32.2804    25.4972 3.6630e-01     0.1261      0.007    1468.10     71.645     5.1357  38.543232  0.000e+00
      0.346     5.2044    32.2840    25.4998 3.6630e-01     0.1261      0.007    1468.11     71.519     5.1264  38.543233  0.000e+00
      0.344     5.2056    32.2860    25.5013 3.6630e-01     0.1261      0.007    1468.12     71.451     5.1214  38.543233  0.000e+00
      0.297     5.2068    32.2866    25.5016 3.6630e-01     0.1261      0.007    1468.12     71.387     5.1166  38.543234  0.000e+00
      0.488     5.2078    32.2863    25.5013 3.5409e-01     0.1273      0.007    1468.13     71.265     5.1078  38.543234  0.000e+00
      0.202     5.2088    32.2899    25.5040 3.6630e-01     0.1261      0.007    1468.14     71.198     5.1027  38.543234  0.000e+00
      0.357     5.2096    32.2922    25.5058 3.6630e-01     0.1261      0.007    1468.14     71.139     5.0983  38.543235  0.000e+00
      0.535     5.2099    32.2999    25.5118 3.6630e-01     0.1261      0.007    1468.16     71.084     5.0941  38.543235  0.000e+00
      0.453     5.2105    32.3055    25.5162 3.6630e-01     0.1261      0.007    1468.17     71.040     5.0906  38.543236  0.000e+00
      0.488     5.2112    32.3061    25.5166 3.6630e-01     0.1273      0.007    1468.17     70.992     5.0871  38.543236  0.000e+00
      0.488     5.2117    32.3064    25.5168 3.6630e-01     0.1261      0.007    1468.17     70.949     5.0839  38.543237  0.000e+00
      0.548     5.2119    32.3096    25.5193 3.7851e-01     0.1261      0.011    1468.18     70.847     5.0765  38.543237  0.000e+00
      0.573     5.2125    32.3129    25.5218 3.7851e-01     0.1261      0.007    1468.19     70.803     5.0732  38.543238  0.000e+00
      0.597     5.2126    32.3169    25.5250 3.6630e-01     0.1261      0.007    1468.19     70.756     5.0697  38.543238  0.000e+00
      0.644     5.2128    32.3202    25.5276 3.6630e-01     0.1261      0.011    1468.20     70.659     5.0626  38.543239  0.000e+00
      0.644     5.2132    32.3212    25.5283 3.6630e-01     0.1261      0.011    1468.20     70.612     5.0591  38.543239  0.000e+00
      0.679     5.2131    32.3221    25.5291 3.6630e-01     0.1261      0.007    1468.20     70.570     5.0561  38.543240  0.000e+00
      0.692     5.2132    32.3230    25.5297 3.6630e-01     0.1273      0.007    1468.20     70.469     5.0488  38.543240  0.000e+00
      0.717     5.2132    32.3230    25.5297 3.6630e-01     0.1261      0.007    1468.20     70.482     5.0498  38.543241  0.000e+00
      0.752     5.2134    32.3262    25.5322 3.6630e-01     0.1261      0.007    1468.21     70.445     5.0469  38.543241  0.000e+00
      0.775     5.2133    32.3346    25.5389 3.6630e-01     0.1261      0.011    1468.22     70.349     5.0398  38.543242  0.000e+00
      0.810     5.2134    32.3389    25.5423 3.6630e-01     0.1273      0.011    1468.23     70.303     5.0364  38.543242  0.000e+00
      0.835     5.2134    32.3418    25.5446 3.6630e-01     0.1261      0.007    1468.23     70.262     5.0333  38.543243  0.000e+00
      0.870     5.2133    32.3471    25.5488 3.6630e-01     0.1261      0.007    1468.24     70.216     5.0298  38.543243  0.000e+00
      0.870     5.2134    32.3526    25.5531 3.6630e-01     0.1273      0.011    1468.24     70.236     5.0311  38.543244  0.000e+00
      0.906     5.2132    32.3568    25.5565 3.5409e-01     0.1261      0.007    1468.25     70.205     5.0288  38.543244  0.000e+00
      0.930     5.2131    32.3582    25.5576 3.6630e-01     0.1261      0.007    1468.25     70.240     5.0312  38.543245  0.000e+00
      0.977     5.2130    32.3625    25.5610 3.6630e-01     0.1273      0.011    1468.26     70.287     5.0344  38.543245  0.000e+00
      0.979     5.2129    32.3649    25.5629 3.6630e-01     0.1261      0.011    1468.26     70.335     5.0378  38.543246  0.000e+00
      1.001     5.2128    32.3539    25.5542 3.6630e-01     0.1261      0.007    1468.25     70.323     5.0374  38.543246  0.000e+00
      1.026     5.2124    32.3498    25.5510 3.6630e-01     0.1273      0.011    1468.24     70.312     5.0368  38.543247  0.000e+00
      1.061     5.2120    32.3551    25.5553 3.6630e-01     0.1273      0.011    1468.24     70.241     5.0316  38.543247  0.000e+00
      1.074     5.2118    32.3692    25.5665 3.6630e-01     0.1261      0.007    1468.26     70.218     5.0294  38.543247  0.000e+00
      1.108     5.2117    32.3676    25.5652 3.6630e-01     0.1273      0.007    1468.26     70.196     5.0280  38.543248  0.000e+00
      1.121     5.2118    32.3653    25.5634 3.6630e-01     0.1273      0.011    1468.26     70.114     5.0221  38.543248  0.000e+00
      1.121     5.2114    32.3711    25.5680 3.6630e-01     0.1273      0.007    1468.26     70.025     5.0156  38.543249  0.000e+00
      1.157     5.2114    32.3824    25.5770 3.7851e-01     0.1261      0.007    1468.28     69.985     5.0124  38.543249  0.000e+00
      1.181     5.2115    32.3804    25.5754 3.7851e-01     0.1273      0.007    1468.28     69.947     5.0097  38.543250  0.000e+00
      1.205     5.2117    32.3781    25.5735 3.6630e-01     0.1273      0.007    1468.28     69.910     5.0071  38.543250  0.000e+00
      1.241     5.2121    32.3778    25.5732 3.6630e-01     0.1261      0.007    1468.28     69.939     5.0091  38.543251  0.000e+00
      1.252     5.2123    32.3759    25.5717 3.7851e-01     0.1273      0.011    1468.28     69.968     5.0113  38.543251  0.000e+00
      1.301     5.2124    32.3747    25.5708 3.6630e-01     0.1261      0.011    1468.28     69.945     5.0096  38.543252  0.000e+00
      1.312     5.2125    32.3767    25.5723 3.7851e-01     0.1261      0.007    1468.28     69.985     5.0124  38.543252  0.000e+00
      1.336     5.2128    32.3798    25.5748 3.7851e-01     0.1273      0.011    1468.28     69.971     5.0113  38.543253  0.000e+00
      1.372     5.2129    32.3804    25.5752 3.6630e-01     0.1261      0.011    1468.29     69.958     5.0103  38.543253  0.000e+00
      1.396     5.2128    32.3814    25.5760 3.9072e-01     0.1261      0.007    1468.29     69.937     5.0088  38.543254  0.000e+00
      1.421     5.2130    32.3822    25.5766 3.7851e-01     0.1273      0.011    1468.29     69.916     5.0073  38.543254  0.000e+00
      1.455     5.2129    32.3803    25.5751 3.7851e-01     0.1261      0.011    1468.29     69.896     5.0059  38.543255  0.000e+00
      1.479     5.2133    32.3796    25.5745 3.6630e-01     0.1261      0.007    1468.29     69.876     5.0044  38.543255  0.000e+00
      1.516     5.2131    32.3803    25.5751 3.6630e-01     0.1273      0.011    1468.29     69.857     5.0030  38.543256  0.000e+00
      1.527     5.2135    32.3769    25.5723 3.7851e-01     0.1273      0.011    1468.29     69.829     5.0011  38.543256  0.000e+00
      1.539     5.2139    32.3768    25.5723 3.7851e-01     0.1261      0.007    1468.29     69.864     5.0036  38.543257  0.000e+00
      1.574     5.2139    32.3775    25.5728 3.7851e-01     0.1273      0.007    1468.29     69.844     5.0021  38.543257  0.000e+00
      1.599     5.2140    32.3734    25.5696 3.7851e-01     0.1261      0.011    1468.29     69.878     5.0047  38.543258  0.000e+00
      1.623     5.2139    32.3748    25.5706 3.6630e-01     0.1273      0.007    1468.29     69.793     4.9986  38.543258  0.000e+00
      1.658     5.2139    32.3778    25.5730 3.6630e-01     0.1261      0.011    1468.29     69.826     5.0008  38.543259  0.000e+00
      1.670     5.2137    32.3747    25.5706 3.6630e-01     0.1261      0.011    1468.29     69.802     4.9993  38.543259  0.000e+00
      1.683     5.2139    32.3755    25.5712 3.6630e-01     0.1261      0.007    1468.29     69.778     4.9975  38.543260  0.000e+00
      1.718     5.2139    32.3779    25.5731 3.6630e-01     0.1273      0.011    1468.29     69.752     4.9956  38.543260  0.000e+00
      1.730     5.2137    32.3747    25.5706 3.7851e-01     0.1273      0.011    1468.29     69.726     4.9938  38.543261  0.000e+00
      1.765     5.2139    32.3747    25.5706 3.6630e-01     0.1261      0.007    1468.29     69.690     4.9912  38.543261  0.000e+00
      1.765     5.2139    32.3772    25.5726 3.6630e-01     0.1261      0.007    1468.29     69.653     4.9885  38.543261  0.000e+00
      1.803     5.2140    32.3756    25.5713 3.6630e-01     0.1273      0.011    1468.29     69.614     4.9857  38.543262  0.000e+00
      1.825     5.2142    32.3769    25.5723 3.6630e-01     0.1273      0.011    1468.29     69.566     4.9822  38.543262  0.000e+00
      1.825     5.2142    32.3810    25.5755 3.7851e-01     0.1273      0.007    1468.30     69.516     4.9785  38.543263  0.000e+00
      1.874     5.2140    32.3808    25.5754 3.7851e-01     0.1273      0.011    1468.30     69.464     4.9748  38.543263  0.000e+00
      1.874     5.2137    32.3826    25.5768 3.7851e-01     0.1261      0.011    1468.30     69.402     4.9703  38.543264  0.000e+00
      1.909     5.2140    32.3851    25.5788 3.7851e-01     0.1273      0.007    1468.31     69.284     4.9618  38.543264  0.000e+00
      1.934     5.2140    32.3839    25.5779 3.7851e-01     0.1273      0.011    1468.30     69.219     4.9571  38.543265  0.000e+00
      1.945     5.2139    32.3847    25.5785 3.6630e-01     0.1261      0.011    1468.30     69.207     4.9562  38.543265  0.000e+00
      1.969     5.2140    32.3873    25.5806 3.6630e-01     0.1261      0.011    1468.31     69.075     4.9467  38.543266  0.000e+00
      1.981     5.2142    32.3840    25.5779 3.6630e-01     0.1273      0.011    1468.31     68.997     4.9412  38.543266  0.000e+00
      2.016     5.2140    32.3843    25.5782 3.6630e-01     0.1261      0.007    1468.31     68.916     4.9355  38.543267  0.000e+00
      2.016     5.2146    32.3850    25.5787 3.5409e-01     0.1273      0.007    1468.31     68.843     4.9301  38.543267  0.000e+00
      2.052     5.2146    32.3780    25.5731 3.6630e-01     0.1273      0.011    1468.30     68.768     4.9250  38.543268  0.000e+00
      2.076     5.2146    32.3774    25.5726 3.6630e-01     0.1261      0.007    1468.30     68.700     4.9201  38.543268  0.000e+00
      2.112     5.2148    32.3792    25.5741 3.6630e-01     0.1261      0.007    1468.30     68.703     4.9202  38.543269  0.000e+00
      2.125     5.2148    32.3732    25.5693 3.6630e-01     0.1273      0.011    1468.30     68.595     4.9127  38.543269  0.000e+00
      2.136     5.2148    32.3716    25.5681 3.6630e-01     0.1273      0.007    1468.30     68.605     4.9135  38.543270  0.000e+00
      2.160     5.2150    32.3753    25.5710 3.6630e-01     0.1273      0.007    1468.30     68.559     4.9100  38.543270  0.000e+00
      2.185     5.2151    32.3736    25.5696 3.6630e-01     0.1273      0.011    1468.30     68.504     4.9062  38.543271  0.000e+00
      2.207     5.2151    32.3749    25.5706 3.6630e-01     0.1261      0.011    1468.30     68.448     4.9021  38.543271  0.000e+00
      2.231     5.2150    32.3801    25.5747 3.6630e-01     0.1261      0.011    1468.31     68.454     4.9024  38.543272  0.000e+00
      2.256     5.2151    32.3774    25.5725 3.6630e-01     0.1273      0.011    1468.31     68.333     4.8938  38.543272  0.000e+00
      2.267     5.2150    32.3805    25.5750 3.6630e-01     0.1261      0.007    1468.31     68.319     4.8927  38.543273  0.000e+00
      2.303     5.2153    32.3838    25.5776 3.6630e-01     0.1261      0.007    1468.32     68.248     4.8875  38.543273  0.000e+00
      2.327     5.2153    32.3760    25.5715 3.6630e-01     0.1261      0.011    1468.31     68.176     4.8825  38.543274  0.000e+00
      2.351     5.2156    32.3768    25.5721 3.6630e-01     0.1273      0.007    1468.31     68.101     4.8771  38.543274  0.000e+00
      2.351     5.2157    32.3807    25.5752 3.6630e-01     0.1261      0.011    1468.31     67.971     4.8676  38.543274  0.000e+00
      2.398     5.2157    32.3767    25.5719 3.5409e-01     0.1273      0.011    1468.31     67.964     4.8673  38.543275  0.000e+00
      2.411     5.2159    32.3793    25.5740 3.5409e-01     0.1261      0.007    1468.31     67.902     4.8627  38.543275  0.000e+00
      2.434     5.2159    32.3851    25.5786 3.5409e-01     0.1261      0.011    1468.32     67.847     4.8586  38.543276  0.000e+00
      2.447     5.2164    32.3840    25.5777 3.5409e-01     0.1273      0.011    1468.32     67.790     4.8545  38.543276  0.000e+00
      2.471     5.2162    32.3874    25.5804 3.5409e-01     0.1273      0.011    1468.33     67.733     4.8504  38.543277  0.000e+00
      2.507     5.2164    32.3916    25.5837 3.5409e-01     0.1273      0.011    1468.33     67.612     4.8416  38.543277  0.000e+00
      2.518     5.2165    32.3917    25.5838 3.4188e-01     0.1273      0.011    1468.33     67.545     4.8367  38.543278  0.000e+00
      2.529     5.2165    32.3937    25.5854 3.5409e-01     0.1273      0.007    1468.34     67.477     4.8318  38.543278  0.000e+00
      2.578     5.2165    32.3932    25.5849 3.5409e-01     0.1273      0.011    1468.34     67.409     4.8269  38.543279  0.000e+00
      2.578     5.2165    32.3892    25.5818 3.5409e-01     0.1261      0.011    1468.33     67.340     4.8221  38.543279  0.000e+00
      2.613     5.2164    32.3892    25.5818 3.4188e-01     0.1261      0.007    1468.33     67.270     4.8171  38.543280  0.000e+00
      2.625     5.2156    32.3889    25.5816 3.4188e-01     0.1261      0.011    1468.33     67.208     4.8128  38.543280  0.000e+00
      2.649     5.2148    32.3854    25.5789 3.5409e-01     0.1261      0.011    1468.32     67.208     4.8130  38.543281  0.000e+00
      2.662     5.2145    32.3867    25.5800 3.4188e-01     0.1273      0.011    1468.32     67.099     4.8052  38.543281  0.000e+00
      2.698     5.2143    32.3877    25.5809 3.4188e-01     0.1273      0.011    1468.32     67.036     4.8007  38.543282  0.000e+00
      2.722     5.2142    32.3877    25.5809 3.4188e-01     0.1261      0.011    1468.32     67.044     4.8012  38.543282  0.000e+00
      2.745     5.2143    32.3910    25.5834 3.4188e-01     0.1273      0.011    1468.33     66.934     4.7933  38.543283  0.000e+00
      2.758     5.2146    32.3900    25.5826 3.5409e-01     0.1273      0.011    1468.33     66.879     4.7893  38.543283  0.000e+00
      2.780     5.2151    32.3888    25.5816 3.5409e-01     0.1273      0.007    1468.33     66.824     4.7853  38.543284  0.000e+00
      2.804     5.2150    32.3926    25.5846 3.4188e-01     0.1273      0.007    1468.33     66.831     4.7858  38.543284  0.000e+00
      2.817     5.2154    32.3884    25.5812 3.5409e-01     0.1273      0.011    1468.33     66.721     4.7780  38.543285  0.000e+00
      2.840     5.2151    32.3878    25.5808 3.4188e-01     0.1273      0.011    1468.33     66.666     4.7740  38.543285  0.000e+00
      2.876     5.2156    32.3885    25.5813 3.4188e-01     0.1273      0.007    1468.33     66.610     4.7700  38.543286  0.000e+00
      2.889     5.2151    32.3808    25.5753 3.5409e-01     0.1261      0.011    1468.32     66.492     4.7618  38.543286  0.000e+00
      2.913     5.2150    32.3804    25.5750 3.5409e-01     0.1261      0.011    1468.32     66.491     4.7618  38.543287  0.000e+00
