RAWDATA/IO2019/20190207/Dm1_20190207_down.cnv
* Sea-Bird SBE 9 Data File:
* FileName = C:\CTD Brukere\NIVA\IO2019\20190207\Dm1_20190207.hex
* Software Version Seasave V 7.23.2
* Temperature SN = 5352
* Conductivity SN = 3840
* Number of Bytes Per Scan = 28
* Number of Voltage Words = 4
* Number of Scans Averaged by the Deck Unit = 1
* NMEA baud rate = 4800
** Ship: R/V Trygve Braarud
** Cruise:
** Station:
** Operator:
# nquan = 12
# nvalues = 3892                                  
# units = specified
# name 0 = depSM: Depth [salt water, m], lat = 59.60
# name 1 = t090C: Temperature [ITS-90, deg C]
# name 2 = sal00: Salinity, Practical [PSU]
# name 3 = sigma-t00: Density [sigma-t, kg/m^3 ]
# name 4 = flSP: Fluorescence, Seapoint
# name 5 = wetStar: Fluorescence, WET Labs WETstar [mg/m^3]
# name 6 = seaTurbMtr: Turbidity, Seapoint [FTU]
# name 7 = svCM: Sound Velocity [Chen-Millero, m/s]
# name 8 = sbeox0PS: Oxygen, SBE 43 [% saturation]
# name 9 = sbeox0ML/L: Oxygen, SBE 43 [ml/l]
# name 10 = timeJ: Julian Days
# name 11 = flag:  0.000e+00
# span 0 =      0.035,     80.991                 
# span 1 =     5.1997,     8.6017                 
# span 2 =    31.9578,    33.8231                 
# span 3 =    25.2414,    26.2829                 
# span 4 = 1.4652e-01, 4.3956e-01                 
# span 5 =     0.1249,     0.1310                 
# span 6 =      0.004,      0.018                 
# span 7 =    1467.70,    1484.03                 
# span 8 =     56.743,     80.033                 
# span 9 =     3.7601,     5.7414                 
# span 10 =  38.543113,  38.544990                
# span 11 = 0.0000e+00, 0.0000e+00                
# interval = seconds: 0.0416667
# start_time = Feb 07 2019 13:02:05 [System UpLoad Time]
# bad_flag = -9.990e-29
*END*
[from data line 1324]
     24.401     6.3887    32.7785    25.7489 2.0757e-01     0.1285      0.015    1473.89     58.125     4.0386  38.543752  0.000e+00
     24.425     6.4182    32.7650    25.7345 2.0757e-01     0.1285      0.015    1473.98     58.122     4.0360  38.543752  0.000e+00
     24.448     6.4713    32.7613    25.7248 2.1978e-01     0.1285      0.015    1474.19     58.118     4.0308  38.543753  0.000e+00
     24.461     6.5158    32.7778    25.7322 2.0757e-01     0.1285      0.015    1474.39     58.116     4.0260  38.543753  0.000e+00
     24.492     6.5418    32.7928    25.7406 2.1978e-01     0.1285      0.015    1474.51     58.116     4.0232  38.543754  0.000e+00
     24.508     6.5610    32.7941    25.7392 2.1978e-01     0.1285      0.015    1474.59     58.118     4.0215  38.543754  0.000e+00
     24.532     6.5497    32.8011    25.7462 2.1978e-01     0.1285      0.015    1474.55     58.123     4.0227  38.543755  0.000e+00
     24.568     6.5266    32.8006    25.7488 2.1978e-01     0.1285      0.015    1474.46     58.067     4.0210  38.543755  0.000e+00
     24.568     6.5102    32.7990    25.7496 2.1978e-01     0.1285      0.015    1474.39     58.067     4.0226  38.543756  0.000e+00
     24.612     6.5058    32.7991    25.7502 2.1978e-01     0.1285      0.015    1474.38     58.059     4.0225  38.543756  0.000e+00
     24.616     6.5066    32.8018    25.7522 2.1978e-01     0.1285      0.015    1474.38     58.060     4.0224  38.543757  0.000e+00
     24.641     6.5003    32.8057    25.7561 2.1978e-01     0.1285      0.015    1474.36     58.063     4.0230  38.543757  0.000e+00
     24.676     6.4703    32.8180    25.7697 2.1978e-01     0.1285      0.015    1474.26     58.068     4.0259  38.543758  0.000e+00
     24.685     6.4282    32.8241    25.7799 2.1978e-01     0.1273      0.015    1474.10     58.068     4.0297  38.543758  0.000e+00
     24.701     6.3946    32.8176    25.7790 2.1978e-01     0.1285      0.015    1473.96     58.068     4.0330  38.543759  0.000e+00
     24.748     6.3817    32.8037    25.7697 2.0757e-01     0.1285      0.015    1473.89     58.068     4.0346  38.543759  0.000e+00
     24.761     6.3890    32.7923    25.7597 2.0757e-01     0.1298      0.015    1473.91     58.005     4.0298  38.543760  0.000e+00
     24.772     6.4146    32.7811    25.7477 2.0757e-01     0.1285      0.015    1474.00     57.996     4.0271  38.543760  0.000e+00
     24.803     6.4368    32.7867    25.7493 2.0757e-01     0.1298      0.015    1474.09     57.988     4.0243  38.543761  0.000e+00
     24.832     6.4599    32.7934    25.7516 2.0757e-01     0.1285      0.015    1474.19     57.982     4.0216  38.543761  0.000e+00
     24.832     6.4755    32.8008    25.7554 2.0757e-01     0.1285      0.015    1474.26     57.978     4.0196  38.543762  0.000e+00
     24.868     6.4839    32.8066    25.7589 2.0757e-01     0.1298      0.015    1474.30     57.914     4.0142  38.543762  0.000e+00
     24.887     6.4880    32.8080    25.7595 2.0757e-01     0.1285      0.015    1474.32     57.968     4.0175  38.543763  0.000e+00
     24.917     6.4885    32.8093    25.7605 2.1978e-01     0.1285      0.015    1474.33     57.969     4.0175  38.543763  0.000e+00
     24.928     6.4832    32.8110    25.7625 2.0757e-01     0.1298      0.015    1474.31     57.971     4.0182  38.543764  0.000e+00
     24.952     6.4774    32.8110    25.7633 2.0757e-01     0.1285      0.015    1474.29     57.968     4.0184  38.543764  0.000e+00
     24.977     6.4743    32.8084    25.7616 2.0757e-01     0.1273      0.015    1474.27     57.902     4.0143  38.543764  0.000e+00
     25.007     6.4735    32.8052    25.7592 2.0757e-01     0.1285      0.015    1474.26     57.893     4.0138  38.543765  0.000e+00
     25.012     6.4720    32.8051    25.7593 2.1978e-01     0.1285      0.015    1474.26     57.884     4.0133  38.543765  0.000e+00
     25.048     6.4711    32.8068    25.7607 2.1978e-01     0.1285      0.015    1474.26     57.877     4.0129  38.543766  0.000e+00
     25.048     6.4726    32.8080    25.7615 2.0757e-01     0.1285      0.015    1474.26     57.871     4.0123  38.543766  0.000e+00
     25.079     6.4754    32.8095    25.7623 2.0757e-01     0.1285      0.015    1474.28     57.866     4.0116  38.543767  0.000e+00
     25.108     6.4784    32.8126    25.7644 2.0757e-01     0.1285      0.015    1474.29     57.862     4.0110  38.543767  0.000e+00
     25.119     6.4850    32.8122    25.7632 2.1978e-01     0.1285      0.015    1474.32     57.860     4.0102  38.543768  0.000e+00
     25.144     6.4926    32.8099    25.7604 2.0757e-01     0.1285      0.015    1474.35     57.858     4.0095  38.543768  0.000e+00
     25.174     6.4976    32.8085    25.7587 2.0757e-01     0.1285      0.015    1474.37     57.859     4.0091  38.543769  0.000e+00
     25.179     6.5012    32.8099    25.7593 2.0757e-01     0.1285      0.015    1474.38     57.798     4.0045  38.543769  0.000e+00
     25.204     6.5096    32.8114    25.7594 2.0757e-01     0.1285      0.015    1474.42     57.793     4.0033  38.543770  0.000e+00
     25.234     6.5185    32.8135    25.7599 2.0757e-01     0.1285      0.015    1474.45     57.790     4.0022  38.543770  0.000e+00
     25.239     6.5256    32.8163    25.7612 2.0757e-01     0.1298      0.015    1474.49     57.788     4.0014  38.543771  0.000e+00
     25.275     6.5323    32.8186    25.7622 2.0757e-01     0.1285      0.015    1474.52     57.788     4.0007  38.543771  0.000e+00
     25.288     6.5347    32.8211    25.7638 2.1978e-01     0.1285      0.015    1474.53     57.790     4.0005  38.543772  0.000e+00
     25.319     6.5351    32.8209    25.7636 2.0757e-01     0.1285      0.015    1474.53     57.794     4.0008  38.543772  0.000e+00
     25.335     6.5368    32.8207    25.7632 2.0757e-01     0.1285      0.015    1474.54     57.799     4.0010  38.543773  0.000e+00
     25.348     6.5399    32.8203    25.7625 2.0757e-01     0.1285      0.015    1474.55     57.797     4.0006  38.543773  0.000e+00
     25.359     6.5420    32.8205    25.7624 2.0757e-01     0.1298      0.015    1474.56     57.735     3.9961  38.543774  0.000e+00
     25.390     6.5395    32.8240    25.7655 2.0757e-01     0.1285      0.015    1474.55     57.738     3.9964  38.543774  0.000e+00
     25.408     6.5371    32.8251    25.7667 2.0757e-01     0.1298      0.015    1474.55     57.726     3.9958  38.543775  0.000e+00
     25.431     6.5364    32.8247    25.7665 2.0757e-01     0.1285      0.015    1474.54     57.723     3.9957  38.543775  0.000e+00
     25.450     6.5359    32.8243    25.7662 2.0757e-01     0.1285      0.015    1474.54     57.722     3.9956  38.543776  0.000e+00
     25.479     6.5353    32.8242    25.7662 2.0757e-01     0.1285      0.015    1474.54     57.722     3.9957  38.543776  0.000e+00
     25.479     6.5356    32.8243    25.7663 2.0757e-01     0.1285      0.015    1474.54     57.724     3.9958  38.543777  0.000e+00
     25.515     6.5374    32.8237    25.7656 2.0757e-01     0.1285      0.015    1474.55     57.728     3.9959  38.543777  0.000e+00
     25.534     6.5396    32.8227    25.7645 2.0757e-01     0.1285      0.015    1474.55     57.733     3.9961  38.543777  0.000e+00
     25.551     6.5415    32.8228    25.7643 2.1978e-01     0.1285      0.015    1474.56     57.678     3.9921  38.543778  0.000e+00
     25.575     6.5424    32.8245    25.7655 2.0757e-01     0.1285      0.015    1474.57     57.679     3.9920  38.543778  0.000e+00
     25.581     6.5436    32.8259    25.7665 2.0757e-01     0.1285      0.015    1474.57     57.674     3.9915  38.543779  0.000e+00
     25.624     6.5440    32.8279    25.7680 2.0757e-01     0.1285      0.015    1474.58     57.670     3.9912  38.543779  0.000e+00
     25.624     6.5436    32.8294    25.7692 2.0757e-01     0.1298      0.015    1474.58     57.669     3.9911  38.543780  0.000e+00
     25.654     6.5431    32.8298    25.7696 2.0757e-01     0.1285      0.015    1474.58     57.668     3.9911  38.543780  0.000e+00
     25.659     6.5448    32.8281    25.7681 2.0757e-01     0.1298      0.015    1474.58     57.670     3.9911  38.543781  0.000e+00
     25.695     6.5493    32.8249    25.7650 2.0757e-01     0.1285      0.015    1474.60     57.673     3.9910  38.543781  0.000e+00
     25.695     6.5561    32.8196    25.7599 2.0757e-01     0.1285      0.015    1474.62     57.677     3.9907  38.543782  0.000e+00
     25.761     6.5571    32.8184    25.7588 2.0757e-01     0.1285      0.015    1474.62     57.683     3.9911  38.543782  0.000e+00
     25.755     6.5523    32.8214    25.7618 2.0757e-01     0.1285      0.015    1474.61     57.691     3.9921  38.543783  0.000e+00
     25.779     6.5482    32.8249    25.7651 2.0757e-01     0.1285      0.015    1474.59     57.693     3.9925  38.543783  0.000e+00
     25.810     6.5463    32.8273    25.7672 2.0757e-01     0.1298      0.015    1474.59     57.634     3.9885  38.543784  0.000e+00
     25.815     6.5454    32.8286    25.7684 2.0757e-01     0.1285      0.015    1474.59     57.692     3.9926  38.543784  0.000e+00
     25.826     6.5453    32.8283    25.7682 2.0757e-01     0.1285      0.015    1474.59     57.636     3.9887  38.543785  0.000e+00
     25.870     6.5463    32.8272    25.7671 2.0757e-01     0.1285      0.015    1474.59     57.635     3.9886  38.543785  0.000e+00
     25.886     6.5469    32.8272    25.7671 2.1978e-01     0.1285      0.015    1474.59     57.628     3.9881  38.543786  0.000e+00
     25.899     6.5466    32.8278    25.7676 2.0757e-01     0.1285      0.015    1474.59     57.631     3.9882  38.543786  0.000e+00
     25.930     6.5463    32.8277    25.7675 2.0757e-01     0.1285      0.015    1474.59     57.635     3.9886  38.543787  0.000e+00
     25.959     6.5485    32.8272    25.7669 2.0757e-01     0.1285      0.015    1474.60     57.640     3.9887  38.543787  0.000e+00
     25.971     6.5532    32.8268    25.7660 2.0757e-01     0.1285      0.015    1474.62     57.647     3.9888  38.543788  0.000e+00
     26.001     6.5612    32.8267    25.7649 2.0757e-01     0.1285      0.015    1474.65     57.647     3.9881  38.543788  0.000e+00
     26.006     6.5698    32.8280    25.7648 2.0757e-01     0.1285      0.018    1474.69     57.587     3.9830  38.543789  0.000e+00
     26.042     6.5771    32.8290    25.7646 2.0757e-01     0.1285      0.015    1474.72     57.644     3.9863  38.543789  0.000e+00
     26.049     6.5833    32.8311    25.7655 2.0757e-01     0.1285      0.015    1474.75     57.587     3.9817  38.543790  0.000e+00
     26.091     6.5936    32.8312    25.7642 2.0757e-01     0.1298      0.015    1474.79     57.585     3.9806  38.543790  0.000e+00
     26.109     6.6050    32.8313    25.7628 2.0757e-01     0.1285      0.015    1474.83     57.585     3.9796  38.543791  0.000e+00
     26.126     6.6119    32.8360    25.7656 1.9536e-01     0.1285      0.015    1474.87     57.586     3.9789  38.543791  0.000e+00
     26.138     6.6175    32.8385    25.7668 1.9536e-01     0.1285      0.015    1474.89     57.589     3.9786  38.543791  0.000e+00
     26.169     6.6310    32.8314    25.7595 2.0757e-01     0.1285      0.015    1474.94     57.594     3.9778  38.543792  0.000e+00
     26.175     6.6404    32.8283    25.7558 1.9536e-01     0.1285      0.018    1474.97     57.600     3.9774  38.543792  0.000e+00
     26.222     6.6414    32.8303    25.7573 1.9536e-01     0.1298      0.015    1474.98     57.600     3.9773  38.543793  0.000e+00
     26.229     6.6437    32.8311    25.7576 1.9536e-01     0.1285      0.015    1474.99     57.540     3.9729  38.543793  0.000e+00
     26.258     6.6611    32.8230    25.7489 1.9536e-01     0.1285      0.015    1475.04     57.534     3.9712  38.543794  0.000e+00
     26.282     6.6650    32.8322    25.7557 1.9536e-01     0.1285      0.015    1475.07     57.594     3.9746  38.543794  0.000e+00
     26.302     6.6695    32.8371    25.7590 1.9536e-01     0.1298      0.018    1475.10     57.537     3.9702  38.543795  0.000e+00
     26.318     6.6910    32.8274    25.7485 1.9536e-01     0.1285      0.015    1475.17     57.536     3.9684  38.543795  0.000e+00
     26.337     6.7028    32.8278    25.7473 1.9536e-01     0.1285      0.015    1475.22     57.537     3.9674  38.543796  0.000e+00
     26.366     6.7296    32.8154    25.7340 1.8315e-01     0.1298      0.015    1475.31     57.539     3.9653  38.543796  0.000e+00
     26.391     6.7489    32.8169    25.7326 1.9536e-01     0.1285      0.015    1475.38     57.542     3.9638  38.543797  0.000e+00
     26.409     6.7507    32.8366    25.7480 1.8315e-01     0.1285      0.015    1475.41     57.541     3.9630  38.543797  0.000e+00
     26.426     6.7513    32.8501    25.7585 1.8315e-01     0.1285      0.015    1475.43     57.540     3.9626  38.543798  0.000e+00
     26.451     6.7555    32.8528    25.7601 1.9536e-01     0.1285      0.015    1475.45     57.541     3.9622  38.543798  0.000e+00
     26.480     6.7584    32.8545    25.7610 1.8315e-01     0.1298      0.015    1475.47     57.481     3.9578  38.543799  0.000e+00
     26.486     6.7556    32.8607    25.7663 1.9536e-01     0.1285      0.015    1475.47     57.540     3.9619  38.543799  0.000e+00
     26.529     6.7491    32.8661    25.7714 1.8315e-01     0.1285      0.015    1475.45     57.484     3.9585  38.543800  0.000e+00
     26.533     6.7448    32.8668    25.7725 1.8315e-01     0.1285      0.015    1475.43     57.483     3.9588  38.543800  0.000e+00
     26.558     6.7393    32.8664    25.7729 1.8315e-01     0.1285      0.015    1475.41     57.484     3.9594  38.543801  0.000e+00
     26.589     6.7346    32.8661    25.7733 1.8315e-01     0.1273      0.015    1475.39     57.487     3.9600  38.543801  0.000e+00
     26.606     6.7315    32.8672    25.7746 1.9536e-01     0.1285      0.015    1475.38     57.483     3.9600  38.543802  0.000e+00
     26.624     6.7306    32.8673    25.7748 1.8315e-01     0.1285      0.015    1475.38     57.481     3.9599  38.543802  0.000e+00
     26.653     6.7316    32.8671    25.7745 1.8315e-01     0.1285      0.015    1475.38     57.479     3.9597  38.543803  0.000e+00
     26.666     6.7310    32.8678    25.7751 1.8315e-01     0.1285      0.015    1475.38     57.417     3.9555  38.543803  0.000e+00
     26.709     6.7263    32.8704    25.7778 1.9536e-01     0.1285      0.015    1475.37     57.473     3.9597  38.543804  0.000e+00
     26.702     6.7221    32.8694    25.7775 1.8315e-01     0.1298      0.015    1475.35     57.476     3.9603  38.543804  0.000e+00
     26.744     6.7193    32.8668    25.7759 1.8315e-01     0.1285      0.015    1475.34     57.480     3.9609  38.543804  0.000e+00
     26.774     6.7156    32.8656    25.7754 1.8315e-01     0.1298      0.015    1475.32     57.424     3.9574  38.543805  0.000e+00
     26.791     6.7089    32.8669    25.7773 1.8315e-01     0.1285      0.015    1475.30     57.423     3.9580  38.543805  0.000e+00
     26.798     6.7033    32.8677    25.7786 1.9536e-01     0.1285      0.015    1475.27     57.425     3.9585  38.543806  0.000e+00
     26.834     6.7008    32.8665    25.7781 1.8315e-01     0.1285      0.015    1475.26     57.427     3.9590  38.543806  0.000e+00
     26.851     6.7014    32.8649    25.7767 1.8315e-01     0.1285      0.015    1475.26     57.431     3.9592  38.543807  0.000e+00
     26.869     6.7040    32.8643    25.7759 1.9536e-01     0.1285      0.015    1475.27     57.428     3.9588  38.543807  0.000e+00
     26.900     6.7082    32.8636    25.7748 1.8315e-01     0.1285      0.015    1475.29     57.435     3.9589  38.543808  0.000e+00
     26.929     6.7166    32.8620    25.7724 1.8315e-01     0.1285      0.015    1475.32     57.435     3.9582  38.543808  0.000e+00
     26.924     6.7236    32.8648    25.7738 1.8315e-01     0.1285      0.015    1475.35     57.436     3.9576  38.543809  0.000e+00
