RAWDATA/IO2019/20190207/Dm1_20190207_down.cnv
* Sea-Bird SBE 9 Data File:
* FileName = C:\CTD Brukere\NIVA\IO2019\20190207\Dm1_20190207.hex
* Software Version Seasave V 7.23.2
* Temperature SN = 5352
* Conductivity SN = 3840
* Number of Bytes Per Scan = 28
* Number of Voltage Words = 4
* Number of Scans Averaged by the Deck Unit = 1
* NMEA baud rate = 4800
** Ship: R/V Trygve Braarud
** Cruise:
** Station:
** Operator:
# nquan = 12
# nvalues = 3892                                  
# units = specified
# name 0 = depSM: Depth [salt water, m], lat = 59.60
# name 1 = t090C: Temperature [ITS-90, deg C]
# name 2 = sal00: Salinity, Practical [PSU]
# name 3 = sigma-t00: Density [sigma-t, kg/m^3 ]
# name 4 = flSP: Fluorescence, Seapoint
# name 5 = wetStar: Fluorescence, WET Labs WETstar [mg/m^3]
# name 6 = seaTurbMtr: Turbidity, Seapoint [FTU]
# name 7 = svCM: Sound Velocity [Chen-Millero, m/s]
# name 8 = sbeox0PS: Oxygen, SBE 43 [% saturation]
# name 9 = sbeox0ML/L: Oxygen, SBE 43 [ml/l]
# name 10 = timeJ: Julian Days
# name 11 = flag:  0.000e+00
# span 0 =      0.035,     80.991                 
# span 1 =     5.1997,     8.6017                 
# span 2 =    31.9578,    33.8231                 
# span 3 =    25.2414,    26.2829                 
# span 4 = 1.4652e-01, 4.3956e-01                 
# span 5 =     0.1249,     0.1310                 
# span 6 =      0.004,      0.018                 
# span 7 =    1467.70,    1484.03                 
# span 8 =     56.743,     80.033                 
# span 9 =     3.7601,     5.7414                 
# span 10 =  38.543113,  38.544990                
# span 11 = 0.0000e+00, 0.0000e+00                
# interval = seconds: 0.0416667
# start_time = Feb 07 2019 13:02:05 [System UpLoad Time]
# bad_flag = -9.990e-29
*END*
      0.060     5.2046    31.9682    25.2498 3.6630e-01     0.1261      0.007    1467.71     79.082     5.6805  38.543113  0.000e+00
      0.060     5.2045    31.9700    25.2513 3.6630e-01     0.1261      0.007    1467.71     79.082     5.6805  38.543114  0.000e+00
      0.047     5.2047    31.9615    25.2445 3.6630e-01     0.1261      0.007    1467.70     79.082     5.6807  38.543114  0.000e+00
      0.048     5.2048    31.9592    25.2426 3.7851e-01     0.1261      0.007    1467.70     79.082     5.6808  38.543115  0.000e+00
      0.035     5.2049    31.9678    25.2495 3.6630e-01     0.1261      0.004    1467.71     79.082     5.6805  38.543115  0.000e+00
      0.060     5.2049    31.9705    25.2516 3.6630e-01     0.1273      0.007    1467.71     79.082     5.6804  38.543116  0.000e+00
      0.047     5.2051    31.9633    25.2459 3.6630e-01     0.1261      0.007    1467.70     79.082     5.6806  38.543116  0.000e+00
      0.048     5.2056    31.9627    25.2454 3.5409e-01     0.1261      0.007    1467.70     79.144     5.6851  38.543117  0.000e+00
      0.048     5.2055    31.9748    25.2549 3.6630e-01     0.1261      0.007    1467.72     79.090     5.6807  38.543117  0.000e+00
      0.048     5.2059    31.9756    25.2555 3.6630e-01     0.1261      0.007    1467.72     79.089     5.6806  38.543118  0.000e+00
      0.058     5.2061    31.9607    25.2437 3.6630e-01     0.1261      0.007    1467.70     79.089     5.6811  38.543118  0.000e+00
      0.048     5.2067    31.9578    25.2414 3.6630e-01     0.1261      0.007    1467.70     79.089     5.6811  38.543119  0.000e+00
      0.060     5.2070    31.9768    25.2563 3.6630e-01     0.1261      0.007    1467.73     79.088     5.6803  38.543119  0.000e+00
      0.060     5.2071    31.9816    25.2602 3.6630e-01     0.1273      0.007    1467.73     79.088     5.6801  38.543120  0.000e+00
      0.058     5.2070    31.9741    25.2542 3.6630e-01     0.1273      0.007    1467.72     79.088     5.6804  38.543120  0.000e+00
      0.060     5.2067    31.9802    25.2591 3.7851e-01     0.1261      0.007    1467.73     79.087     5.6801  38.543121  0.000e+00
      0.071     5.2067    31.9960    25.2716 3.6630e-01     0.1261      0.007    1467.75     79.087     5.6795  38.543121  0.000e+00
      0.069     5.2061    32.0046    25.2784 3.6630e-01     0.1261      0.007    1467.76     79.087     5.6793  38.543122  0.000e+00
      0.084     5.2059    32.0099    25.2827 3.6630e-01     0.1261      0.007    1467.77     79.087     5.6791  38.543122  0.000e+00
      0.071     5.2053    32.0180    25.2891 3.7851e-01     0.1261      0.007    1467.77     79.149     5.6833  38.543123  0.000e+00
      0.084     5.2057    32.0268    25.2961 3.7851e-01     0.1261      0.007    1467.79     79.094     5.6790  38.543123  0.000e+00
      0.082     5.2065    32.0389    25.3056 3.6630e-01     0.1261      0.007    1467.80     79.093     5.6783  38.543124  0.000e+00
      0.095     5.2074    32.0479    25.3126 3.6630e-01     0.1261      0.007    1467.82     79.155     5.6823  38.543124  0.000e+00
      0.095     5.2082    32.0493    25.3136 3.6630e-01     0.1261      0.007    1467.83     79.099     5.6782  38.543125  0.000e+00
      0.095     5.2090    32.0554    25.3184 3.6630e-01     0.1261      0.007    1467.84     79.161     5.6823  38.543125  0.000e+00
      0.094     5.2098    32.0639    25.3250 3.6630e-01     0.1261      0.007    1467.85     79.105     5.6778  38.543125  0.000e+00
      0.095     5.2105    32.0714    25.3309 3.6630e-01     0.1261      0.007    1467.86     79.103     5.6773  38.543126  0.000e+00
      0.106     5.2109    32.0780    25.3360 3.5409e-01     0.1261      0.007    1467.87     79.102     5.6769  38.543126  0.000e+00
      0.106     5.2113    32.0857    25.3420 3.5409e-01     0.1261      0.007    1467.88     79.101     5.6765  38.543127  0.000e+00
      0.094     5.2120    32.0894    25.3449 3.5409e-01     0.1261      0.007    1467.89     79.099     5.6761  38.543127  0.000e+00
      0.106     5.2122    32.0935    25.3481 3.5409e-01     0.1249      0.007    1467.90     79.098     5.6759  38.543128  0.000e+00
      0.095     5.2125    32.0965    25.3505 3.5409e-01     0.1261      0.007    1467.90     79.096     5.6756  38.543128  0.000e+00
      0.106     5.2128    32.1013    25.3543 3.5409e-01     0.1261      0.007    1467.91     79.157     5.6798  38.543129  0.000e+00
      0.106     5.2126    32.1035    25.3561 3.5409e-01     0.1261      0.007    1467.91     79.101     5.6757  38.543129  0.000e+00
      0.095     5.2125    32.0981    25.3518 3.5409e-01     0.1261      0.007    1467.90     79.162     5.6803  38.543130  0.000e+00
      0.106     5.2122    32.0899    25.3453 3.5409e-01     0.1261      0.007    1467.89     79.106     5.6766  38.543130  0.000e+00
      0.095     5.2118    32.0932    25.3480 3.5409e-01     0.1261      0.007    1467.90     79.104     5.6764  38.543131  0.000e+00
      0.106     5.2114    32.1025    25.3554 3.5409e-01     0.1261      0.007    1467.91     79.102     5.6759  38.543131  0.000e+00
      0.106     5.2111    32.0949    25.3494 3.4188e-01     0.1273      0.007    1467.90     79.100     5.6761  38.543132  0.000e+00
      0.095     5.2107    32.0818    25.3390 3.4188e-01     0.1261      0.007    1467.88     79.098     5.6765  38.543132  0.000e+00
      0.119     5.2096    32.0926    25.3477 3.5409e-01     0.1261      0.007    1467.89     79.096     5.6761  38.543133  0.000e+00
      0.118     5.2081    32.0977    25.3519 3.4188e-01     0.1261      0.007    1467.89     79.094     5.6760  38.543133  0.000e+00
      0.119     5.2067    32.0926    25.3480 3.4188e-01     0.1261      0.011    1467.87     79.093     5.6763  38.543134  0.000e+00
      0.131     5.2057    32.0964    25.3512 3.5409e-01     0.1261      0.007    1467.88     79.091     5.6761  38.543134  0.000e+00
      0.129     5.2047    32.1052    25.3583 3.4188e-01     0.1261      0.007    1467.88     79.089     5.6758  38.543135  0.000e+00
      0.155     5.2049    32.1217    25.3713 3.5409e-01     0.1261      0.007    1467.90     79.087     5.6750  38.543135  0.000e+00
      0.144     5.2052    32.1304    25.3781 3.5409e-01     0.1273      0.007    1467.92     79.085     5.6745  38.543136  0.000e+00
      0.166     5.2047    32.1424    25.3877 3.6630e-01     0.1261      0.007    1467.93     79.083     5.6740  38.543136  0.000e+00
      0.178     5.2049    32.1579    25.4000 3.6630e-01     0.1261      0.007    1467.95     79.081     5.6732  38.543137  0.000e+00
      0.179     5.2048    32.1724    25.4115 3.7851e-01     0.1273      0.011    1467.97     79.017     5.6681  38.543137  0.000e+00
      0.179     5.2047    32.1810    25.4182 3.9072e-01     0.1261      0.007    1467.98     79.069     5.6715  38.543138  0.000e+00
      0.191     5.2047    32.1874    25.4233 3.9072e-01     0.1261      0.007    1467.99     79.068     5.6712  38.543138  0.000e+00
      0.189     5.2046    32.1962    25.4303 3.9072e-01     0.1273      0.007    1468.00     79.066     5.6707  38.543139  0.000e+00
      0.202     5.2045    32.2033    25.4360 3.7851e-01     0.1261      0.011    1468.01     79.065     5.6704  38.543139  0.000e+00
      0.202     5.2046    32.2088    25.4403 3.6630e-01     0.1261      0.007    1468.01     79.063     5.6700  38.543139  0.000e+00
      0.202     5.2047    32.2157    25.4458 3.6630e-01     0.1261      0.007    1468.02     79.061     5.6696  38.543140  0.000e+00
      0.213     5.2045    32.2183    25.4478 3.6630e-01     0.1261      0.007    1468.03     79.068     5.6700  38.543140  0.000e+00
      0.226     5.2043    32.2164    25.4464 3.6630e-01     0.1261      0.007    1468.02     79.005     5.6656  38.543141  0.000e+00
      0.215     5.2042    32.2172    25.4470 3.6630e-01     0.1261      0.007    1468.02     78.995     5.6649  38.543141  0.000e+00
      0.226     5.2038    32.2218    25.4507 3.5409e-01     0.1249      0.007    1468.03     79.049     5.6686  38.543142  0.000e+00
      0.189     5.2029    32.2284    25.4560 3.5409e-01     0.1261      0.007    1468.03     78.986     5.6640  38.543142  0.000e+00
      0.239     5.2025    32.2275    25.4553 3.5409e-01     0.1261      0.007    1468.03     78.978     5.6635  38.543143  0.000e+00
      0.226     5.2016    32.2252    25.4536 3.4188e-01     0.1261      0.007    1468.02     78.970     5.6631  38.543143  0.000e+00
      0.215     5.2011    32.2263    25.4545 3.4188e-01     0.1261      0.007    1468.02     78.962     5.6626  38.543144  0.000e+00
      0.215     5.2005    32.2267    25.4549 3.5409e-01     0.1261      0.007    1468.02     78.954     5.6621  38.543144  0.000e+00
      0.213     5.1999    32.2272    25.4554 3.6630e-01     0.1261      0.007    1468.02     78.947     5.6617  38.543145  0.000e+00
      0.191     5.1999    32.2276    25.4557 3.6630e-01     0.1261      0.007    1468.02     78.878     5.6567  38.543145  0.000e+00
      0.202     5.1997    32.2293    25.4570 3.6630e-01     0.1261      0.007    1468.02     78.926     5.6601  38.543146  0.000e+00
      0.191     5.2008    32.2256    25.4540 3.6630e-01     0.1261      0.007    1468.02     78.929     5.6603  38.543146  0.000e+00
      0.189     5.2015    32.2178    25.4477 3.6630e-01     0.1261      0.007    1468.01     78.924     5.6601  38.543147  0.000e+00
      0.179     5.2024    32.2116    25.4428 3.5409e-01     0.1261      0.007    1468.01     78.856     5.6554  38.543147  0.000e+00
      0.179     5.2037    32.2116    25.4426 3.6630e-01     0.1261      0.007    1468.01     78.915     5.6594  38.543148  0.000e+00
      0.179     5.2047    32.2058    25.4379 3.9072e-01     0.1261      0.007    1468.01     78.911     5.6592  38.543148  0.000e+00
      0.165     5.2061    32.1864    25.4224 3.6630e-01     0.1261      0.007    1467.99     78.854     5.6557  38.543149  0.000e+00
      0.166     5.2071    32.1630    25.4038 3.6630e-01     0.1261      0.007    1467.97     78.843     5.6557  38.543149  0.000e+00
      0.155     5.2075    32.1513    25.3944 3.5409e-01     0.1249      0.007    1467.95     78.896     5.6598  38.543150  0.000e+00
      0.166     5.2082    32.1360    25.3822 3.6630e-01     0.1261      0.007    1467.94     78.895     5.6603  38.543150  0.000e+00
      0.153     5.2087    32.0980    25.3521 3.9072e-01     0.1261      0.007    1467.89     78.894     5.6616  38.543151  0.000e+00
      0.155     5.2094    32.0600    25.3219 3.9072e-01     0.1261      0.007    1467.84     78.831     5.6584  38.543151  0.000e+00
      0.155     5.2096    32.0475    25.3120 3.9072e-01     0.1261      0.007    1467.83     78.824     5.6583  38.543152  0.000e+00
      0.153     5.2094    32.0419    25.3076 3.9072e-01     0.1261      0.007    1467.82     78.816     5.6580  38.543152  0.000e+00
      0.155     5.2092    32.0216    25.2915 3.9072e-01     0.1261      0.007    1467.79     78.819     5.6590  38.543152  0.000e+00
      0.155     5.2086    32.0096    25.2822 4.0293e-01     0.1261      0.007    1467.78     78.813     5.6591  38.543153  0.000e+00
      0.155     5.2078    32.0311    25.2993 4.2735e-01     0.1261      0.007    1467.80     78.817     5.6587  38.543153  0.000e+00
      0.142     5.2076    32.0554    25.3185 4.3956e-01     0.1273      0.007    1467.83     78.876     5.6620  38.543154  0.000e+00
      0.155     5.2076    32.0514    25.3153 4.2735e-01     0.1261      0.007    1467.83     78.818     5.6580  38.543154  0.000e+00
      0.155     5.2074    32.0786    25.3369 4.0293e-01     0.1261      0.007    1467.86     78.815     5.6568  38.543155  0.000e+00
      0.155     5.2075    32.1170    25.3673 4.0293e-01     0.1261      0.007    1467.91     78.813     5.6552  38.543155  0.000e+00
      0.153     5.2076    32.1200    25.3697 4.0293e-01     0.1261      0.007    1467.91     78.812     5.6550  38.543156  0.000e+00
      0.144     5.2069    32.1140    25.3649 3.9072e-01     0.1273      0.007    1467.90     78.811     5.6553  38.543156  0.000e+00
      0.155     5.2065    32.1185    25.3686 3.9072e-01     0.1261      0.007    1467.91     78.811     5.6551  38.543157  0.000e+00
      0.155     5.2058    32.1236    25.3727 3.7851e-01     0.1273      0.007    1467.91     78.812     5.6551  38.543157  0.000e+00
      0.153     5.2054    32.1287    25.3768 3.6630e-01     0.1261      0.007    1467.92     78.876     5.6595  38.543158  0.000e+00
      0.155     5.2045    32.1357    25.3824 3.6630e-01     0.1261      0.007    1467.92     78.886     5.6601  38.543158  0.000e+00
      0.155     5.2036    32.1454    25.3902 3.5409e-01     0.1261      0.007    1467.93     78.896     5.6606  38.543159  0.000e+00
      0.155     5.2027    32.1617    25.4032 3.4188e-01     0.1261      0.007    1467.95     78.907     5.6609  38.543159  0.000e+00
      0.153     5.2018    32.1751    25.4139 3.4188e-01     0.1261      0.007    1467.96     78.918     5.6613  38.543160  0.000e+00
      0.144     5.2013    32.1804    25.4182 3.4188e-01     0.1261      0.007    1467.96     78.929     5.6619  38.543160  0.000e+00
      0.166     5.2010    32.1874    25.4238 3.5409e-01     0.1261      0.007    1467.97     78.933     5.6620  38.543161  0.000e+00
      0.155     5.2013    32.1930    25.4281 3.7851e-01     0.1261      0.007    1467.98     78.944     5.6625  38.543161  0.000e+00
      0.142     5.2015    32.1994    25.4332 4.1514e-01     0.1261      0.007    1467.99     78.893     5.6586  38.543162  0.000e+00
      0.166     5.2024    32.2006    25.4340 4.2735e-01     0.1261      0.007    1467.99     78.960     5.6633  38.543162  0.000e+00
      0.155     5.2035    32.2001    25.4335 4.1514e-01     0.1261      0.007    1468.00     78.973     5.6640  38.543163  0.000e+00
      0.155     5.2046    32.1990    25.4325 4.3956e-01     0.1261      0.007    1468.00     78.986     5.6649  38.543163  0.000e+00
      0.153     5.2059    32.1955    25.4296 4.3956e-01     0.1273      0.007    1468.00     78.937     5.6613  38.543164  0.000e+00
      0.155     5.2073    32.1892    25.4245 4.0293e-01     0.1261      0.007    1468.00     79.005     5.6662  38.543164  0.000e+00
      0.155     5.2085    32.1841    25.4203 3.9072e-01     0.1261      0.007    1468.00     79.011     5.6667  38.543165  0.000e+00
      0.166     5.2097    32.1828    25.4191 3.7851e-01     0.1261      0.007    1468.00     79.017     5.6670  38.543165  0.000e+00
      0.153     5.2106    32.1748    25.4127 3.9072e-01     0.1261      0.007    1468.00     79.031     5.6682  38.543166  0.000e+00
      0.155     5.2110    32.1573    25.3988 4.0293e-01     0.1261      0.007    1467.97     79.038     5.6693  38.543166  0.000e+00
      0.166     5.2114    32.1444    25.3886 3.9072e-01     0.1261      0.007    1467.96     79.044     5.6702  38.543166  0.000e+00
      0.166     5.2119    32.1465    25.3902 3.9072e-01     0.1261      0.007    1467.96     79.051     5.6705  38.543167  0.000e+00
      0.153     5.2118    32.1482    25.3915 3.9072e-01     0.1261      0.007    1467.97     79.057     5.6709  38.543167  0.000e+00
      0.166     5.2120    32.1418    25.3864 3.9072e-01     0.1261      0.007    1467.96     79.063     5.6716  38.543168  0.000e+00
      0.166     5.2116    32.1437    25.3880 3.9072e-01     0.1261      0.007    1467.96     79.132     5.6765  38.543168  0.000e+00
      0.179     5.2117    32.1504    25.3933 3.6630e-01     0.1261      0.007    1467.97     79.076     5.6722  38.543169  0.000e+00
      0.153     5.2113    32.1476    25.3911 3.6630e-01     0.1261      0.007    1467.96     79.081     5.6727  38.543169  0.000e+00
      0.179     5.2110    32.1389    25.3842 3.7851e-01     0.1261      0.007    1467.95     79.150     5.6780  38.543170  0.000e+00
      0.166     5.2107    32.1387    25.3841 3.7851e-01     0.1261      0.007    1467.95     79.163     5.6791  38.543170  0.000e+00
      0.166     5.2099    32.1393    25.3847 3.9072e-01     0.1261      0.007    1467.95     79.168     5.6795  38.543171  0.000e+00
