RAWDATA/IO2019/20190207/Ej1_20190207.cnv
* Sea-Bird SBE 9 Data File:
* FileName = C:\CTD Brukere\NIVA\IO2019\20190207\Ej1_20190207.hex
* Software Version Seasave V 7.23.2
* Temperature SN = 5352
* Conductivity SN = 3840
* Number of Bytes Per Scan = 28
* Number of Voltage Words = 4
* Number of Scans Averaged by the Deck Unit = 1
* NMEA baud rate = 4800
** Ship: R/V Trygve Braarud
** Cruise:
** Station:
** Operator:
# nquan = 12
# nvalues = 8775                                  
# units = specified
# name 0 = depSM: Depth [salt water, m], lat = 59.60
# name 1 = t090C: Temperature [ITS-90, deg C]
# name 2 = sal00: Salinity, Practical [PSU]
# name 3 = sigma-t00: Density [sigma-t, kg/m^3 ]
# name 4 = flSP: Fluorescence, Seapoint
# name 5 = wetStar: Fluorescence, WET Labs WETstar [mg/m^3]
# name 6 = seaTurbMtr: Turbidity, Seapoint [FTU]
# name 7 = svCM: Sound Velocity [Chen-Millero, m/s]
# name 8 = sbeox0PS: Oxygen, SBE 43 [% saturation]
# name 9 = sbeox0ML/L: Oxygen, SBE 43 [ml/l]
# name 10 = timeJ: Julian Days
# name 11 = flag:  0.000e+00
# span 0 =      0.429,     98.238                 
# span 1 =     5.5372,     8.4827                 
# span 2 =    32.1178,    33.9377                 
# span 3 =    25.3254,    26.3882                 
# span 4 = 1.4652e-01, 5.0061e-01                 
# span 5 =     0.1249,     0.1310                 
# span 6 =      0.000,      0.018                 
# span 7 =    1469.43,    1484.05                 
# span 8 =     54.431,     79.206                 
# span 9 =     3.8075,     5.6260                 
# span 10 =  38.580949,  38.585180                
# span 11 = 0.0000e+00, 0.0000e+00                
# interval = seconds: 0.0416667
# start_time = Feb 07 2019 13:56:34 [System UpLoad Time]
# bad_flag = -9.990e-29
*END*
[from data line 482]
      0.548     5.5809    32.1480    25.3493 3.4188e-01     0.1273      0.011    1469.47     56.730     4.0339  38.581182  0.000e+00
      0.561     5.5801    32.1462    25.3480 3.4188e-01     0.1273      0.015    1469.46     56.787     4.0380  38.581182  0.000e+00
      0.560     5.5796    32.1584    25.3576 3.5409e-01     0.1273      0.011    1469.48     56.792     4.0381  38.581182  0.000e+00
      0.537     5.5793    32.1846    25.3784 3.4188e-01     0.1273      0.011    1469.51     56.802     4.0381  38.581183  0.000e+00
      0.537     5.5788    32.1833    25.3775 3.4188e-01     0.1273      0.011    1469.51     56.806     4.0385  38.581183  0.000e+00
      0.537     5.5787    32.2017    25.3920 3.4188e-01     0.1273      0.011    1469.53     56.814     4.0386  38.581184  0.000e+00
      0.535     5.5792    32.2126    25.4006 3.4188e-01     0.1273      0.011    1469.54     56.825     4.0391  38.581184  0.000e+00
      0.537     5.5796    32.1995    25.3902 3.4188e-01     0.1273      0.011    1469.53     56.778     4.0360  38.581185  0.000e+00
      0.526     5.5800    32.2070    25.3960 3.2967e-01     0.1261      0.007    1469.54     56.780     4.0359  38.581185  0.000e+00
      0.537     5.5801    32.2005    25.3909 3.4188e-01     0.1273      0.011    1469.53     56.785     4.0364  38.581186  0.000e+00
      0.513     5.5806    32.1760    25.3715 3.4188e-01     0.1273      0.011    1469.50     56.731     4.0332  38.581186  0.000e+00
      0.535     5.5806    32.1735    25.3695 3.5409e-01     0.1261      0.007    1469.50     56.727     4.0330  38.581187  0.000e+00
      0.526     5.5809    32.1644    25.3622 3.6630e-01     0.1273      0.011    1469.49     56.735     4.0338  38.581187  0.000e+00
      0.537     5.5806    32.1542    25.3542 3.6630e-01     0.1273      0.011    1469.48     56.738     4.0343  38.581188  0.000e+00
      0.526     5.5805    32.1639    25.3619 3.7851e-01     0.1273      0.011    1469.49     56.744     4.0345  38.581188  0.000e+00
      0.526     5.5801    32.1598    25.3587 3.7851e-01     0.1285      0.011    1469.48     56.754     4.0353  38.581189  0.000e+00
      0.535     5.5798    32.1649    25.3628 3.7851e-01     0.1273      0.007    1469.49     56.759     4.0356  38.581189  0.000e+00
      0.537     5.5798    32.1812    25.3756 3.6630e-01     0.1273      0.011    1469.51     56.766     4.0357  38.581190  0.000e+00
      0.526     5.5795    32.1711    25.3677 3.5409e-01     0.1285      0.011    1469.49     56.715     4.0323  38.581190  0.000e+00
      0.537     5.5805    32.1780    25.3730 3.6630e-01     0.1273      0.007    1469.51     56.721     4.0324  38.581191  0.000e+00
      0.535     5.5806    32.1813    25.3757 3.6630e-01     0.1273      0.015    1469.51     56.722     4.0324  38.581191  0.000e+00
      0.548     5.5812    32.1590    25.3579 3.5409e-01     0.1273      0.011    1469.48     56.726     4.0332  38.581192  0.000e+00
      0.537     5.5814    32.1621    25.3604 3.5409e-01     0.1273      0.007    1469.49     56.670     4.0292  38.581192  0.000e+00
      0.548     5.5819    32.1661    25.3635 3.4188e-01     0.1273      0.015    1469.50     56.673     4.0292  38.581193  0.000e+00
      0.548     5.5817    32.1619    25.3602 3.4188e-01     0.1273      0.011    1469.49     56.678     4.0297  38.581193  0.000e+00
      0.560     5.5814    32.1809    25.3752 3.2967e-01     0.1273      0.011    1469.51     56.687     4.0299  38.581194  0.000e+00
      0.548     5.5815    32.1835    25.3773 3.2967e-01     0.1273      0.015    1469.52     56.691     4.0301  38.581194  0.000e+00
      0.548     5.5812    32.1822    25.3763 3.4188e-01     0.1273      0.011    1469.51     56.636     4.0262  38.581195  0.000e+00
      0.573     5.5820    32.1930    25.3847 3.4188e-01     0.1273      0.011    1469.53     56.639     4.0261  38.581195  0.000e+00
      0.573     5.5828    32.1899    25.3822 3.5409e-01     0.1273      0.015    1469.53     56.636     4.0259  38.581196  0.000e+00
      0.584     5.5835    32.2023    25.3919 3.4188e-01     0.1273      0.011    1469.55     56.636     4.0255  38.581196  0.000e+00
      0.573     5.5836    32.2196    25.4056 3.4188e-01     0.1273      0.011    1469.57     56.577     4.0208  38.581196  0.000e+00
      0.597     5.5841    32.2136    25.4008 3.4188e-01     0.1273      0.011    1469.57     56.576     4.0209  38.581197  0.000e+00
      0.584     5.5839    32.2308    25.4144 3.2967e-01     0.1273      0.011    1469.59     56.578     4.0205  38.581197  0.000e+00
      0.595     5.5839    32.2414    25.4228 3.2967e-01     0.1285      0.015    1469.60     56.513     4.0156  38.581198  0.000e+00
      0.621     5.5841    32.2371    25.4194 3.4188e-01     0.1273      0.011    1469.60     56.567     4.0196  38.581198  0.000e+00
      0.608     5.5837    32.2580    25.4360 3.4188e-01     0.1273      0.007    1469.62     56.508     4.0149  38.581199  0.000e+00
      0.621     5.5838    32.2609    25.4382 3.4188e-01     0.1273      0.015    1469.63     56.507     4.0147  38.581199  0.000e+00
      0.632     5.5839    32.2587    25.4365 3.4188e-01     0.1273      0.011    1469.62     56.501     4.0143  38.581200  0.000e+00
      0.631     5.5844    32.2712    25.4463 3.4188e-01     0.1273      0.007    1469.64     56.444     4.0099  38.581200  0.000e+00
      0.632     5.5842    32.2559    25.4342 3.4188e-01     0.1285      0.011    1469.62     56.444     4.0103  38.581201  0.000e+00
      0.657     5.5845    32.2469    25.4270 3.4188e-01     0.1273      0.011    1469.61     56.440     4.0103  38.581201  0.000e+00
      0.644     5.5844    32.2564    25.4346 3.2967e-01     0.1273      0.011    1469.62     56.440     4.0100  38.581202  0.000e+00
      0.657     5.5846    32.2406    25.4220 3.2967e-01     0.1273      0.011    1469.60     56.380     4.0062  38.581202  0.000e+00
      0.655     5.5846    32.2476    25.4276 3.4188e-01     0.1273      0.007    1469.61     56.370     4.0053  38.581203  0.000e+00
      0.668     5.5848    32.2610    25.4382 3.2967e-01     0.1273      0.011    1469.63     56.363     4.0044  38.581203  0.000e+00
      0.657     5.5847    32.2588    25.4365 3.4188e-01     0.1273      0.011    1469.63     56.360     4.0042  38.581204  0.000e+00
      0.668     5.5847    32.2755    25.4496 3.4188e-01     0.1273      0.011    1469.65     56.360     4.0038  38.581204  0.000e+00
      0.668     5.5847    32.2763    25.4503 3.5409e-01     0.1273      0.011    1469.65     56.293     3.9990  38.581205  0.000e+00
      0.666     5.5848    32.2709    25.4460 3.6630e-01     0.1273      0.011    1469.64     56.275     3.9979  38.581205  0.000e+00
      0.668     5.5849    32.2836    25.4561 3.6630e-01     0.1261      0.011    1469.66     56.268     3.9970  38.581206  0.000e+00
      0.668     5.5850    32.2775    25.4512 3.7851e-01     0.1273      0.011    1469.65     56.265     3.9970  38.581206  0.000e+00
      0.679     5.5851    32.2864    25.4582 3.7851e-01     0.1273      0.011    1469.66     56.265     3.9967  38.581207  0.000e+00
      0.668     5.5850    32.2986    25.4678 3.7851e-01     0.1273      0.015    1469.68     56.206     3.9922  38.581207  0.000e+00
      0.666     5.5853    32.2857    25.4576 3.7851e-01     0.1273      0.011    1469.66     56.205     3.9924  38.581208  0.000e+00
      0.679     5.5853    32.2938    25.4640 3.6630e-01     0.1273      0.011    1469.67     56.208     3.9924  38.581208  0.000e+00
      0.668     5.5852    32.2965    25.4662 3.6630e-01     0.1273      0.011    1469.68     56.143     3.9878  38.581209  0.000e+00
      0.668     5.5855    32.2860    25.4578 3.4188e-01     0.1273      0.011    1469.66     56.137     3.9876  38.581209  0.000e+00
      0.679     5.5853    32.2941    25.4643 3.4188e-01     0.1273      0.011    1469.67     56.134     3.9872  38.581209  0.000e+00
      0.666     5.5855    32.2852    25.4573 3.2967e-01     0.1285      0.015    1469.66     56.127     3.9869  38.581210  0.000e+00
      0.668     5.5859    32.2785    25.4519 3.2967e-01     0.1273      0.011    1469.66     56.061     3.9823  38.581210  0.000e+00
      0.668     5.5858    32.2890    25.4602 3.2967e-01     0.1273      0.011    1469.67     56.052     3.9815  38.581211  0.000e+00
      0.668     5.5856    32.2787    25.4520 3.2967e-01     0.1285      0.011    1469.66     56.048     3.9814  38.581211  0.000e+00
      0.668     5.5858    32.2858    25.4577 3.2967e-01     0.1273      0.007    1469.67     56.047     3.9812  38.581212  0.000e+00
      0.644     5.5859    32.2902    25.4611 3.1746e-01     0.1285      0.011    1469.67     56.049     3.9812  38.581212  0.000e+00
      0.657     5.5860    32.2729    25.4474 3.1746e-01     0.1273      0.011    1469.65     55.993     3.9777  38.581213  0.000e+00
      0.657     5.5858    32.2767    25.4505 3.1746e-01     0.1261      0.007    1469.65     55.996     3.9778  38.581213  0.000e+00
      0.644     5.5858    32.2650    25.4412 3.1746e-01     0.1273      0.011    1469.64     55.993     3.9779  38.581214  0.000e+00
      0.632     5.5857    32.2423    25.4233 3.1746e-01     0.1273      0.011    1469.61     55.995     3.9787  38.581214  0.000e+00
      0.631     5.5856    32.2382    25.4200 3.1746e-01     0.1273      0.007    1469.60     55.938     3.9747  38.581215  0.000e+00
      0.621     5.5853    32.2224    25.4076 3.1746e-01     0.1273      0.015    1469.58     55.939     3.9753  38.581215  0.000e+00
      0.608     5.5852    32.2085    25.3966 3.1746e-01     0.1273      0.011    1469.56     55.936     3.9754  38.581216  0.000e+00
      0.597     5.5849    32.2160    25.4026 3.1746e-01     0.1273      0.011    1469.57     55.875     3.9709  38.581216  0.000e+00
      0.597     5.5842    32.2141    25.4012 3.1746e-01     0.1273      0.015    1469.57     55.934     3.9752  38.581217  0.000e+00
      0.595     5.5836    32.2225    25.4078 3.1746e-01     0.1273      0.011    1469.58     55.880     3.9712  38.581217  0.000e+00
      0.573     5.5833    32.2408    25.4224 3.2967e-01     0.1273      0.015    1469.60     55.884     3.9710  38.581218  0.000e+00
      0.561     5.5828    32.2414    25.4229 3.4188e-01     0.1273      0.011    1469.60     55.884     3.9710  38.581218  0.000e+00
      0.561     5.5828    32.2575    25.4356 3.2967e-01     0.1273      0.011    1469.62     55.887     3.9709  38.581219  0.000e+00
      0.524     5.5833    32.2674    25.4434 3.2967e-01     0.1273      0.011    1469.63     55.832     3.9666  38.581219  0.000e+00
      0.573     5.5836    32.2538    25.4326 3.4188e-01     0.1273      0.011    1469.61     55.836     3.9672  38.581220  0.000e+00
      0.548     5.5841    32.2592    25.4368 3.4188e-01     0.1273      0.011    1469.62     55.835     3.9670  38.581220  0.000e+00
      0.537     5.5844    32.2491    25.4288 3.4188e-01     0.1273      0.011    1469.61     55.837     3.9674  38.581221  0.000e+00
      0.537     5.5849    32.2239    25.4088 3.2967e-01     0.1273      0.011    1469.58     55.843     3.9684  38.581221  0.000e+00
      0.535     5.5851    32.2152    25.4019 3.4188e-01     0.1273      0.007    1469.57     55.845     3.9688  38.581222  0.000e+00
      0.537     5.5852    32.1957    25.3865 3.4188e-01     0.1273      0.011    1469.55     55.796     3.9658  38.581222  0.000e+00
      0.537     5.5853    32.1803    25.3743 3.5409e-01     0.1261      0.007    1469.53     55.797     3.9663  38.581223  0.000e+00
      0.537     5.5847    32.1776    25.3722 3.4188e-01     0.1261      0.007    1469.52     55.802     3.9667  38.581223  0.000e+00
      0.526     5.5843    32.1645    25.3620 3.4188e-01     0.1273      0.015    1469.50     55.810     3.9677  38.581223  0.000e+00
      0.548     5.5834    32.1600    25.3585 3.4188e-01     0.1273      0.011    1469.49     55.814     3.9682  38.581224  0.000e+00
      0.537     5.5828    32.1637    25.3615 3.4188e-01     0.1273      0.011    1469.50     55.759     3.9642  38.581224  0.000e+00
      0.548     5.5819    32.1539    25.3538 3.4188e-01     0.1273      0.011    1469.48     55.761     3.9647  38.581225  0.000e+00
      0.548     5.5811    32.1645    25.3623 3.4188e-01     0.1285      0.011    1469.49     55.768     3.9650  38.581225  0.000e+00
      0.524     5.5803    32.1761    25.3715 3.4188e-01     0.1273      0.015    1469.50     55.769     3.9649  38.581226  0.000e+00
      0.573     5.5796    32.1717    25.3682 3.4188e-01     0.1273      0.011    1469.49     55.775     3.9654  38.581226  0.000e+00
      0.548     5.5794    32.1880    25.3811 3.4188e-01     0.1273      0.007    1469.51     55.721     3.9612  38.581227  0.000e+00
      0.548     5.5788    32.1919    25.3842 3.4188e-01     0.1285      0.015    1469.52     55.725     3.9614  38.581227  0.000e+00
      0.561     5.5787    32.1872    25.3805 3.2967e-01     0.1261      0.011    1469.51     55.732     3.9621  38.581228  0.000e+00
      0.548     5.5784    32.1959    25.3874 3.2967e-01     0.1273      0.011    1469.52     55.735     3.9621  38.581228  0.000e+00
      0.573     5.5785    32.1875    25.3808 3.2967e-01     0.1273      0.011    1469.51     55.742     3.9628  38.581229  0.000e+00
      0.561     5.5784    32.1868    25.3803 3.2967e-01     0.1273      0.011    1469.51     55.689     3.9591  38.581229  0.000e+00
      0.573     5.5784    32.1957    25.3873 3.2967e-01     0.1273      0.011    1469.52     55.694     3.9592  38.581230  0.000e+00
      0.561     5.5787    32.1877    25.3809 3.2967e-01     0.1273      0.011    1469.51     55.703     3.9600  38.581230  0.000e+00
      0.571     5.5792    32.1919    25.3842 3.4188e-01     0.1273      0.011    1469.52     55.708     3.9602  38.581231  0.000e+00
      0.573     5.5793    32.1962    25.3876 3.4188e-01     0.1273      0.011    1469.52     55.715     3.9606  38.581231  0.000e+00
      0.573     5.5795    32.1835    25.3775 3.2967e-01     0.1273      0.011    1469.51     55.664     3.9573  38.581232  0.000e+00
      0.597     5.5798    32.1898    25.3824 3.4188e-01     0.1273      0.007    1469.52     55.662     3.9570  38.581232  0.000e+00
      0.584     5.5808    32.1827    25.3768 3.4188e-01     0.1285      0.011    1469.51     55.664     3.9572  38.581233  0.000e+00
      0.595     5.5809    32.1685    25.3655 3.4188e-01     0.1273      0.011    1469.50     55.669     3.9579  38.581233  0.000e+00
      0.597     5.5814    32.1730    25.3690 3.4188e-01     0.1273      0.011    1469.50     55.677     3.9583  38.581234  0.000e+00
      0.608     5.5819    32.1665    25.3638 3.4188e-01     0.1273      0.015    1469.50     55.618     3.9542  38.581234  0.000e+00
      0.608     5.5819    32.1702    25.3667 3.5409e-01     0.1273      0.011    1469.50     55.679     3.9585  38.581235  0.000e+00
      0.620     5.5815    32.1870    25.3800 3.5409e-01     0.1273      0.011    1469.52     55.627     3.9543  38.581235  0.000e+00
      0.632     5.5812    32.1848    25.3783 3.5409e-01     0.1285      0.011    1469.52     55.632     3.9548  38.581236  0.000e+00
      0.632     5.5806    32.2021    25.3921 3.5409e-01     0.1261      0.011    1469.54     55.640     3.9550  38.581236  0.000e+00
      0.632     5.5814    32.2104    25.3986 3.5409e-01     0.1273      0.015    1469.55     55.644     3.9549  38.581236  0.000e+00
      0.644     5.5817    32.2028    25.3925 3.6630e-01     0.1273      0.011    1469.54     55.650     3.9556  38.581237  0.000e+00
      0.644     5.5824    32.2145    25.4017 3.5409e-01     0.1261      0.011    1469.56     55.597     3.9514  38.581237  0.000e+00
      0.644     5.5833    32.2088    25.3970 3.5409e-01     0.1285      0.015    1469.56     55.602     3.9518  38.581238  0.000e+00
      0.644     5.5836    32.2012    25.3911 3.4188e-01     0.1261      0.011    1469.55     55.601     3.9520  38.581238  0.000e+00
