RAWDATA/IO2019/20190207/Ej1_20190207.cnv
* Sea-Bird SBE 9 Data File:
* FileName = C:\CTD Brukere\NIVA\IO2019\20190207\Ej1_20190207.hex
* Software Version Seasave V 7.23.2
* Temperature SN = 5352
* Conductivity SN = 3840
* Number of Bytes Per Scan = 28
* Number of Voltage Words = 4
* Number of Scans Averaged by the Deck Unit = 1
* NMEA baud rate = 4800
** Ship: R/V Trygve Braarud
** Cruise:
** Station:
** Operator:
# nquan = 12
# nvalues = 8775                                  
# units = specified
# name 0 = depSM: Depth [salt water, m], lat = 59.60
# name 1 = t090C: Temperature [ITS-90, deg C]
# name 2 = sal00: Salinity, Practical [PSU]
# name 3 = sigma-t00: Density [sigma-t, kg/m^3 ]
# name 4 = flSP: Fluorescence, Seapoint
# name 5 = wetStar: Fluorescence, WET Labs WETstar [mg/m^3]
# name 6 = seaTurbMtr: Turbidity, Seapoint [FTU]
# name 7 = svCM: Sound Velocity [Chen-Millero, m/s]
# name 8 = sbeox0PS: Oxygen, SBE 43 [% saturation]
# name 9 = sbeox0ML/L: Oxygen, SBE 43 [ml/l]
# name 10 = timeJ: Julian Days
# name 11 = flag:  0.000e+00
# span 0 =      0.429,     98.238                 
# span 1 =     5.5372,     8.4827                 
# span 2 =    32.1178,    33.9377                 
# span 3 =    25.3254,    26.3882                 
# span 4 = 1.4652e-01, 5.0061e-01                 
# span 5 =     0.1249,     0.1310                 
# span 6 =      0.000,      0.018                 
# span 7 =    1469.43,    1484.05                 
# span 8 =     54.431,     79.206                 
# span 9 =     3.8075,     5.6260                 
# span 10 =  38.580949,  38.585180                
# span 11 = 0.0000e+00, 0.0000e+00                
# interval = seconds: 0.0416667
# start_time = Feb 07 2019 13:56:34 [System UpLoad Time]
# bad_flag = -9.990e-29
*END*
[from data line 4572]
     89.008     8.3181    33.9293    26.3854 1.4652e-01     0.1298      0.015    1483.82     59.635     3.9351  38.583154  0.000e+00
     89.022     8.3181    33.9292    26.3853 1.4652e-01     0.1298      0.015    1483.82     59.637     3.9352  38.583154  0.000e+00
     89.043     8.3188    33.9293    26.3853 1.4652e-01     0.1298      0.015    1483.83     59.575     3.9311  38.583155  0.000e+00
     89.079     8.3192    33.9301    26.3858 1.4652e-01     0.1298      0.015    1483.83     59.630     3.9346  38.583155  0.000e+00
     89.107     8.3202    33.9300    26.3856 1.4652e-01     0.1298      0.015    1483.83     59.629     3.9345  38.583156  0.000e+00
     89.128     8.3212    33.9298    26.3853 1.4652e-01     0.1298      0.015    1483.84     59.634     3.9348  38.583156  0.000e+00
     89.153     8.3221    33.9298    26.3852 1.4652e-01     0.1298      0.015    1483.84     59.639     3.9350  38.583157  0.000e+00
     89.179     8.3223    33.9293    26.3847 1.4652e-01     0.1298      0.015    1483.84     59.644     3.9353  38.583157  0.000e+00
     89.200     8.3223    33.9294    26.3848 1.4652e-01     0.1298      0.018    1483.84     59.647     3.9355  38.583158  0.000e+00
     89.224     8.3225    33.9296    26.3849 1.4652e-01     0.1298      0.015    1483.84     59.650     3.9357  38.583158  0.000e+00
     89.252     8.3226    33.9297    26.3850 1.5873e-01     0.1298      0.015    1483.84     59.653     3.9359  38.583159  0.000e+00
     89.285     8.3231    33.9286    26.3841 1.5873e-01     0.1310      0.018    1483.84     59.655     3.9360  38.583159  0.000e+00
     89.309     8.3223    33.9286    26.3842 1.4652e-01     0.1298      0.015    1483.84     59.657     3.9362  38.583160  0.000e+00
     89.299     8.3218    33.9287    26.3843 1.5873e-01     0.1298      0.015    1483.84     59.657     3.9362  38.583160  0.000e+00
     89.394     8.3213    33.9292    26.3848 1.4652e-01     0.1298      0.015    1483.84     59.658     3.9363  38.583161  0.000e+00
     89.394     8.3209    33.9295    26.3851 1.4652e-01     0.1298      0.018    1483.84     59.657     3.9363  38.583161  0.000e+00
     89.405     8.3212    33.9296    26.3851 1.4652e-01     0.1298      0.015    1483.84     59.656     3.9362  38.583162  0.000e+00
     89.433     8.3210    33.9281    26.3840 1.4652e-01     0.1298      0.015    1483.84     59.655     3.9362  38.583162  0.000e+00
     89.467     8.3191    33.9271    26.3835 1.4652e-01     0.1298      0.018    1483.83     59.660     3.9367  38.583163  0.000e+00
     89.490     8.3175    33.9271    26.3838 1.4652e-01     0.1298      0.015    1483.83     59.658     3.9367  38.583163  0.000e+00
     89.529     8.3161    33.9277    26.3844 1.4652e-01     0.1298      0.018    1483.82     59.655     3.9366  38.583164  0.000e+00
     89.552     8.3152    33.9284    26.3851 1.4652e-01     0.1298      0.015    1483.82     59.651     3.9364  38.583164  0.000e+00
     89.575     8.3149    33.9279    26.3847 1.4652e-01     0.1298      0.015    1483.82     59.647     3.9362  38.583165  0.000e+00
     89.614     8.3147    33.9281    26.3849 1.4652e-01     0.1298      0.015    1483.82     59.642     3.9359  38.583165  0.000e+00
     89.648     8.3141    33.9277    26.3847 1.4652e-01     0.1298      0.015    1483.82     59.644     3.9361  38.583166  0.000e+00
     89.673     8.3130    33.9277    26.3849 1.4652e-01     0.1298      0.018    1483.81     59.638     3.9358  38.583166  0.000e+00
     89.709     8.3125    33.9271    26.3845 1.4652e-01     0.1298      0.015    1483.81     59.632     3.9355  38.583166  0.000e+00
     89.736     8.3123    33.9272    26.3846 1.4652e-01     0.1298      0.015    1483.81     59.625     3.9350  38.583167  0.000e+00
     89.758     8.3117    33.9280    26.3853 1.4652e-01     0.1298      0.018    1483.81     59.617     3.9345  38.583167  0.000e+00
     89.782     8.3116    33.9290    26.3861 1.4652e-01     0.1298      0.015    1483.81     59.609     3.9340  38.583168  0.000e+00
     89.829     8.3125    33.9293    26.3862 1.5873e-01     0.1298      0.015    1483.81     59.600     3.9333  38.583168  0.000e+00
     89.846     8.3141    33.9297    26.3863 1.4652e-01     0.1298      0.015    1483.82     59.591     3.9325  38.583169  0.000e+00
     89.890     8.3151    33.9286    26.3853 1.4652e-01     0.1298      0.015    1483.82     59.588     3.9323  38.583169  0.000e+00
     89.914     8.3146    33.9280    26.3849 1.4652e-01     0.1298      0.015    1483.82     59.586     3.9322  38.583170  0.000e+00
     89.942     8.3138    33.9278    26.3849 1.4652e-01     0.1298      0.015    1483.82     59.575     3.9316  38.583170  0.000e+00
     89.974     8.3141    33.9285    26.3853 1.5873e-01     0.1298      0.018    1483.82     59.571     3.9313  38.583171  0.000e+00
     90.012     8.3147    33.9280    26.3849 1.4652e-01     0.1298      0.015    1483.82     59.567     3.9310  38.583171  0.000e+00
     90.035     8.3151    33.9268    26.3839 1.4652e-01     0.1298      0.015    1483.82     59.563     3.9307  38.583172  0.000e+00
     90.075     8.3136    33.9267    26.3840 1.4652e-01     0.1298      0.018    1483.82     59.559     3.9305  38.583172  0.000e+00
     90.084     8.3127    33.9272    26.3845 1.4652e-01     0.1298      0.018    1483.82     59.554     3.9303  38.583173  0.000e+00
     90.133     8.3126    33.9277    26.3850 1.5873e-01     0.1298      0.015    1483.82     59.549     3.9299  38.583173  0.000e+00
     90.157     8.3130    33.9283    26.3853 1.4652e-01     0.1298      0.015    1483.82     59.543     3.9295  38.583174  0.000e+00
     90.168     8.3130    33.9286    26.3856 1.5873e-01     0.1298      0.015    1483.82     59.537     3.9291  38.583174  0.000e+00
     90.196     8.3135    33.9281    26.3851 1.4652e-01     0.1298      0.015    1483.82     59.531     3.9287  38.583175  0.000e+00
     90.229     8.3138    33.9278    26.3848 1.4652e-01     0.1298      0.015    1483.82     59.532     3.9287  38.583175  0.000e+00
     90.265     8.3130    33.9269    26.3842 1.4652e-01     0.1298      0.015    1483.82     59.526     3.9284  38.583176  0.000e+00
     90.278     8.3112    33.9248    26.3829 1.4652e-01     0.1298      0.015    1483.81     59.527     3.9287  38.583176  0.000e+00
     90.317     8.3077    33.9241    26.3829 1.5873e-01     0.1298      0.015    1483.80     59.528     3.9291  38.583177  0.000e+00
     90.325     8.3051    33.9243    26.3834 1.4652e-01     0.1298      0.015    1483.79     59.521     3.9289  38.583177  0.000e+00
     90.362     8.3031    33.9255    26.3847 1.4652e-01     0.1298      0.018    1483.78     59.522     3.9290  38.583178  0.000e+00
     90.387     8.3024    33.9263    26.3854 1.4652e-01     0.1298      0.015    1483.78     59.522     3.9291  38.583178  0.000e+00
     90.410     8.3018    33.9267    26.3858 1.4652e-01     0.1298      0.015    1483.78     59.515     3.9287  38.583179  0.000e+00
     90.451     8.3023    33.9267    26.3857 1.4652e-01     0.1298      0.015    1483.78     59.516     3.9287  38.583179  0.000e+00
     90.472     8.3020    33.9271    26.3861 1.4652e-01     0.1298      0.015    1483.78     59.516     3.9287  38.583179  0.000e+00
     90.508     8.3023    33.9268    26.3858 1.4652e-01     0.1298      0.018    1483.78     59.516     3.9287  38.583180  0.000e+00
     90.543     8.3023    33.9280    26.3867 1.4652e-01     0.1310      0.018    1483.79     59.516     3.9287  38.583180  0.000e+00
     90.543     8.3036    33.9283    26.3868 1.4652e-01     0.1298      0.015    1483.79     59.516     3.9286  38.583181  0.000e+00
     90.596     8.3054    33.9279    26.3862 1.5873e-01     0.1298      0.015    1483.80     59.579     3.9325  38.583181  0.000e+00
     90.617     8.3057    33.9279    26.3861 1.4652e-01     0.1298      0.015    1483.80     59.524     3.9289  38.583182  0.000e+00
     90.653     8.3061    33.9273    26.3856 1.4652e-01     0.1298      0.015    1483.80     59.524     3.9289  38.583182  0.000e+00
     90.664     8.3060    33.9275    26.3858 1.4652e-01     0.1298      0.015    1483.80     59.523     3.9288  38.583183  0.000e+00
     90.702     8.3071    33.9270    26.3853 1.4652e-01     0.1298      0.015    1483.81     59.585     3.9329  38.583183  0.000e+00
     90.741     8.3079    33.9266    26.3848 1.5873e-01     0.1298      0.015    1483.81     59.530     3.9291  38.583184  0.000e+00
     90.762     8.3087    33.9260    26.3842 1.5873e-01     0.1298      0.015    1483.81     59.530     3.9291  38.583184  0.000e+00
     90.785     8.3084    33.9265    26.3846 1.5873e-01     0.1298      0.015    1483.81     59.529     3.9290  38.583185  0.000e+00
     90.809     8.3083    33.9261    26.3843 1.4652e-01     0.1298      0.015    1483.81     59.529     3.9290  38.583185  0.000e+00
     90.847     8.3072    33.9261    26.3845 1.4652e-01     0.1298      0.018    1483.81     59.529     3.9291  38.583186  0.000e+00
     90.870     8.3058    33.9262    26.3848 1.4652e-01     0.1298      0.015    1483.80     59.528     3.9292  38.583186  0.000e+00
     90.875     8.3049    33.9261    26.3848 1.4652e-01     0.1298      0.015    1483.80     59.528     3.9293  38.583187  0.000e+00
     90.932     8.3040    33.9259    26.3848 1.4652e-01     0.1298      0.015    1483.80     59.528     3.9293  38.583187  0.000e+00
     90.943     8.3030    33.9253    26.3846 1.4652e-01     0.1298      0.015    1483.79     59.527     3.9294  38.583188  0.000e+00
     90.979     8.3015    33.9248    26.3844 1.4652e-01     0.1298      0.018    1483.79     59.527     3.9295  38.583188  0.000e+00
     91.016     8.3000    33.9249    26.3847 1.4652e-01     0.1285      0.015    1483.78     59.527     3.9297  38.583189  0.000e+00
     91.028     8.2989    33.9255    26.3853 1.4652e-01     0.1298      0.015    1483.78     59.526     3.9297  38.583189  0.000e+00
     91.064     8.2984    33.9253    26.3852 1.4652e-01     0.1298      0.015    1483.78     59.526     3.9297  38.583190  0.000e+00
     91.093     8.2976    33.9259    26.3858 1.4652e-01     0.1298      0.015    1483.78     59.526     3.9298  38.583190  0.000e+00
     91.124     8.2974    33.9261    26.3860 1.4652e-01     0.1298      0.015    1483.78     59.525     3.9298  38.583191  0.000e+00
     91.148     8.2973    33.9268    26.3865 1.4652e-01     0.1298      0.015    1483.78     59.525     3.9297  38.583191  0.000e+00
     91.162     8.2981    33.9264    26.3861 1.5873e-01     0.1298      0.015    1483.78     59.524     3.9296  38.583192  0.000e+00
     91.209     8.2989    33.9265    26.3860 1.4652e-01     0.1298      0.015    1483.78     59.524     3.9295  38.583192  0.000e+00
     91.233     8.2994    33.9260    26.3856 1.5873e-01     0.1298      0.015    1483.78     59.524     3.9295  38.583193  0.000e+00
     91.258     8.2992    33.9263    26.3859 1.5873e-01     0.1298      0.015    1483.78     59.523     3.9295  38.583193  0.000e+00
     91.298     8.2994    33.9267    26.3861 1.5873e-01     0.1298      0.015    1483.79     59.523     3.9294  38.583193  0.000e+00
     91.331     8.2994    33.9266    26.3861 1.5873e-01     0.1298      0.015    1483.79     59.523     3.9294  38.583194  0.000e+00
     91.343     8.2986    33.9260    26.3857 1.5873e-01     0.1285      0.015    1483.78     59.522     3.9295  38.583194  0.000e+00
     91.378     8.2979    33.9256    26.3855 1.4652e-01     0.1298      0.015    1483.78     59.584     3.9336  38.583195  0.000e+00
     91.403     8.2976    33.9253    26.3853 1.5873e-01     0.1298      0.015    1483.78     59.590     3.9341  38.583195  0.000e+00
     91.427     8.2973    33.9255    26.3855 1.4652e-01     0.1298      0.015    1483.78     59.535     3.9304  38.583196  0.000e+00
     91.463     8.2974    33.9255    26.3855 1.4652e-01     0.1298      0.015    1483.78     59.534     3.9303  38.583196  0.000e+00
     91.476     8.2976    33.9265    26.3862 1.4652e-01     0.1298      0.018    1483.78     59.533     3.9302  38.583197  0.000e+00
     91.512     8.2978    33.9263    26.3861 1.4652e-01     0.1298      0.015    1483.78     59.594     3.9342  38.583197  0.000e+00
     91.540     8.2981    33.9262    26.3860 1.5873e-01     0.1298      0.015    1483.79     59.600     3.9346  38.583198  0.000e+00
     91.561     8.2984    33.9267    26.3863 1.4652e-01     0.1298      0.015    1483.79     59.605     3.9349  38.583198  0.000e+00
     91.584     8.2986    33.9271    26.3866 1.4652e-01     0.1298      0.015    1483.79     59.610     3.9353  38.583199  0.000e+00
     91.608     8.2992    33.9265    26.3860 1.4652e-01     0.1298      0.018    1483.79     59.615     3.9355  38.583199  0.000e+00
     91.646     8.2986    33.9251    26.3850 1.4652e-01     0.1298      0.015    1483.79     59.558     3.9319  38.583200  0.000e+00
     91.657     8.2969    33.9236    26.3841 1.4652e-01     0.1298      0.015    1483.78     59.556     3.9319  38.583200  0.000e+00
     91.706     8.2951    33.9241    26.3848 1.4652e-01     0.1298      0.018    1483.77     59.553     3.9319  38.583201  0.000e+00
     91.718     8.2944    33.9257    26.3862 1.4652e-01     0.1298      0.015    1483.77     59.551     3.9317  38.583201  0.000e+00
     91.742     8.2946    33.9256    26.3860 1.5873e-01     0.1298      0.018    1483.77     59.548     3.9315  38.583202  0.000e+00
     91.791     8.2944    33.9257    26.3861 1.4652e-01     0.1298      0.015    1483.77     59.546     3.9314  38.583202  0.000e+00
     91.791     8.2946    33.9250    26.3856 1.5873e-01     0.1298      0.015    1483.77     59.543     3.9312  38.583203  0.000e+00
     91.838     8.2943    33.9259    26.3863 1.5873e-01     0.1298      0.015    1483.78     59.603     3.9352  38.583203  0.000e+00
     91.838     8.2946    33.9258    26.3862 1.5873e-01     0.1298      0.018    1483.78     59.607     3.9354  38.583204  0.000e+00
     91.892     8.2948    33.9259    26.3862 1.5873e-01     0.1298      0.018    1483.78     59.612     3.9357  38.583204  0.000e+00
     91.912     8.2952    33.9260    26.3862 1.5873e-01     0.1298      0.015    1483.78     59.615     3.9359  38.583205  0.000e+00
     91.948     8.2952    33.9260    26.3862 1.4652e-01     0.1298      0.018    1483.78     59.626     3.9366  38.583205  0.000e+00
     91.972     8.2959    33.9258    26.3860 1.5873e-01     0.1298      0.015    1483.78     59.568     3.9327  38.583206  0.000e+00
     91.996     8.2960    33.9260    26.3861 1.5873e-01     0.1298      0.015    1483.78     59.626     3.9365  38.583206  0.000e+00
     92.032     8.2960    33.9258    26.3860 1.5873e-01     0.1298      0.018    1483.79     59.629     3.9368  38.583207  0.000e+00
     92.057     8.2957    33.9257    26.3859 1.4652e-01     0.1298      0.015    1483.78     59.640     3.9375  38.583207  0.000e+00
     92.068     8.2956    33.9256    26.3859 1.4652e-01     0.1298      0.018    1483.78     59.643     3.9377  38.583207  0.000e+00
     92.106     8.2957    33.9256    26.3858 1.4652e-01     0.1298      0.015    1483.78     59.645     3.9379  38.583208  0.000e+00
     92.129     8.2948    33.9243    26.3850 1.5873e-01     0.1298      0.015    1483.78     59.648     3.9381  38.583208  0.000e+00
     92.166     8.2931    33.9235    26.3846 1.5873e-01     0.1298      0.015    1483.77     59.650     3.9384  38.583209  0.000e+00
     92.191     8.2917    33.9239    26.3852 1.4652e-01     0.1298      0.015    1483.77     59.652     3.9387  38.583209  0.000e+00
     92.226     8.2909    33.9247    26.3859 1.4652e-01     0.1298      0.015    1483.77     59.653     3.9388  38.583210  0.000e+00
     92.262     8.2907    33.9247    26.3859 1.4652e-01     0.1298      0.015    1483.77     59.654     3.9389  38.583210  0.000e+00
     92.275     8.2905    33.9241    26.3854 1.5873e-01     0.1298      0.015    1483.77     59.655     3.9390  38.583211  0.000e+00
