RAWDATA/IO2019/20190207/Ej1_20190207.cnv
* Sea-Bird SBE 9 Data File:
* FileName = C:\CTD Brukere\NIVA\IO2019\20190207\Ej1_20190207.hex
* Software Version Seasave V 7.23.2
* Temperature SN = 5352
* Conductivity SN = 3840
* Number of Bytes Per Scan = 28
* Number of Voltage Words = 4
* Number of Scans Averaged by the Deck Unit = 1
* NMEA baud rate = 4800
** Ship: R/V Trygve Braarud
** Cruise:
** Station:
** Operator:
# nquan = 12
# nvalues = 8775                                  
# units = specified
# name 0 = depSM: Depth [salt water, m], lat = 59.60
# name 1 = t090C: Temperature [ITS-90, deg C]
# name 2 = sal00: Salinity, Practical [PSU]
# name 3 = sigma-t00: Density [sigma-t, kg/m^3 ]
# name 4 = flSP: Fluorescence, Seapoint
# name 5 = wetStar: Fluorescence, WET Labs WETstar [mg/m^3]
# name 6 = seaTurbMtr: Turbidity, Seapoint [FTU]
# name 7 = svCM: Sound Velocity [Chen-Millero, m/s]
# name 8 = sbeox0PS: Oxygen, SBE 43 [% saturation]
# name 9 = sbeox0ML/L: Oxygen, SBE 43 [ml/l]
# name 10 = timeJ: Julian Days
# name 11 = flag:  0.000e+00
# span 0 =      0.429,     98.238                 
# span 1 =     5.5372,     8.4827                 
# span 2 =    32.1178,    33.9377                 
# span 3 =    25.3254,    26.3882                 
# span 4 = 1.4652e-01, 5.0061e-01                 
# span 5 =     0.1249,     0.1310                 
# span 6 =      0.000,      0.018                 
# span 7 =    1469.43,    1484.05                 
# span 8 =     54.431,     79.206                 
# span 9 =     3.8075,     5.6260                 
# span 10 =  38.580949,  38.585180                
# span 11 = 0.0000e+00, 0.0000e+00                
# interval = seconds: 0.0416667
# start_time = Feb 07 2019 13:56:34 [System UpLoad Time]
# bad_flag = -9.990e-29
*END*
[from data line 4091]
     76.473     8.4061    33.9358    26.3771 1.4652e-01     0.1285      0.015    1483.95     59.104     3.8922  38.582922  0.000e+00
     76.502     8.4060    33.9359    26.3772 1.5873e-01     0.1298      0.015    1483.95     59.104     3.8922  38.582922  0.000e+00
     76.509     8.4065    33.9360    26.3772 1.4652e-01     0.1298      0.015    1483.95     59.104     3.8922  38.582923  0.000e+00
     76.551     8.4068    33.9361    26.3773 1.4652e-01     0.1298      0.018    1483.96     59.103     3.8921  38.582923  0.000e+00
     76.562     8.4070    33.9355    26.3768 1.4652e-01     0.1298      0.015    1483.96     59.102     3.8920  38.582924  0.000e+00
     76.605     8.4066    33.9350    26.3764 1.4652e-01     0.1298      0.015    1483.96     59.101     3.8920  38.582924  0.000e+00
     76.636     8.4052    33.9355    26.3770 1.4652e-01     0.1298      0.018    1483.95     59.099     3.8920  38.582925  0.000e+00
     76.654     8.4049    33.9357    26.3772 1.4652e-01     0.1298      0.015    1483.95     59.098     3.8919  38.582925  0.000e+00
     76.683     8.4046    33.9357    26.3773 1.5873e-01     0.1298      0.015    1483.95     59.034     3.8877  38.582926  0.000e+00
     76.707     8.4043    33.9359    26.3775 1.4652e-01     0.1298      0.015    1483.95     59.086     3.8912  38.582926  0.000e+00
     76.725     8.4042    33.9360    26.3776 1.4652e-01     0.1298      0.015    1483.95     59.083     3.8910  38.582927  0.000e+00
     76.768     8.4041    33.9366    26.3780 1.4652e-01     0.1310      0.015    1483.95     59.081     3.8909  38.582927  0.000e+00
     76.785     8.4044    33.9359    26.3774 1.4652e-01     0.1298      0.015    1483.95     59.078     3.8906  38.582928  0.000e+00
     76.816     8.4041    33.9355    26.3772 1.4652e-01     0.1298      0.018    1483.95     59.074     3.8905  38.582928  0.000e+00
     76.834     8.4037    33.9352    26.3770 1.4652e-01     0.1298      0.018    1483.95     59.009     3.8862  38.582929  0.000e+00
     76.864     8.4033    33.9359    26.3776 1.4652e-01     0.1298      0.015    1483.95     58.998     3.8855  38.582929  0.000e+00
     76.888     8.4038    33.9366    26.3781 1.4652e-01     0.1298      0.015    1483.95     58.987     3.8847  38.582930  0.000e+00
     76.919     8.4046    33.9362    26.3777 1.4652e-01     0.1298      0.015    1483.95     58.976     3.8839  38.582930  0.000e+00
     76.948     8.4043    33.9357    26.3773 1.5873e-01     0.1298      0.015    1483.95     59.027     3.8873  38.582931  0.000e+00
     76.968     8.4032    33.9355    26.3773 1.4652e-01     0.1298      0.015    1483.95     59.023     3.8872  38.582931  0.000e+00
     76.997     8.4023    33.9357    26.3776 1.5873e-01     0.1298      0.015    1483.95     59.019     3.8870  38.582932  0.000e+00
     77.015     8.4020    33.9362    26.3780 1.4652e-01     0.1298      0.015    1483.95     59.015     3.8867  38.582932  0.000e+00
     77.046     8.4025    33.9358    26.3776 1.4652e-01     0.1298      0.015    1483.95     58.955     3.8827  38.582933  0.000e+00
     77.075     8.4022    33.9358    26.3777 1.5873e-01     0.1298      0.015    1483.95     59.013     3.8866  38.582933  0.000e+00
     77.118     8.4018    33.9361    26.3780 1.4652e-01     0.1298      0.015    1483.95     59.008     3.8863  38.582934  0.000e+00
     77.113     8.4020    33.9359    26.3778 1.4652e-01     0.1298      0.015    1483.95     59.011     3.8864  38.582934  0.000e+00
     77.167     8.4018    33.9365    26.3783 1.4652e-01     0.1298      0.015    1483.95     59.006     3.8861  38.582935  0.000e+00
     77.167     8.4024    33.9362    26.3780 1.4652e-01     0.1298      0.015    1483.95     59.008     3.8862  38.582935  0.000e+00
     77.220     8.4025    33.9358    26.3776 1.4652e-01     0.1298      0.015    1483.95     59.011     3.8864  38.582935  0.000e+00
     77.238     8.4022    33.9357    26.3776 1.4652e-01     0.1298      0.015    1483.95     58.951     3.8825  38.582936  0.000e+00
     77.269     8.4023    33.9357    26.3776 1.5873e-01     0.1298      0.015    1483.95     59.008     3.8863  38.582936  0.000e+00
     77.287     8.4020    33.9354    26.3774 1.4652e-01     0.1298      0.018    1483.95     59.011     3.8865  38.582937  0.000e+00
     77.305     8.4011    33.9350    26.3772 1.5873e-01     0.1298      0.015    1483.95     58.952     3.8826  38.582937  0.000e+00
     77.360     8.4001    33.9348    26.3772 1.4652e-01     0.1298      0.015    1483.94     58.940     3.8820  38.582938  0.000e+00
     77.378     8.3991    33.9350    26.3775 1.4652e-01     0.1298      0.018    1483.94     58.936     3.8818  38.582938  0.000e+00
     77.396     8.3982    33.9355    26.3780 1.4652e-01     0.1298      0.018    1483.94     58.932     3.8816  38.582939  0.000e+00
     77.414     8.3979    33.9361    26.3786 1.4652e-01     0.1298      0.015    1483.94     58.928     3.8814  38.582939  0.000e+00
     77.445     8.3982    33.9362    26.3786 1.5873e-01     0.1298      0.015    1483.94     58.987     3.8852  38.582940  0.000e+00
     77.474     8.3980    33.9367    26.3791 1.4652e-01     0.1298      0.015    1483.94     58.929     3.8814  38.582940  0.000e+00
     77.492     8.3985    33.9361    26.3785 1.4652e-01     0.1298      0.015    1483.94     58.926     3.8811  38.582941  0.000e+00
     77.523     8.3985    33.9360    26.3784 1.4652e-01     0.1298      0.015    1483.94     58.985     3.8850  38.582941  0.000e+00
     77.566     8.3987    33.9358    26.3783 1.5873e-01     0.1298      0.015    1483.94     58.927     3.8812  38.582942  0.000e+00
     77.571     8.3985    33.9357    26.3782 1.5873e-01     0.1298      0.015    1483.94     58.925     3.8811  38.582942  0.000e+00
     77.602     8.3980    33.9356    26.3782 1.4652e-01     0.1298      0.018    1483.94     58.922     3.8810  38.582943  0.000e+00
     77.631     8.3976    33.9359    26.3784 1.4652e-01     0.1298      0.015    1483.94     58.921     3.8809  38.582943  0.000e+00
     77.650     8.3972    33.9360    26.3786 1.4652e-01     0.1298      0.015    1483.94     58.919     3.8808  38.582944  0.000e+00
     77.680     8.3972    33.9361    26.3787 1.4652e-01     0.1298      0.015    1483.94     58.856     3.8767  38.582944  0.000e+00
     77.698     8.3972    33.9359    26.3786 1.4652e-01     0.1298      0.015    1483.94     58.910     3.8802  38.582945  0.000e+00
     77.729     8.3969    33.9356    26.3783 1.4652e-01     0.1298      0.015    1483.94     58.909     3.8802  38.582945  0.000e+00
     77.747     8.3961    33.9357    26.3785 1.4652e-01     0.1298      0.018    1483.94     58.909     3.8803  38.582946  0.000e+00
     77.776     8.3953    33.9355    26.3785 1.5873e-01     0.1298      0.015    1483.93     58.910     3.8804  38.582946  0.000e+00
     77.789     8.3940    33.9350    26.3783 1.4652e-01     0.1298      0.018    1483.93     58.848     3.8765  38.582947  0.000e+00
     77.831     8.3930    33.9344    26.3780 1.4652e-01     0.1298      0.018    1483.92     58.904     3.8802  38.582947  0.000e+00
     77.849     8.3919    33.9343    26.3781 1.4652e-01     0.1298      0.015    1483.92     58.906     3.8804  38.582948  0.000e+00
     77.880     8.3909    33.9348    26.3786 1.5873e-01     0.1298      0.015    1483.92     58.846     3.8765  38.582948  0.000e+00
     77.896     8.3903    33.9350    26.3789 1.4652e-01     0.1298      0.015    1483.92     58.841     3.8763  38.582948  0.000e+00
     77.927     8.3895    33.9354    26.3794 1.4652e-01     0.1298      0.015    1483.91     58.836     3.8761  38.582949  0.000e+00
     77.945     8.3890    33.9357    26.3796 1.4652e-01     0.1298      0.015    1483.91     58.887     3.8794  38.582949  0.000e+00
     77.965     8.3890    33.9357    26.3796 1.4652e-01     0.1298      0.015    1483.91     58.829     3.8756  38.582950  0.000e+00
     78.006     8.3890    33.9358    26.3797 1.5873e-01     0.1298      0.015    1483.91     58.826     3.8754  38.582950  0.000e+00
     78.025     8.3890    33.9358    26.3797 1.4652e-01     0.1298      0.015    1483.91     58.823     3.8752  38.582951  0.000e+00
     78.041     8.3885    33.9359    26.3799 1.4652e-01     0.1298      0.015    1483.91     58.821     3.8751  38.582951  0.000e+00
     78.079     8.3880    33.9353    26.3795 1.5873e-01     0.1298      0.015    1483.91     58.882     3.8792  38.582952  0.000e+00
     78.097     8.3875    33.9355    26.3797 1.4652e-01     0.1298      0.015    1483.91     58.881     3.8791  38.582952  0.000e+00
     78.139     8.3874    33.9358    26.3800 1.4652e-01     0.1298      0.015    1483.91     58.818     3.8750  38.582953  0.000e+00
     78.146     8.3872    33.9358    26.3800 1.4652e-01     0.1298      0.015    1483.91     58.809     3.8744  38.582953  0.000e+00
     78.175     8.3869    33.9360    26.3802 1.4652e-01     0.1298      0.015    1483.91     58.801     3.8739  38.582954  0.000e+00
     78.206     8.3869    33.9363    26.3804 1.4652e-01     0.1298      0.015    1483.91     58.863     3.8780  38.582954  0.000e+00
     78.224     8.3871    33.9356    26.3799 1.4652e-01     0.1298      0.015    1483.91     58.809     3.8744  38.582955  0.000e+00
     78.230     8.3866    33.9362    26.3804 1.4652e-01     0.1298      0.015    1483.91     58.809     3.8745  38.582955  0.000e+00
     78.307     8.3870    33.9358    26.3800 1.4652e-01     0.1298      0.015    1483.91     58.811     3.8746  38.582956  0.000e+00
     78.307     8.3867    33.9356    26.3799 1.4652e-01     0.1298      0.015    1483.91     58.805     3.8742  38.582956  0.000e+00
     78.339     8.3863    33.9349    26.3794 1.4652e-01     0.1285      0.018    1483.91     58.808     3.8745  38.582957  0.000e+00
     78.356     8.3858    33.9350    26.3796 1.5873e-01     0.1298      0.018    1483.91     58.811     3.8747  38.582957  0.000e+00
     78.400     8.3853    33.9357    26.3802 1.5873e-01     0.1298      0.015    1483.91     58.814     3.8749  38.582958  0.000e+00
     78.416     8.3852    33.9359    26.3804 1.4652e-01     0.1298      0.015    1483.91     58.818     3.8752  38.582958  0.000e+00
     78.440     8.3858    33.9362    26.3805 1.5873e-01     0.1298      0.015    1483.91     58.823     3.8755  38.582959  0.000e+00
     78.484     8.3870    33.9367    26.3807 1.4652e-01     0.1298      0.018    1483.92     58.828     3.8757  38.582959  0.000e+00
     78.489     8.3880    33.9372    26.3809 1.4652e-01     0.1298      0.015    1483.92     58.826     3.8755  38.582960  0.000e+00
     78.520     8.3885    33.9367    26.3805 1.4652e-01     0.1298      0.015    1483.92     58.833     3.8759  38.582960  0.000e+00
     78.561     8.3887    33.9350    26.3791 1.4652e-01     0.1298      0.018    1483.92     58.839     3.8763  38.582961  0.000e+00
     78.574     8.3878    33.9343    26.3787 1.5873e-01     0.1298      0.015    1483.92     58.839     3.8764  38.582961  0.000e+00
     78.616     8.3866    33.9349    26.3793 1.4652e-01     0.1298      0.018    1483.91     58.778     3.8725  38.582962  0.000e+00
     78.634     8.3861    33.9357    26.3801 1.4652e-01     0.1298      0.018    1483.91     58.833     3.8761  38.582962  0.000e+00
     78.665     8.3865    33.9354    26.3798 1.4652e-01     0.1298      0.018    1483.91     58.834     3.8762  38.582962  0.000e+00
     78.695     8.3866    33.9359    26.3802 1.4652e-01     0.1298      0.018    1483.92     58.836     3.8762  38.582963  0.000e+00
     78.719     8.3867    33.9357    26.3799 1.5873e-01     0.1298      0.015    1483.92     58.845     3.8768  38.582963  0.000e+00
     78.750     8.3860    33.9348    26.3794 1.4652e-01     0.1298      0.015    1483.91     58.785     3.8730  38.582964  0.000e+00
     78.779     8.3846    33.9350    26.3797 1.4652e-01     0.1298      0.018    1483.91     58.781     3.8729  38.582964  0.000e+00
     78.802     8.3842    33.9348    26.3796 1.5873e-01     0.1298      0.015    1483.91     58.785     3.8731  38.582965  0.000e+00
     78.835     8.3839    33.9352    26.3800 1.4652e-01     0.1298      0.015    1483.91     58.782     3.8730  38.582965  0.000e+00
     78.851     8.3835    33.9361    26.3808 1.4652e-01     0.1298      0.018    1483.91     58.780     3.8728  38.582966  0.000e+00
     78.846     8.3840    33.9360    26.3806 1.4652e-01     0.1298      0.018    1483.91     58.778     3.8727  38.582966  0.000e+00
     78.947     8.3837    33.9358    26.3805 1.4652e-01     0.1298      0.018    1483.91     58.840     3.8768  38.582967  0.000e+00
     78.947     8.3836    33.9356    26.3804 1.4652e-01     0.1298      0.015    1483.91     58.784     3.8731  38.582967  0.000e+00
     78.967     8.3830    33.9353    26.3802 1.4652e-01     0.1298      0.015    1483.91     58.777     3.8727  38.582968  0.000e+00
     79.009     8.3826    33.9355    26.3804 1.4652e-01     0.1298      0.015    1483.91     58.777     3.8727  38.582968  0.000e+00
     79.032     8.3824    33.9350    26.3801 1.4652e-01     0.1298      0.015    1483.91     58.778     3.8728  38.582969  0.000e+00
     79.051     8.3824    33.9354    26.3804 1.4652e-01     0.1298      0.015    1483.91     58.779     3.8729  38.582969  0.000e+00
     79.092     8.3826    33.9356    26.3806 1.4652e-01     0.1298      0.015    1483.91     58.781     3.8730  38.582970  0.000e+00
     79.105     8.3828    33.9358    26.3806 1.4652e-01     0.1298      0.015    1483.91     58.776     3.8726  38.582970  0.000e+00
     79.149     8.3828    33.9358    26.3807 1.4652e-01     0.1298      0.015    1483.91     58.779     3.8728  38.582971  0.000e+00
     79.177     8.3829    33.9355    26.3804 1.4652e-01     0.1298      0.018    1483.91     58.783     3.8731  38.582971  0.000e+00
     79.190     8.3829    33.9356    26.3805 1.4652e-01     0.1298      0.015    1483.91     58.779     3.8728  38.582972  0.000e+00
     79.221     8.3828    33.9356    26.3805 1.4652e-01     0.1298      0.018    1483.91     58.776     3.8727  38.582972  0.000e+00
     79.250     8.3829    33.9350    26.3800 1.4652e-01     0.1298      0.015    1483.91     58.773     3.8725  38.582973  0.000e+00
     79.275     8.3824    33.9357    26.3806 1.4652e-01     0.1298      0.015    1483.91     58.778     3.8728  38.582973  0.000e+00
     79.294     8.3826    33.9351    26.3801 1.4652e-01     0.1298      0.018    1483.91     58.776     3.8727  38.582974  0.000e+00
     79.335     8.3822    33.9353    26.3803 1.4652e-01     0.1298      0.015    1483.91     58.775     3.8726  38.582974  0.000e+00
     79.359     8.3824    33.9366    26.3813 1.4652e-01     0.1298      0.015    1483.91     58.774     3.8725  38.582975  0.000e+00
     79.390     8.3831    33.9357    26.3805 1.4652e-01     0.1298      0.015    1483.91     58.773     3.8724  38.582975  0.000e+00
     79.406     8.3834    33.9356    26.3804 1.4652e-01     0.1298      0.015    1483.92     58.779     3.8728  38.582976  0.000e+00
     79.455     8.3835    33.9357    26.3804 1.4652e-01     0.1298      0.018    1483.92     58.787     3.8733  38.582976  0.000e+00
     79.455     8.3836    33.9356    26.3804 1.4652e-01     0.1298      0.018    1483.92     58.787     3.8733  38.582976  0.000e+00
     79.499     8.3832    33.9351    26.3801 1.4652e-01     0.1298      0.018    1483.92     58.788     3.8734  38.582977  0.000e+00
     79.527     8.3827    33.9349    26.3799 1.4652e-01     0.1298      0.018    1483.91     58.789     3.8735  38.582977  0.000e+00
     79.551     8.3828    33.9346    26.3797 1.4652e-01     0.1298      0.015    1483.91     58.798     3.8741  38.582978  0.000e+00
     79.584     8.3823    33.9354    26.3804 1.4652e-01     0.1298      0.015    1483.91     58.800     3.8743  38.582978  0.000e+00
     79.600     8.3824    33.9352    26.3802 1.5873e-01     0.1298      0.015    1483.91     58.802     3.8744  38.582979  0.000e+00
