RAWDATA/IO2019/20190207/Ej1_20190207.cnv
* Sea-Bird SBE 9 Data File:
* FileName = C:\CTD Brukere\NIVA\IO2019\20190207\Ej1_20190207.hex
* Software Version Seasave V 7.23.2
* Temperature SN = 5352
* Conductivity SN = 3840
* Number of Bytes Per Scan = 28
* Number of Voltage Words = 4
* Number of Scans Averaged by the Deck Unit = 1
* NMEA baud rate = 4800
** Ship: R/V Trygve Braarud
** Cruise:
** Station:
** Operator:
# nquan = 12
# nvalues = 8775                                  
# units = specified
# name 0 = depSM: Depth [salt water, m], lat = 59.60
# name 1 = t090C: Temperature [ITS-90, deg C]
# name 2 = sal00: Salinity, Practical [PSU]
# name 3 = sigma-t00: Density [sigma-t, kg/m^3 ]
# name 4 = flSP: Fluorescence, Seapoint
# name 5 = wetStar: Fluorescence, WET Labs WETstar [mg/m^3]
# name 6 = seaTurbMtr: Turbidity, Seapoint [FTU]
# name 7 = svCM: Sound Velocity [Chen-Millero, m/s]
# name 8 = sbeox0PS: Oxygen, SBE 43 [% saturation]
# name 9 = sbeox0ML/L: Oxygen, SBE 43 [ml/l]
# name 10 = timeJ: Julian Days
# name 11 = flag:  0.000e+00
# span 0 =      0.429,     98.238                 
# span 1 =     5.5372,     8.4827                 
# span 2 =    32.1178,    33.9377                 
# span 3 =    25.3254,    26.3882                 
# span 4 = 1.4652e-01, 5.0061e-01                 
# span 5 =     0.1249,     0.1310                 
# span 6 =      0.000,      0.018                 
# span 7 =    1469.43,    1484.05                 
# span 8 =     54.431,     79.206                 
# span 9 =     3.8075,     5.6260                 
# span 10 =  38.580949,  38.585180                
# span 11 = 0.0000e+00, 0.0000e+00                
# interval = seconds: 0.0416667
# start_time = Feb 07 2019 13:56:34 [System UpLoad Time]
# bad_flag = -9.990e-29
*END*
[from data line 6497]
     81.485     8.3604    33.9333    26.3821 1.4652e-01     0.1298      0.015    1483.86     59.685     3.9346  38.584082  0.000e+00
     81.510     8.3610    33.9330    26.3818 1.4652e-01     0.1298      0.015    1483.86     59.691     3.9349  38.584083  0.000e+00
     81.291     8.3607    33.9333    26.3820 1.4652e-01     0.1298      0.015    1483.86     59.694     3.9352  38.584083  0.000e+00
     81.425     8.3613    33.9333    26.3819 1.4652e-01     0.1298      0.015    1483.86     59.638     3.9314  38.584084  0.000e+00
     81.327     8.3619    33.9337    26.3822 1.4652e-01     0.1298      0.015    1483.86     59.697     3.9352  38.584084  0.000e+00
     81.305     8.3620    33.9336    26.3821 1.4652e-01     0.1298      0.015    1483.86     59.639     3.9314  38.584085  0.000e+00
     81.256     8.3624    33.9333    26.3818 1.4652e-01     0.1298      0.015    1483.86     59.636     3.9312  38.584085  0.000e+00
     81.228     8.3627    33.9335    26.3819 1.4652e-01     0.1298      0.015    1483.87     59.695     3.9350  38.584086  0.000e+00
     81.182     8.3631    33.9334    26.3818 1.4652e-01     0.1298      0.015    1483.87     59.637     3.9312  38.584086  0.000e+00
     81.135     8.3630    33.9333    26.3817 1.4652e-01     0.1298      0.015    1483.86     59.634     3.9310  38.584087  0.000e+00
     81.111     8.3630    33.9328    26.3813 1.5873e-01     0.1298      0.015    1483.86     59.631     3.9308  38.584087  0.000e+00
     81.086     8.3625    33.9326    26.3812 1.4652e-01     0.1298      0.018    1483.86     59.628     3.9306  38.584088  0.000e+00
     81.050     8.3625    33.9337    26.3821 1.4652e-01     0.1298      0.015    1483.86     59.624     3.9304  38.584088  0.000e+00
     81.015     8.3630    33.9338    26.3821 1.4652e-01     0.1298      0.015    1483.86     59.683     3.9342  38.584089  0.000e+00
     80.974     8.3633    33.9334    26.3818 1.4652e-01     0.1285      0.015    1483.86     59.625     3.9303  38.584089  0.000e+00
     80.941     8.3633    33.9332    26.3816 1.4652e-01     0.1298      0.015    1483.86     59.621     3.9301  38.584090  0.000e+00
     80.892     8.3631    33.9324    26.3810 1.4652e-01     0.1298      0.015    1483.86     59.617     3.9299  38.584090  0.000e+00
     80.845     8.3624    33.9338    26.3821 1.4652e-01     0.1298      0.015    1483.86     59.614     3.9297  38.584090  0.000e+00
     80.821     8.3628    33.9344    26.3826 1.4652e-01     0.1298      0.015    1483.86     59.610     3.9294  38.584091  0.000e+00
     80.772     8.3638    33.9350    26.3829 1.4652e-01     0.1298      0.015    1483.86     59.614     3.9295  38.584091  0.000e+00
     80.744     8.3648    33.9354    26.3831 1.4652e-01     0.1298      0.015    1483.87     59.618     3.9297  38.584092  0.000e+00
     80.711     8.3661    33.9351    26.3826 1.4652e-01     0.1298      0.018    1483.87     59.615     3.9294  38.584092  0.000e+00
     80.676     8.3669    33.9350    26.3825 1.4652e-01     0.1298      0.015    1483.87     59.612     3.9292  38.584093  0.000e+00
     80.640     8.3678    33.9343    26.3818 1.4652e-01     0.1298      0.015    1483.88     59.609     3.9289  38.584093  0.000e+00
     80.615     8.3678    33.9342    26.3817 1.4652e-01     0.1298      0.015    1483.88     59.606     3.9287  38.584094  0.000e+00
     80.542     8.3685    33.9348    26.3820 1.4652e-01     0.1298      0.015    1483.88     59.603     3.9284  38.584094  0.000e+00
     80.527     8.3691    33.9350    26.3821 1.4652e-01     0.1298      0.015    1483.88     59.600     3.9282  38.584095  0.000e+00
     80.470     8.3701    33.9344    26.3815 1.5873e-01     0.1298      0.015    1483.88     59.597     3.9279  38.584095  0.000e+00
     80.434     8.3704    33.9345    26.3815 1.4652e-01     0.1298      0.015    1483.88     59.594     3.9277  38.584096  0.000e+00
     80.386     8.3709    33.9344    26.3814 1.4652e-01     0.1298      0.015    1483.88     59.591     3.9274  38.584096  0.000e+00
     80.374     8.3713    33.9341    26.3811 1.4652e-01     0.1298      0.015    1483.88     59.588     3.9272  38.584097  0.000e+00
     80.322     8.3714    33.9345    26.3813 1.4652e-01     0.1298      0.015    1483.88     59.523     3.9229  38.584097  0.000e+00
     80.276     8.3718    33.9346    26.3814 1.4652e-01     0.1298      0.015    1483.89     59.575     3.9263  38.584098  0.000e+00
     80.252     8.3723    33.9350    26.3816 1.4652e-01     0.1298      0.015    1483.89     59.572     3.9261  38.584098  0.000e+00
     80.205     8.3728    33.9353    26.3818 1.4652e-01     0.1298      0.015    1483.89     59.508     3.9217  38.584099  0.000e+00
     80.200     8.3734    33.9353    26.3817 1.4652e-01     0.1298      0.015    1483.89     59.560     3.9252  38.584099  0.000e+00
     80.144     8.3742    33.9348    26.3811 1.4652e-01     0.1298      0.018    1483.89     59.496     3.9208  38.584100  0.000e+00
     80.120     8.3748    33.9348    26.3811 1.4652e-01     0.1298      0.015    1483.89     59.487     3.9202  38.584100  0.000e+00
     80.071     8.3751    33.9352    26.3814 1.4652e-01     0.1298      0.015    1483.89     59.478     3.9196  38.584101  0.000e+00
     80.043     8.3755    33.9352    26.3812 1.5873e-01     0.1298      0.015    1483.90     59.469     3.9190  38.584101  0.000e+00
     80.011     8.3759    33.9352    26.3812 1.4652e-01     0.1298      0.015    1483.90     59.523     3.9224  38.584102  0.000e+00
     79.951     8.3763    33.9347    26.3808 1.5873e-01     0.1298      0.015    1483.90     59.459     3.9183  38.584102  0.000e+00
     79.951     8.3768    33.9349    26.3808 1.4652e-01     0.1310      0.015    1483.90     59.451     3.9177  38.584103  0.000e+00
     79.885     8.3769    33.9347    26.3807 1.5873e-01     0.1298      0.015    1483.90     59.513     3.9217  38.584103  0.000e+00
     79.841     8.3768    33.9351    26.3810 1.4652e-01     0.1298      0.015    1483.90     59.520     3.9222  38.584103  0.000e+00
     79.817     8.3773    33.9347    26.3806 1.4652e-01     0.1298      0.015    1483.90     59.458     3.9181  38.584104  0.000e+00
     79.781     8.3777    33.9348    26.3807 1.4652e-01     0.1298      0.015    1483.90     59.459     3.9181  38.584104  0.000e+00
     79.729     8.3781    33.9350    26.3808 1.4652e-01     0.1298      0.015    1483.90     59.452     3.9176  38.584105  0.000e+00
     79.709     8.3784    33.9353    26.3809 1.4652e-01     0.1298      0.015    1483.90     59.447     3.9172  38.584105  0.000e+00
     79.672     8.3787    33.9351    26.3807 1.4652e-01     0.1298      0.015    1483.90     59.448     3.9173  38.584106  0.000e+00
     79.620     8.3788    33.9351    26.3807 1.4652e-01     0.1298      0.018    1483.90     59.451     3.9175  38.584106  0.000e+00
     79.587     8.3790    33.9353    26.3808 1.4652e-01     0.1298      0.015    1483.90     59.454     3.9176  38.584107  0.000e+00
     79.527     8.3792    33.9348    26.3804 1.4652e-01     0.1298      0.015    1483.90     59.450     3.9174  38.584107  0.000e+00
     79.491     8.3791    33.9350    26.3806 1.5873e-01     0.1298      0.015    1483.90     59.454     3.9176  38.584108  0.000e+00
     79.439     8.3794    33.9349    26.3805 1.4652e-01     0.1298      0.015    1483.90     59.450     3.9174  38.584108  0.000e+00
     79.431     8.3795    33.9347    26.3803 1.4652e-01     0.1298      0.015    1483.90     59.448     3.9172  38.584109  0.000e+00
     79.395     8.3794    33.9351    26.3806 1.5873e-01     0.1298      0.018    1483.90     59.453     3.9176  38.584109  0.000e+00
     79.366     8.3797    33.9350    26.3805 1.5873e-01     0.1298      0.015    1483.90     59.451     3.9174  38.584110  0.000e+00
     79.335     8.3797    33.9355    26.3809 1.5873e-01     0.1298      0.015    1483.90     59.450     3.9173  38.584110  0.000e+00
     79.467     8.3805    33.9348    26.3802 1.4652e-01     0.1298      0.015    1483.90     59.450     3.9173  38.584111  0.000e+00
     78.967     8.3803    33.9353    26.3806 1.4652e-01     0.1298      0.015    1483.90     59.446     3.9170  38.584111  0.000e+00
     79.346     8.3803    33.9353    26.3806 1.4652e-01     0.1298      0.015    1483.90     59.448     3.9172  38.584112  0.000e+00
     79.274     8.3803    33.9357    26.3809 1.4652e-01     0.1298      0.015    1483.90     59.455     3.9176  38.584112  0.000e+00
     79.089     8.3806    33.9354    26.3807 1.4652e-01     0.1298      0.015    1483.90     59.454     3.9175  38.584113  0.000e+00
     79.141     8.3808    33.9352    26.3805 1.4652e-01     0.1298      0.015    1483.90     59.456     3.9176  38.584113  0.000e+00
     79.056     8.3805    33.9349    26.3803 1.4652e-01     0.1298      0.015    1483.90     59.456     3.9177  38.584114  0.000e+00
     79.051     8.3806    33.9351    26.3805 1.4652e-01     0.1298      0.015    1483.90     59.396     3.9137  38.584114  0.000e+00
     79.009     8.3811    33.9353    26.3805 1.4652e-01     0.1298      0.015    1483.90     59.390     3.9133  38.584115  0.000e+00
     78.971     8.3811    33.9359    26.3810 1.4652e-01     0.1298      0.018    1483.90     59.385     3.9129  38.584115  0.000e+00
     78.944     8.3819    33.9364    26.3812 1.4652e-01     0.1298      0.015    1483.90     59.381     3.9126  38.584116  0.000e+00
     78.887     8.3829    33.9361    26.3809 1.4652e-01     0.1298      0.015    1483.91     59.378     3.9123  38.584116  0.000e+00
     78.864     8.3834    33.9362    26.3809 1.4652e-01     0.1298      0.018    1483.91     59.375     3.9120  38.584117  0.000e+00
     78.835     8.3840    33.9357    26.3804 1.4652e-01     0.1298      0.015    1483.91     59.372     3.9118  38.584117  0.000e+00
     78.791     8.3843    33.9355    26.3802 1.4652e-01     0.1298      0.015    1483.91     59.370     3.9117  38.584117  0.000e+00
     78.701     8.3844    33.9357    26.3804 1.4652e-01     0.1298      0.015    1483.91     59.369     3.9116  38.584118  0.000e+00
     78.730     8.3847    33.9361    26.3806 1.5873e-01     0.1298      0.015    1483.91     59.369     3.9115  38.584118  0.000e+00
     78.670     8.3851    33.9361    26.3805 1.4652e-01     0.1298      0.015    1483.91     59.369     3.9115  38.584119  0.000e+00
     78.629     8.3853    33.9360    26.3804 1.4652e-01     0.1298      0.018    1483.91     59.369     3.9115  38.584119  0.000e+00
     78.597     8.3857    33.9359    26.3803 1.5873e-01     0.1298      0.015    1483.91     59.370     3.9116  38.584120  0.000e+00
     78.550     8.3858    33.9357    26.3801 1.4652e-01     0.1298      0.015    1483.91     59.372     3.9117  38.584120  0.000e+00
     78.532     8.3861    33.9353    26.3798 1.4652e-01     0.1298      0.015    1483.91     59.305     3.9072  38.584121  0.000e+00
     78.489     8.3858    33.9356    26.3800 1.4652e-01     0.1298      0.015    1483.91     59.301     3.9070  38.584121  0.000e+00
     78.447     8.3858    33.9354    26.3799 1.4652e-01     0.1298      0.015    1483.91     59.298     3.9068  38.584122  0.000e+00
     78.416     8.3858    33.9358    26.3802 1.4652e-01     0.1298      0.015    1483.91     59.288     3.9061  38.584122  0.000e+00
     78.380     8.3860    33.9361    26.3804 1.4652e-01     0.1298      0.015    1483.91     59.286     3.9060  38.584123  0.000e+00
     78.339     8.3861    33.9357    26.3801 1.4652e-01     0.1298      0.015    1483.91     59.278     3.9054  38.584123  0.000e+00
     78.295     8.3860    33.9343    26.3790 1.4652e-01     0.1298      0.015    1483.91     59.270     3.9050  38.584124  0.000e+00
     78.266     8.3850    33.9343    26.3792 1.4652e-01     0.1298      0.015    1483.90     59.263     3.9046  38.584124  0.000e+00
     78.235     8.3842    33.9349    26.3797 1.4652e-01     0.1285      0.015    1483.90     59.257     3.9042  38.584125  0.000e+00
     78.181     8.3837    33.9352    26.3800 1.4652e-01     0.1298      0.015    1483.90     59.258     3.9043  38.584125  0.000e+00
     78.139     8.3833    33.9346    26.3797 1.4652e-01     0.1298      0.015    1483.89     59.253     3.9040  38.584126  0.000e+00
     78.115     8.3829    33.9346    26.3797 1.4652e-01     0.1298      0.018    1483.89     59.249     3.9038  38.584126  0.000e+00
     78.085     8.3818    33.9351    26.3803 1.4652e-01     0.1298      0.015    1483.89     59.252     3.9041  38.584127  0.000e+00
     78.041     8.3815    33.9348    26.3800 1.4652e-01     0.1298      0.015    1483.88     59.257     3.9045  38.584127  0.000e+00
     78.012     8.3809    33.9358    26.3809 1.4652e-01     0.1298      0.015    1483.88     59.255     3.9043  38.584128  0.000e+00
     77.970     8.3818    33.9376    26.3822 1.5873e-01     0.1298      0.015    1483.89     59.253     3.9041  38.584128  0.000e+00
     77.940     8.3840    33.9377    26.3820 1.4652e-01     0.1298      0.015    1483.90     59.252     3.9039  38.584129  0.000e+00
     77.885     8.3858    33.9374    26.3815 1.4652e-01     0.1298      0.015    1483.90     59.252     3.9037  38.584129  0.000e+00
     77.856     8.3867    33.9352    26.3795 1.4652e-01     0.1298      0.015    1483.90     59.252     3.9037  38.584130  0.000e+00
     77.800     8.3852    33.9344    26.3792 1.4652e-01     0.1298      0.015    1483.89     59.191     3.8998  38.584130  0.000e+00
     77.771     8.3845    33.9357    26.3803 1.4652e-01     0.1298      0.015    1483.89     59.248     3.9036  38.584130  0.000e+00
     77.740     8.3856    33.9372    26.3813 1.4652e-01     0.1298      0.015    1483.90     59.250     3.9036  38.584131  0.000e+00
     77.686     8.3869    33.9371    26.3810 1.4652e-01     0.1298      0.018    1483.90     59.253     3.9037  38.584131  0.000e+00
     77.655     8.3884    33.9366    26.3804 1.4652e-01     0.1298      0.015    1483.91     59.256     3.9038  38.584132  0.000e+00
     77.631     8.3891    33.9364    26.3802 1.4652e-01     0.1298      0.015    1483.91     59.261     3.9040  38.584132  0.000e+00
     77.577     8.3898    33.9361    26.3798 1.4652e-01     0.1310      0.015    1483.91     59.265     3.9043  38.584133  0.000e+00
     77.535     8.3903    33.9366    26.3801 1.4652e-01     0.1298      0.015    1483.91     59.271     3.9046  38.584133  0.000e+00
     77.517     8.3908    33.9360    26.3796 1.5873e-01     0.1298      0.015    1483.91     59.277     3.9049  38.584134  0.000e+00
     77.474     8.3913    33.9355    26.3791 1.4652e-01     0.1298      0.015    1483.91     59.283     3.9053  38.584134  0.000e+00
     77.445     8.3913    33.9358    26.3794 1.4652e-01     0.1298      0.015    1483.91     59.291     3.9058  38.584135  0.000e+00
     77.360     8.3919    33.9361    26.3795 1.4652e-01     0.1298      0.015    1483.91     59.298     3.9062  38.584135  0.000e+00
     77.401     8.3926    33.9357    26.3791 1.4652e-01     0.1298      0.015    1483.92     59.307     3.9068  38.584136  0.000e+00
     77.323     8.3930    33.9357    26.3791 1.4652e-01     0.1298      0.015    1483.92     59.316     3.9073  38.584136  0.000e+00
     77.294     8.3934    33.9356    26.3789 1.4652e-01     0.1298      0.015    1483.92     59.325     3.9079  38.584137  0.000e+00
     77.251     8.3935    33.9360    26.3792 1.4652e-01     0.1298      0.018    1483.92     59.335     3.9085  38.584137  0.000e+00
     77.220     8.3940    33.9359    26.3791 1.4652e-01     0.1298      0.015    1483.92     59.277     3.9046  38.584138  0.000e+00
     77.167     8.3945    33.9362    26.3791 1.4652e-01     0.1298      0.015    1483.92     59.335     3.9084  38.584138  0.000e+00
     77.136     8.3953    33.9358    26.3787 1.4652e-01     0.1298      0.015    1483.92     59.339     3.9087  38.584139  0.000e+00
     77.106     8.3957    33.9357    26.3786 1.4652e-01     0.1298      0.015    1483.92     59.344     3.9089  38.584139  0.000e+00
