RAWDATA/IO2019/20190207/Ej1_20190207_down_bin.cnv
* Sea-Bird SBE 9 Data File:
* FileName = C:\CTD Brukere\NIVA\IO2019\20190207\Ej1_20190207.hex
* Software Version Seasave V 7.23.2
* Temperature SN = 5352
* Conductivity SN = 3840
* Number of Bytes Per Scan = 28
* Number of Voltage Words = 4
* Number of Scans Averaged by the Deck Unit = 1
* NMEA baud rate = 4800
** Ship: R/V Trygve Braarud
** Cruise:
** Station:
** Operator:
# nquan = 12
# nvalues = 98                          
# units = specified
# name 0 = depSM: Depth [salt water, m], lat = 59.60
# name 1 = t090C: Temperature [ITS-90, deg C]
# name 2 = sal00: Salinity, Practical [PSU]
# name 3 = sigma-t00: Density [sigma-t, kg/m^3 ]
# name 4 = flSP: Fluorescence, Seapoint
# name 5 = wetStar: Fluorescence, WET Labs WETstar [mg/m^3]
# name 6 = seaTurbMtr: Turbidity, Seapoint [FTU]
# name 7 = svCM: Sound Velocity [Chen-Millero, m/s]
# name 8 = sbeox0PS: Oxygen, SBE 43 [% saturation]
# name 9 = sbeox0ML/L: Oxygen, SBE 43 [ml/l]
# name 10 = timeJ: Julian Days
# name 11 = flag: flag
# span 0 =      1.000,     98.000       
# span 1 =     5.5900,     8.4734       
# span 2 =    32.4281,    33.9358       
# span 3 =    25.5697,    26.3863       
# span 4 = 1.4650e-01, 3.3982e-01       
# span 5 =     0.1276,     0.1299       
# span 6 =      0.011,      0.016       
# span 7 =    1469.87,    1484.03       
# span 8 =     57.987,     61.551       
# span 9 =     3.8361,     4.3097       
# span 10 =  38.581306,  38.583802      
# span 11 = 0.0000e+00, 0.0000e+00      
# interval = meters: 1                  
# start_time = Feb 07 2019 13:56:34 [System UpLoad Time]
# bad_flag = -9.990e-29
*END*
      1.000     5.5900    32.4281    25.5697 3.3982e-01     0.1276      0.012    1469.87     59.550     4.2256  38.581306 0.0000e+00
      2.000     5.6063    32.5908    25.6964 3.1204e-01     0.1284      0.015    1470.16     60.494     4.2863  38.581506 0.0000e+00
      3.000     5.6848    32.5997    25.6942 2.9579e-01     0.1287      0.015    1470.50     60.833     4.3020  38.581524 0.0000e+00
      4.000     5.7329    32.6121    25.6983 2.9078e-01     0.1285      0.015    1470.73     60.913     4.3025  38.581544 0.0000e+00
      5.000     5.7452    32.6156    25.6996 2.9335e-01     0.1285      0.015    1470.80     61.035     4.3097  38.581562 0.0000e+00
      6.000     5.8024    32.6232    25.6988 2.8460e-01     0.1286      0.015    1471.05     60.938     4.2969  38.581580 0.0000e+00
      7.000     5.7921    32.6280    25.7038 2.8837e-01     0.1287      0.015    1471.03     60.547     4.2702  38.581598 0.0000e+00
      8.000     5.8289    32.6301    25.7011 2.8060e-01     0.1285      0.015    1471.20     60.035     4.2304  38.581617 0.0000e+00
      9.000     5.8383    32.6355    25.7042 2.8314e-01     0.1286      0.015    1471.26     59.732     4.2079  38.581636 0.0000e+00
     10.000     5.8324    32.6359    25.7052 2.7982e-01     0.1286      0.015    1471.25     59.708     4.2068  38.581654 0.0000e+00
     11.000     5.8305    32.6364    25.7059 2.8633e-01     0.1288      0.015    1471.26     59.724     4.2081  38.581673 0.0000e+00
     12.000     5.8257    32.6364    25.7064 2.8798e-01     0.1288      0.015    1471.26     59.702     4.2071  38.581692 0.0000e+00
     13.000     5.8303    32.6369    25.7063 2.7597e-01     0.1288      0.015    1471.30     59.792     4.2129  38.581711 0.0000e+00
     14.000     5.8404    32.6389    25.7066 2.7962e-01     0.1286      0.015    1471.35     59.796     4.2122  38.581729 0.0000e+00
     15.000     5.8477    32.6406    25.7070 2.7961e-01     0.1289      0.015    1471.40     59.793     4.2112  38.581748 0.0000e+00
     16.000     5.8514    32.6412    25.7071 2.7163e-01     0.1287      0.015    1471.44     59.771     4.2092  38.581767 0.0000e+00
     17.000     5.8532    32.6415    25.7071 2.7126e-01     0.1286      0.015    1471.46     59.706     4.2045  38.581786 0.0000e+00
     18.000     5.8542    32.6420    25.7074 2.7118e-01     0.1285      0.015    1471.48     59.539     4.1926  38.581805 0.0000e+00
     19.000     5.8512    32.6416    25.7074 2.7159e-01     0.1280      0.011    1471.48     59.327     4.1780  38.581824 0.0000e+00
     20.000     5.8529    32.6421    25.7077 2.7469e-01     0.1283      0.014    1471.51     59.194     4.1684  38.581843 0.0000e+00
     21.000     5.8526    32.6430    25.7084 2.7207e-01     0.1287      0.015    1471.52     59.061     4.1591  38.581862 0.0000e+00
     22.000     5.8520    32.6431    25.7085 2.7108e-01     0.1287      0.015    1471.54     59.370     4.1809  38.581882 0.0000e+00
     23.000     5.8537    32.6436    25.7087 2.6861e-01     0.1288      0.015    1471.56     59.345     4.1789  38.581902 0.0000e+00
     24.000     5.8797    32.6485    25.7095 2.3843e-01     0.1287      0.015    1471.69     59.368     4.1779  38.581921 0.0000e+00
     25.000     6.2656    32.7200    25.7181 2.0065e-01     0.1289      0.015    1473.33     59.335     4.1361  38.581941 0.0000e+00
     26.000     6.9143    32.8722    25.7542 1.9518e-01     0.1290      0.015    1476.09     59.395     4.0744  38.581960 0.0000e+00
     27.000     7.2293    32.9350    25.7612 1.9407e-01     0.1290      0.015    1477.41     60.120     4.0926  38.581980 0.0000e+00
     28.000     7.3820    32.9868    25.7809 1.8749e-01     0.1289      0.015    1478.08     60.452     4.0995  38.581999 0.0000e+00
     29.000     7.5649    33.0637    25.8158 1.7989e-01     0.1291      0.015    1478.90     59.554     4.0199  38.582020 0.0000e+00
     30.000     7.6794    33.1151    25.8399 1.7111e-01     0.1290      0.016    1479.41     58.942     3.9668  38.582039 0.0000e+00
     31.000     7.7316    33.1588    25.8668 1.7211e-01     0.1290      0.015    1479.69     58.696     3.9444  38.582059 0.0000e+00
     32.000     7.7149    33.2015    25.9027 1.6945e-01     0.1290      0.016    1479.69     58.523     3.9332  38.582079 0.0000e+00
     33.000     7.7780    33.2599    25.9395 1.6173e-01     0.1291      0.016    1480.02     58.116     3.8988  38.582098 0.0000e+00
     34.000     7.8634    33.3044    25.9622 1.6123e-01     0.1290      0.016    1480.42     57.987     3.8815  38.582116 0.0000e+00
     35.000     7.9362    33.3546    25.9911 1.6170e-01     0.1291      0.016    1480.77     58.190     3.8874  38.582135 0.0000e+00
     36.000     7.9083    33.4221    26.0481 1.6974e-01     0.1291      0.016    1480.77     58.193     3.8883  38.582155 0.0000e+00
     37.000     7.7770    33.4663    26.1018 1.6844e-01     0.1291      0.015    1480.34     58.257     3.9031  38.582173 0.0000e+00
     38.000     7.6842    33.5160    26.1543 1.6927e-01     0.1294      0.016    1480.06     58.158     3.9034  38.582193 0.0000e+00
     39.000     7.6520    33.5398    26.1776 1.6995e-01     0.1293      0.015    1479.99     58.535     3.9310  38.582213 0.0000e+00
     40.000     7.6015    33.5577    26.1989 1.7094e-01     0.1293      0.016    1479.83     59.524     4.0015  38.582232 0.0000e+00
     41.000     7.6003    33.5707    26.2092 1.5949e-01     0.1294      0.016    1479.86     60.216     4.0478  38.582251 0.0000e+00
     42.000     7.7492    33.6186    26.2255 1.5958e-01     0.1294      0.016    1480.50     60.650     4.0619  38.582270 0.0000e+00
     43.000     7.8384    33.6469    26.2349 1.6038e-01     0.1293      0.015    1480.90     61.162     4.0872  38.582290 0.0000e+00
     44.000     7.8850    33.6714    26.2473 1.5875e-01     0.1292      0.016    1481.12     61.551     4.1082  38.582308 0.0000e+00
     45.000     7.9625    33.6971    26.2561 1.5873e-01     0.1293      0.016    1481.46     61.258     4.0808  38.582328 0.0000e+00
     46.000     8.0117    33.7176    26.2650 1.5717e-01     0.1293      0.015    1481.69     61.138     4.0677  38.582346 0.0000e+00
     47.000     8.0728    33.7451    26.2776 1.5690e-01     0.1291      0.015    1481.97     61.055     4.0559  38.582365 0.0000e+00
     48.000     8.0940    33.7599    26.2860 1.5685e-01     0.1295      0.016    1482.09     60.903     4.0435  38.582384 0.0000e+00
     49.000     8.1196    33.7777    26.2962 1.5526e-01     0.1293      0.015    1482.22     60.663     4.0248  38.582404 0.0000e+00
     50.000     8.1434    33.7930    26.3047 1.5615e-01     0.1295      0.015    1482.35     60.357     4.0019  38.582423 0.0000e+00
     51.000     8.1554    33.8038    26.3113 1.5385e-01     0.1294      0.015    1482.42     60.443     4.0063  38.582442 0.0000e+00
     52.000     8.1751    33.8124    26.3152 1.5466e-01     0.1294      0.016    1482.53     60.512     4.0089  38.582461 0.0000e+00
     53.000     8.1826    33.8159    26.3167 1.5520e-01     0.1295      0.016    1482.58     60.551     4.0107  38.582480 0.0000e+00
     54.000     8.1713    33.8171    26.3194 1.5560e-01     0.1295      0.016    1482.55     60.573     4.0131  38.582498 0.0000e+00
     55.000     8.1878    33.8247    26.3229 1.5710e-01     0.1293      0.016    1482.64     60.440     4.0026  38.582517 0.0000e+00
     56.000     8.2385    33.8408    26.3280 1.5157e-01     0.1294      0.016    1482.87     60.436     3.9974  38.582535 0.0000e+00
     57.000     8.3120    33.8587    26.3308 1.4971e-01     0.1294      0.016    1483.18     60.493     3.9941  38.582554 0.0000e+00
     58.000     8.3354    33.8697    26.3360 1.4814e-01     0.1294      0.015    1483.30     60.557     3.9959  38.582573 0.0000e+00
     59.000     8.3205    33.8686    26.3374 1.4901e-01     0.1294      0.016    1483.26     60.331     3.9824  38.582592 0.0000e+00
     60.000     8.3112    33.8753    26.3440 1.4871e-01     0.1294      0.016    1483.25     59.934     3.9568  38.582611 0.0000e+00
     61.000     8.3816    33.8920    26.3465 1.4713e-01     0.1294      0.016    1483.55     59.638     3.9307  38.582630 0.0000e+00
     62.000     8.4084    33.9003    26.3489 1.4652e-01     0.1296      0.015    1483.68     59.783     3.9377  38.582649 0.0000e+00
     63.000     8.4243    33.9041    26.3495 1.4772e-01     0.1297      0.016    1483.76     59.859     3.9412  38.582667 0.0000e+00
     64.000     8.4505    33.9118    26.3515 1.4711e-01     0.1295      0.016    1483.88     59.440     3.9111  38.582687 0.0000e+00
     65.000     8.4633    33.9160    26.3529 1.4720e-01     0.1296      0.016    1483.95     59.338     3.9032  38.582705 0.0000e+00
     66.000     8.4682    33.9195    26.3549 1.4741e-01     0.1296      0.016    1483.99     59.197     3.8934  38.582724 0.0000e+00
     67.000     8.4734    33.9249    26.3583 1.4651e-01     0.1296      0.015    1484.03     58.694     3.8597  38.582743 0.0000e+00
     68.000     8.4629    33.9258    26.3606 1.4771e-01     0.1296      0.016    1484.01     58.456     3.8449  38.582762 0.0000e+00
     69.000     8.4605    33.9271    26.3620 1.4719e-01     0.1297      0.016    1484.02     58.320     3.8361  38.582781 0.0000e+00
     70.000     8.4503    33.9272    26.3636 1.4710e-01     0.1296      0.016    1484.00     58.433     3.8445  38.582800 0.0000e+00
     71.000     8.4470    33.9292    26.3657 1.4650e-01     0.1298      0.016    1484.01     58.566     3.8534  38.582820 0.0000e+00
     72.000     8.4414    33.9288    26.3663 1.4715e-01     0.1296      0.016    1484.00     58.780     3.8680  38.582838 0.0000e+00
     73.000     8.4344    33.9302    26.3684 1.4684e-01     0.1298      0.016    1483.99     58.949     3.8797  38.582857 0.0000e+00
     74.000     8.4310    33.9331    26.3711 1.4937e-01     0.1297      0.016    1484.00     58.982     3.8821  38.582876 0.0000e+00
     75.000     8.4219    33.9348    26.3739 1.4808e-01     0.1298      0.016    1483.98     58.996     3.8837  38.582896 0.0000e+00
     76.000     8.4098    33.9358    26.3765 1.4722e-01     0.1297      0.016    1483.96     59.084     3.8906  38.582914 0.0000e+00
     77.000     8.4028    33.9358    26.3776 1.4903e-01     0.1298      0.016    1483.95     59.018     3.8869  38.582932 0.0000e+00
     78.000     8.3908    33.9357    26.3793 1.4934e-01     0.1298      0.016    1483.92     58.859     3.8774  38.582950 0.0000e+00
     79.000     8.3842    33.9355    26.3802 1.4756e-01     0.1298      0.016    1483.91     58.793     3.8737  38.582968 0.0000e+00
     80.000     8.3812    33.9353    26.3805 1.4686e-01     0.1297      0.015    1483.92     58.835     3.8767  38.582986 0.0000e+00
     81.000     8.3748    33.9348    26.3811 1.5052e-01     0.1298      0.016    1483.91     58.921     3.8829  38.583005 0.0000e+00
     82.000     8.3673    33.9342    26.3817 1.4965e-01     0.1298      0.016    1483.90     59.078     3.8939  38.583024 0.0000e+00
     83.000     8.3620    33.9335    26.3820 1.4884e-01     0.1297      0.016    1483.89     59.120     3.8972  38.583042 0.0000e+00
     84.000     8.3570    33.9327    26.3822 1.4805e-01     0.1298      0.016    1483.89     59.270     3.9075  38.583061 0.0000e+00
     85.000     8.3467    33.9316    26.3829 1.4958e-01     0.1298      0.016    1483.87     59.288     3.9097  38.583080 0.0000e+00
     86.000     8.3406    33.9319    26.3840 1.4949e-01     0.1298      0.015    1483.86     59.276     3.9094  38.583098 0.0000e+00
     87.000     8.3361    33.9312    26.3841 1.4902e-01     0.1298      0.016    1483.86     59.262     3.9089  38.583117 0.0000e+00
     88.000     8.3300    33.9306    26.3846 1.4877e-01     0.1297      0.016    1483.85     59.516     3.9262  38.583135 0.0000e+00
     89.000     8.3230    33.9293    26.3846 1.4871e-01     0.1298      0.016    1483.84     59.604     3.9326  38.583154 0.0000e+00
     90.000     8.3116    33.9274    26.3849 1.4832e-01     0.1298      0.016    1483.81     59.574     3.9317  38.583171 0.0000e+00
     91.000     8.3019    33.9263    26.3855 1.5026e-01     0.1298      0.015    1483.79     59.532     3.9298  38.583188 0.0000e+00
     92.000     8.2937    33.9253    26.3859 1.5231e-01     0.1298      0.016    1483.77     59.619     3.9363  38.583206 0.0000e+00
     93.000     8.2876    33.9246    26.3863 1.4834e-01     0.1298      0.015    1483.77     59.626     3.9373  38.583223 0.0000e+00
     94.000     8.2830    33.9234    26.3861 1.5048e-01     0.1298      0.015    1483.77     59.642     3.9388  38.583240 0.0000e+00
     95.000     8.2754    33.9223    26.3863 1.5700e-01     0.1298      0.016    1483.75     59.609     3.9373  38.583474 0.0000e+00
     96.000     8.2779    33.9227    26.3862 1.4912e-01     0.1299      0.016    1483.78     59.673     3.9413  38.583729 0.0000e+00
     97.000     8.2776    33.9227    26.3863 1.4963e-01     0.1298      0.016    1483.79     59.746     3.9462  38.583752 0.0000e+00
     98.000     8.2754    33.9223    26.3863 1.5576e-01     0.1298      0.016    1483.80     59.617     3.9379  38.583802 0.0000e+00
