RAWDATA/20190228/Ap2_20190228_down.cnv
* Sea-Bird SBE 9 Data File:
* FileName = C:\CTD Brukere\NIVA\IO2019\20190228\Ap2_20190228.hex
* Software Version Seasave V 7.23.2
* Temperature SN = 5352
* Conductivity SN = 3840
* Number of Bytes Per Scan = 28
* Number of Voltage Words = 4
* Number of Scans Averaged by the Deck Unit = 1
* NMEA baud rate = 4800
** Ship: R/V Trygve Braarud
** Cruise:
** Station:
** Operator:
# nquan = 14
# nvalues = 2313                                  
# units = specified
# name 0 = depSM: Depth [salt water, m], lat = 59.60
# name 1 = t090C: Temperature [ITS-90, deg C]
# name 2 = sal00: Salinity, Practical [PSU]
# name 3 = sigma-t00: Density [sigma-t, kg/m^3 ]
# name 4 = flSP: Fluorescence, Seapoint
# name 5 = wetStar: Fluorescence, WET Labs WETstar [mg/m^3]
# name 6 = seaTurbMtr: Turbidity, Seapoint [FTU]
# name 7 = svCM: Sound Velocity [Chen-Millero, m/s]
# name 8 = sbeox0PS: Oxygen, SBE 43 [% saturation]
# name 9 = sbeox0Mg/L: Oxygen, SBE 43 [mg/l]
# name 10 = timeJ: Julian Days
# name 11 = sbeox0ML/L: Oxygen, SBE 43 [ml/l]
# name 12 = prDM: Pressure, Digiquartz [db]
# name 13 = flag:  0.000e+00
# span 0 =     -0.183,     23.666                 
# span 1 =     2.7707,     7.0710                 
# span 2 =    27.2482,    32.6858                 
# span 3 =    21.7183,    25.5879                 
# span 4 = 1.8315e-01, 1.6972e+00                 
# span 5 =     0.1249,     0.1298                 
# span 6 =      0.007,      0.073                 
# span 7 =    1451.41,    1476.42                 
# span 8 =     34.471,     73.299                 
# span 9 =     3.3732,     8.0622                 
# span 10 =  59.370312,  59.371427                
# span 11 =     2.3604,     5.6415                
# span 12 =     -0.185,     23.892                
# span 13 = 0.0000e+00, 0.0000e+00                
# interval = seconds: 0.0416667
# start_time = Feb 28 2019 08:53:15 [System UpLoad Time]
# bad_flag = -9.990e-29
*END*
[from data line 1859]
     22.695     6.9873    32.6341    25.5571 2.0757e-01     0.1273      0.044    1476.02     40.024     3.9232  59.371209     2.7452     22.912  0.000e+00
     22.695     6.9915    32.6357    25.5579 2.0757e-01     0.1285      0.044    1476.04     39.993     3.9197  59.371209     2.7428     22.912  0.000e+00
     22.695     6.9991    32.6329    25.5546 2.0757e-01     0.1285      0.044    1476.07     40.017     3.9215  59.371210     2.7440     22.912  0.000e+00
     22.708     7.0004    32.6341    25.5554 2.0757e-01     0.1285      0.044    1476.08     39.980     3.9177  59.371210     2.7414     22.925  0.000e+00
     22.695     6.9923    32.6408    25.5617 2.0757e-01     0.1285      0.044    1476.05     39.998     3.9200  59.371211     2.7430     22.912  0.000e+00
     22.695     6.9834    32.6464    25.5674 1.9536e-01     0.1285      0.044    1476.02     39.954     3.9163  59.371211     2.7404     22.912  0.000e+00
     22.708     6.9835    32.6429    25.5646 1.9536e-01     0.1285      0.044    1476.02     39.972     3.9183  59.371212     2.7418     22.925  0.000e+00
     22.684     6.9869    32.6366    25.5591 1.9536e-01     0.1285      0.044    1476.02     39.992     3.9200  59.371212     2.7430     22.900  0.000e+00
     22.708     6.9848    32.6374    25.5601 2.0757e-01     0.1285      0.044    1476.02     39.957     3.9168  59.371213     2.7407     22.925  0.000e+00
     22.695     6.9837    32.6410    25.5630 2.0757e-01     0.1285      0.044    1476.02     39.914     3.9126  59.371213     2.7378     22.912  0.000e+00
     22.695     6.9903    32.6403    25.5616 2.0757e-01     0.1285      0.044    1476.04     39.927     3.9133  59.371214     2.7383     22.912  0.000e+00
     22.708     6.9990    32.6385    25.5591 2.0757e-01     0.1285      0.044    1476.08     39.886     3.9085  59.371214     2.7349     22.925  0.000e+00
     22.695     7.0014    32.6412    25.5609 2.0757e-01     0.1285      0.044    1476.09     39.899     3.9095  59.371215     2.7356     22.912  0.000e+00
     22.695     6.9991    32.6454    25.5644 2.0757e-01     0.1285      0.044    1476.08     39.858     3.9056  59.371215     2.7329     22.912  0.000e+00
     22.695     6.9996    32.6455    25.5644 2.0757e-01     0.1285      0.044    1476.09     39.872     3.9069  59.371216     2.7338     22.912  0.000e+00
     22.708     7.0015    32.6448    25.5636 2.0757e-01     0.1285      0.044    1476.09     39.824     3.9020  59.371216     2.7304     22.925  0.000e+00
     22.695     7.0036    32.6451    25.5636 2.1978e-01     0.1285      0.044    1476.10     39.830     3.9025  59.371217     2.7307     22.912  0.000e+00
     22.695     7.0049    32.6451    25.5634 2.5641e-01     0.1273      0.044    1476.11     39.774     3.8969  59.371217     2.7268     22.912  0.000e+00
     22.708     7.0044    32.6459    25.5641 3.2967e-01     0.1285      0.044    1476.11     39.780     3.8975  59.371218     2.7272     22.925  0.000e+00
     22.671     7.0032    32.6457    25.5641 3.6630e-01     0.1285      0.044    1476.10     39.732     3.8928  59.371218     2.7240     22.887  0.000e+00
     22.729     6.9983    32.6473    25.5660 3.4188e-01     0.1273      0.044    1476.08     39.676     3.8878  59.371219     2.7204     22.946  0.000e+00
     22.695     6.9940    32.6483    25.5674 3.0525e-01     0.1285      0.044    1476.07     39.612     3.8819  59.371219     2.7163     22.912  0.000e+00
     22.708     6.9919    32.6475    25.5671 2.6862e-01     0.1285      0.044    1476.06     39.611     3.8820  59.371220     2.7164     22.925  0.000e+00
     22.695     6.9930    32.6458    25.5656 2.4420e-01     0.1285      0.044    1476.06     39.548     3.8757  59.371220     2.7120     22.912  0.000e+00
     22.695     6.9995    32.6429    25.5625 2.4420e-01     0.1285      0.044    1476.08     39.547     3.8751  59.371221     2.7116     22.912  0.000e+00
     22.708     7.0044    32.6423    25.5613 2.6862e-01     0.1285      0.044    1476.10     39.484     3.8686  59.371221     2.7070     22.925  0.000e+00
     22.695     7.0061    32.6437    25.5621 2.5641e-01     0.1285      0.044    1476.11     39.422     3.8623  59.371222     2.7026     22.912  0.000e+00
     22.695     7.0068    32.6457    25.5636 2.4420e-01     0.1285      0.044    1476.11     39.352     3.8553  59.371222     2.6977     22.912  0.000e+00
     22.708     7.0095    32.6448    25.5626 2.3199e-01     0.1285      0.044    1476.12     39.275     3.8476  59.371223     2.6923     22.925  0.000e+00
     22.695     7.0117    32.6445    25.5621 2.1978e-01     0.1285      0.044    1476.13     39.261     3.8460  59.371223     2.6912     22.912  0.000e+00
     22.708     7.0135    32.6451    25.5622 2.1978e-01     0.1285      0.044    1476.14     39.193     3.8391  59.371223     2.6864     22.925  0.000e+00
     22.695     7.0132    32.6459    25.5630 2.0757e-01     0.1285      0.044    1476.14     39.118     3.8318  59.371224     2.6813     22.912  0.000e+00
     22.695     7.0112    32.6433    25.5611 2.0757e-01     0.1285      0.044    1476.13     39.036     3.8240  59.371224     2.6758     22.912  0.000e+00
     22.708     7.0082    32.6395    25.5585 2.0757e-01     0.1285      0.044    1476.11     38.947     3.8157  59.371225     2.6700     22.925  0.000e+00
     22.695     7.0047    32.6351    25.5556 2.0757e-01     0.1285      0.044    1476.09     38.859     3.8075  59.371225     2.6642     22.912  0.000e+00
     22.708     6.9997    32.6341    25.5554 2.0757e-01     0.1285      0.044    1476.07     38.826     3.8047  59.371226     2.6623     22.925  0.000e+00
     22.695     6.9953    32.6391    25.5600 2.0757e-01     0.1285      0.044    1476.06     38.740     3.7965  59.371226     2.6566     22.912  0.000e+00
     22.708     6.9937    32.6440    25.5640 2.0757e-01     0.1298      0.044    1476.06     38.655     3.7882  59.371227     2.6508     22.925  0.000e+00
     22.695     6.9968    32.6423    25.5623 1.9536e-01     0.1285      0.044    1476.07     38.572     3.7799  59.371227     2.6449     22.912  0.000e+00
     22.695     6.9980    32.6414    25.5614 1.9536e-01     0.1285      0.044    1476.07     38.483     3.7711  59.371228     2.6388     22.912  0.000e+00
     22.708     7.0009    32.6425    25.5619 1.9536e-01     0.1285      0.044    1476.09     38.458     3.7683  59.371228     2.6368     22.925  0.000e+00
     22.695     7.0074    32.6439    25.5622 1.9536e-01     0.1285      0.044    1476.11     38.310     3.7533  59.371229     2.6263     22.912  0.000e+00
     22.708     7.0105    32.6477    25.5647 1.9536e-01     0.1273      0.044    1476.13     38.274     3.7493  59.371229     2.6235     22.925  0.000e+00
     22.695     7.0114    32.6497    25.5662 2.0757e-01     0.1285      0.044    1476.14     38.246     3.7465  59.371230     2.6216     22.912  0.000e+00
     22.695     7.0118    32.6506    25.5668 1.9536e-01     0.1285      0.044    1476.14     38.166     3.7386  59.371230     2.6160     22.912  0.000e+00
     22.708     7.0135    32.6498    25.5660 2.0757e-01     0.1285      0.044    1476.15     38.019     3.7240  59.371231     2.6058     22.925  0.000e+00
     22.684     7.0159    32.6479    25.5642 2.0757e-01     0.1285      0.044    1476.15     37.928     3.7150  59.371231     2.5995     22.900  0.000e+00
     22.708     7.0170    32.6477    25.5638 2.0757e-01     0.1285      0.044    1476.16     37.840     3.7063  59.371232     2.5934     22.925  0.000e+00
     22.695     7.0187    32.6463    25.5626 1.9536e-01     0.1285      0.044    1476.16     37.810     3.7032  59.371232     2.5913     22.912  0.000e+00
     22.695     7.0194    32.6465    25.5626 1.9536e-01     0.1285      0.044    1476.16     37.666     3.6890  59.371233     2.5814     22.912  0.000e+00
     22.695     7.0207    32.6482    25.5637 1.9536e-01     0.1285      0.044    1476.17     37.633     3.6857  59.371233     2.5790     22.912  0.000e+00
     22.695     7.0253    32.6481    25.5631 1.9536e-01     0.1285      0.044    1476.19     37.612     3.6832  59.371234     2.5773     22.912  0.000e+00
     22.708     7.0284    32.6496    25.5638 1.9536e-01     0.1285      0.044    1476.20     37.532     3.6751  59.371234     2.5716     22.925  0.000e+00
     22.684     7.0293    32.6508    25.5646 1.9536e-01     0.1285      0.044    1476.21     37.392     3.6613  59.371235     2.5620     22.900  0.000e+00
     22.695     7.0298    32.6511    25.5648 1.9536e-01     0.1285      0.044    1476.21     37.303     3.6525  59.371235     2.5558     22.912  0.000e+00
     22.695     7.0298    32.6528    25.5661 1.9536e-01     0.1285      0.044    1476.21     37.280     3.6502  59.371236     2.5542     22.912  0.000e+00
     22.695     7.0300    32.6540    25.5670 2.0757e-01     0.1285      0.044    1476.21     37.206     3.6429  59.371236     2.5491     22.912  0.000e+00
     22.684     7.0311    32.6536    25.5666 1.9536e-01     0.1285      0.044    1476.22     37.128     3.6352  59.371236     2.5437     22.900  0.000e+00
     22.684     7.0279    32.6553    25.5684 1.9536e-01     0.1285      0.044    1476.21     37.046     3.6274  59.371237     2.5383     22.900  0.000e+00
     22.684     7.0218    32.6571    25.5706 1.9536e-01     0.1285      0.044    1476.19     36.968     3.6203  59.371237     2.5332     22.900  0.000e+00
     22.695     7.0209    32.6563    25.5701 1.9536e-01     0.1285      0.044    1476.18     36.949     3.6185  59.371238     2.5320     22.912  0.000e+00
     22.684     7.0229    32.6552    25.5690 2.0757e-01     0.1285      0.044    1476.19     36.880     3.6116  59.371238     2.5272     22.900  0.000e+00
     22.684     7.0241    32.6539    25.5678 2.0757e-01     0.1285      0.044    1476.19     36.807     3.6044  59.371239     2.5221     22.900  0.000e+00
     22.684     7.0233    32.6543    25.5682 1.9536e-01     0.1285      0.044    1476.19     36.739     3.5977  59.371239     2.5175     22.900  0.000e+00
     22.684     7.0226    32.6533    25.5675 1.9536e-01     0.1298      0.044    1476.19     36.667     3.5908  59.371240     2.5126     22.900  0.000e+00
     22.671     7.0239    32.6499    25.5647 1.9536e-01     0.1285      0.044    1476.19     36.662     3.5903  59.371240     2.5123     22.887  0.000e+00
     22.671     7.0212    32.6504    25.5655 1.9536e-01     0.1285      0.044    1476.18     36.661     3.5904  59.371241     2.5124     22.887  0.000e+00
     22.684     7.0210    32.6513    25.5662 1.9536e-01     0.1273      0.044    1476.18     36.549     3.5794  59.371241     2.5046     22.900  0.000e+00
     22.671     7.0206    32.6524    25.5671 1.9536e-01     0.1285      0.044    1476.18     36.550     3.5795  59.371242     2.5047     22.887  0.000e+00
     22.671     7.0191    32.6527    25.5675 1.9536e-01     0.1285      0.044    1476.17     36.493     3.5740  59.371242     2.5009     22.887  0.000e+00
     22.671     7.0180    32.6521    25.5672 1.9536e-01     0.1285      0.044    1476.17     36.433     3.5683  59.371243     2.4969     22.887  0.000e+00
     22.671     7.0173    32.6516    25.5669 1.9536e-01     0.1285      0.044    1476.16     36.440     3.5690  59.371243     2.4974     22.887  0.000e+00
     22.659     7.0156    32.6517    25.5672 1.9536e-01     0.1285      0.044    1476.16     36.389     3.5642  59.371244     2.4940     22.876  0.000e+00
     22.659     7.0130    32.6510    25.5670 1.9536e-01     0.1285      0.044    1476.14     36.343     3.5599  59.371244     2.4910     22.876  0.000e+00
     22.659     7.0096    32.6512    25.5676 1.9536e-01     0.1285      0.044    1476.13     36.356     3.5614  59.371245     2.4921     22.876  0.000e+00
     22.659     7.0074    32.6547    25.5707 1.9536e-01     0.1285      0.044    1476.13     36.312     3.5572  59.371245     2.4891     22.876  0.000e+00
     22.659     7.0078    32.6561    25.5717 1.9536e-01     0.1298      0.044    1476.13     36.264     3.5525  59.371246     2.4858     22.876  0.000e+00
     22.659     7.0089    32.6543    25.5702 1.9536e-01     0.1285      0.044    1476.13     36.276     3.5535  59.371246     2.4866     22.876  0.000e+00
     22.648     7.0090    32.6533    25.5694 1.9536e-01     0.1285      0.044    1476.13     36.237     3.5498  59.371247     2.4839     22.864  0.000e+00
     22.659     7.0150    32.6488    25.5650 1.9536e-01     0.1285      0.044    1476.15     36.195     3.5453  59.371247     2.4808     22.876  0.000e+00
     22.648     7.0188    32.6498    25.5653 1.9536e-01     0.1285      0.044    1476.17     36.213     3.5467  59.371248     2.4817     22.864  0.000e+00
     22.648     7.0205    32.6546    25.5688 1.9536e-01     0.1298      0.044    1476.18     36.172     3.5424  59.371248     2.4788     22.864  0.000e+00
     22.635     7.0249    32.6573    25.5703 2.0757e-01     0.1285      0.044    1476.20     36.128     3.5377  59.371249     2.4755     22.851  0.000e+00
     22.659     7.0291    32.6579    25.5703 2.0757e-01     0.1285      0.044    1476.22     36.142     3.5387  59.371249     2.4762     22.876  0.000e+00
     22.635     7.0322    32.6573    25.5694 2.0757e-01     0.1285      0.044    1476.23     36.106     3.5350  59.371250     2.4736     22.851  0.000e+00
     22.635     7.0348    32.6565    25.5684 2.0757e-01     0.1285      0.044    1476.24     36.128     3.5370  59.371250     2.4750     22.851  0.000e+00
     22.635     7.0353    32.6571    25.5688 2.0757e-01     0.1298      0.044    1476.24     36.092     3.5334  59.371250     2.4725     22.851  0.000e+00
     22.635     7.0357    32.6555    25.5675 1.9536e-01     0.1285      0.044    1476.24     36.053     3.5295  59.371251     2.4697     22.851  0.000e+00
     22.635     7.0346    32.6545    25.5669 1.9536e-01     0.1285      0.044    1476.23     36.071     3.5314  59.371251     2.4711     22.851  0.000e+00
     22.635     7.0333    32.6541    25.5667 1.9536e-01     0.1285      0.044    1476.23     36.101     3.5344  59.371252     2.4732     22.851  0.000e+00
     22.635     7.0316    32.6551    25.5677 1.9536e-01     0.1285      0.044    1476.22     36.064     3.5310  59.371252     2.4708     22.851  0.000e+00
     22.635     7.0316    32.6540    25.5668 1.9536e-01     0.1298      0.044    1476.22     36.031     3.5278  59.371253     2.4685     22.851  0.000e+00
     22.624     7.0325    32.6530    25.5660 1.9536e-01     0.1285      0.044    1476.22     36.064     3.5309  59.371253     2.4707     22.840  0.000e+00
     22.635     7.0333    32.6536    25.5663 1.9536e-01     0.1285      0.044    1476.23     36.038     3.5283  59.371254     2.4689     22.851  0.000e+00
     22.635     7.0348    32.6536    25.5661 1.9536e-01     0.1285      0.044    1476.23     36.000     3.5245  59.371254     2.4662     22.851  0.000e+00
     22.635     7.0368    32.6542    25.5663 1.9536e-01     0.1285      0.044    1476.24     36.020     3.5262  59.371255     2.4674     22.851  0.000e+00
     22.624     7.0384    32.6552    25.5669 2.0757e-01     0.1285      0.044    1476.25     35.981     3.5222  59.371255     2.4646     22.840  0.000e+00
     22.624     7.0401    32.6546    25.5662 1.9536e-01     0.1285      0.044    1476.25     36.006     3.5246  59.371256     2.4663     22.840  0.000e+00
     22.635     7.0413    32.6547    25.5661 1.9536e-01     0.1285      0.044    1476.26     36.027     3.5266  59.371256     2.4677     22.851  0.000e+00
     22.635     7.0413    32.6558    25.5670 1.9536e-01     0.1285      0.044    1476.26     35.996     3.5235  59.371257     2.4655     22.851  0.000e+00
     22.635     7.0415    32.6555    25.5667 1.9536e-01     0.1285      0.044    1476.26     35.967     3.5207  59.371257     2.4636     22.851  0.000e+00
     22.612     7.0415    32.6558    25.5669 1.9536e-01     0.1285      0.044    1476.26     35.934     3.5174  59.371258     2.4613     22.828  0.000e+00
