RAWDATA/20190228/Ap2_20190228_down.cnv
* Sea-Bird SBE 9 Data File:
* FileName = C:\CTD Brukere\NIVA\IO2019\20190228\Ap2_20190228.hex
* Software Version Seasave V 7.23.2
* Temperature SN = 5352
* Conductivity SN = 3840
* Number of Bytes Per Scan = 28
* Number of Voltage Words = 4
* Number of Scans Averaged by the Deck Unit = 1
* NMEA baud rate = 4800
** Ship: R/V Trygve Braarud
** Cruise:
** Station:
** Operator:
# nquan = 14
# nvalues = 2313                                  
# units = specified
# name 0 = depSM: Depth [salt water, m], lat = 59.60
# name 1 = t090C: Temperature [ITS-90, deg C]
# name 2 = sal00: Salinity, Practical [PSU]
# name 3 = sigma-t00: Density [sigma-t, kg/m^3 ]
# name 4 = flSP: Fluorescence, Seapoint
# name 5 = wetStar: Fluorescence, WET Labs WETstar [mg/m^3]
# name 6 = seaTurbMtr: Turbidity, Seapoint [FTU]
# name 7 = svCM: Sound Velocity [Chen-Millero, m/s]
# name 8 = sbeox0PS: Oxygen, SBE 43 [% saturation]
# name 9 = sbeox0Mg/L: Oxygen, SBE 43 [mg/l]
# name 10 = timeJ: Julian Days
# name 11 = sbeox0ML/L: Oxygen, SBE 43 [ml/l]
# name 12 = prDM: Pressure, Digiquartz [db]
# name 13 = flag:  0.000e+00
# span 0 =     -0.183,     23.666                 
# span 1 =     2.7707,     7.0710                 
# span 2 =    27.2482,    32.6858                 
# span 3 =    21.7183,    25.5879                 
# span 4 = 1.8315e-01, 1.6972e+00                 
# span 5 =     0.1249,     0.1298                 
# span 6 =      0.007,      0.073                 
# span 7 =    1451.41,    1476.42                 
# span 8 =     34.471,     73.299                 
# span 9 =     3.3732,     8.0622                 
# span 10 =  59.370312,  59.371427                
# span 11 =     2.3604,     5.6415                
# span 12 =     -0.185,     23.892                
# span 13 = 0.0000e+00, 0.0000e+00                
# interval = seconds: 0.0416667
# start_time = Feb 28 2019 08:53:15 [System UpLoad Time]
# bad_flag = -9.990e-29
*END*
[from data line 826]
      3.577     3.1136    28.4234    22.6308 4.6398e-01     0.1285      0.018    1454.43     60.383     6.6808  59.370711     4.6749      3.611  0.000e+00
      3.578     3.1174    28.4325    22.6377 4.6398e-01     0.1273      0.015    1454.46     60.637     6.7078  59.370711     4.6937      3.612  0.000e+00
      3.603     3.1211    28.4443    22.6469 4.5177e-01     0.1273      0.015    1454.49     60.937     6.7399  59.370712     4.7162      3.637  0.000e+00
      3.614     3.1246    28.4687    22.6660 4.3956e-01     0.1273      0.015    1454.53     61.248     6.7725  59.370712     4.7390      3.648  0.000e+00
      3.638     3.1267    28.4859    22.6796 4.2735e-01     0.1285      0.018    1454.57     61.486     6.7977  59.370713     4.7566      3.673  0.000e+00
      3.650     3.1278    28.5007    22.6913 4.2735e-01     0.1261      0.015    1454.59     61.778     6.8291  59.370713     4.7786      3.684  0.000e+00
      3.674     3.1294    28.5076    22.6967 4.2735e-01     0.1285      0.018    1454.61     62.014     6.8546  59.370714     4.7965      3.709  0.000e+00
      3.698     3.1310    28.5112    22.6994 4.3956e-01     0.1273      0.015    1454.62     62.304     6.8862  59.370714     4.8185      3.733  0.000e+00
      3.709     3.1323    28.5143    22.7017 4.3956e-01     0.1273      0.015    1454.63     62.591     6.9176  59.370715     4.8405      3.745  0.000e+00
      3.734     3.1335    28.5177    22.7044 4.3956e-01     0.1273      0.015    1454.64     62.875     6.9486  59.370715     4.8622      3.769  0.000e+00
      3.756     3.1355    28.5226    22.7082 4.3956e-01     0.1285      0.015    1454.65     63.092     6.9720  59.370716     4.8786      3.792  0.000e+00
      3.781     3.1369    28.5269    22.7115 4.3956e-01     0.1273      0.015    1454.66     63.359     7.0011  59.370716     4.8989      3.817  0.000e+00
      3.794     3.1393    28.5306    22.7142 4.2735e-01     0.1273      0.015    1454.68     63.566     7.0234  59.370717     4.9146      3.830  0.000e+00
      3.818     3.1408    28.5342    22.7170 4.1514e-01     0.1273      0.018    1454.69     63.824     7.0514  59.370717     4.9342      3.854  0.000e+00
      3.841     3.1407    28.5424    22.7235 4.1514e-01     0.1273      0.015    1454.70     64.077     7.0790  59.370718     4.9535      3.877  0.000e+00
      3.853     3.1402    28.5466    22.7269 4.2735e-01     0.1285      0.018    1454.71     64.261     7.0992  59.370718     4.9676      3.890  0.000e+00
      3.889     3.1394    28.5516    22.7310 4.3956e-01     0.1273      0.015    1454.71     64.502     7.1257  59.370719     4.9861      3.926  0.000e+00
      3.900     3.1382    28.5559    22.7345 4.2735e-01     0.1273      0.018    1454.71     64.745     7.1526  59.370719     5.0049      3.937  0.000e+00
      3.925     3.1363    28.5584    22.7366 4.1514e-01     0.1273      0.015    1454.71     64.990     7.1799  59.370720     5.0241      3.962  0.000e+00
      3.947     3.1343    28.5581    22.7365 4.1514e-01     0.1285      0.018    1454.70     65.165     7.1995  59.370720     5.0378      3.985  0.000e+00
      3.972     3.1335    28.5570    22.7357 4.0293e-01     0.1285      0.015    1454.69     65.330     7.2180  59.370720     5.0507      4.009  0.000e+00
      3.985     3.1340    28.5569    22.7356 4.1514e-01     0.1285      0.018    1454.69     65.614     7.2493  59.370721     5.0726      4.022  0.000e+00
      4.009     3.1334    28.5620    22.7397 4.1514e-01     0.1273      0.015    1454.70     65.772     7.2666  59.370721     5.0847      4.047  0.000e+00
      4.044     3.1317    28.5670    22.7438 4.1514e-01     0.1273      0.015    1454.70     65.921     7.2832  59.370722     5.0963      4.083  0.000e+00
      4.056     3.1299    28.5697    22.7461 4.1514e-01     0.1273      0.015    1454.69     66.125     7.3059  59.370722     5.1122      4.094  0.000e+00
      4.080     3.1306    28.5702    22.7464 4.1514e-01     0.1273      0.015    1454.70     66.336     7.3291  59.370723     5.1285      4.119  0.000e+00
      4.103     3.1323    28.5708    22.7468 4.2735e-01     0.1273      0.015    1454.71     66.474     7.3439  59.370723     5.1388      4.142  0.000e+00
      4.127     3.1348    28.5719    22.7475 4.2735e-01     0.1285      0.015    1454.72     66.665     7.3645  59.370724     5.1532      4.166  0.000e+00
      4.140     3.1376    28.5733    22.7484 4.2735e-01     0.1273      0.015    1454.73     66.790     7.3778  59.370724     5.1625      4.179  0.000e+00
      4.187     3.1402    28.5755    22.7500 4.3956e-01     0.1273      0.015    1454.75     66.979     7.3981  59.370725     5.1767      4.227  0.000e+00
      4.187     3.1428    28.5777    22.7515 4.2735e-01     0.1273      0.018    1454.76     67.167     7.4182  59.370725     5.1908      4.227  0.000e+00
      4.223     3.1454    28.5826    22.7552 4.3956e-01     0.1273      0.015    1454.78     67.353     7.4380  59.370726     5.2047      4.263  0.000e+00
      4.235     3.1469    28.5860    22.7578 4.5177e-01     0.1285      0.018    1454.79     67.474     7.4510  59.370726     5.2137      4.276  0.000e+00
      4.269     3.1473    28.5927    22.7631 4.5177e-01     0.1273      0.015    1454.80     67.586     7.4628  59.370727     5.2221      4.310  0.000e+00
      4.282     3.1475    28.5954    22.7652 4.3956e-01     0.1273      0.015    1454.81     67.759     7.4818  59.370727     5.2353      4.323  0.000e+00
      4.307     3.1466    28.5983    22.7676 4.2735e-01     0.1285      0.015    1454.81     67.877     7.4948  59.370728     5.2444      4.348  0.000e+00
      4.342     3.1459    28.5997    22.7688 4.2735e-01     0.1273      0.015    1454.81     68.102     7.5198  59.370728     5.2619      4.384  0.000e+00
      4.367     3.1450    28.6044    22.7726 4.2735e-01     0.1285      0.015    1454.81     68.216     7.5323  59.370729     5.2706      4.408  0.000e+00
      4.367     3.1443    28.6086    22.7760 4.2735e-01     0.1273      0.018    1454.81     68.328     7.5445  59.370729     5.2792      4.408  0.000e+00
      4.425     3.1433    28.6130    22.7795 4.5177e-01     0.1273      0.015    1454.81     68.429     7.5557  59.370730     5.2870      4.467  0.000e+00
      4.438     3.1420    28.6157    22.7818 4.5177e-01     0.1273      0.015    1454.81     68.593     7.5739  59.370730     5.2997      4.480  0.000e+00
      4.451     3.1410    28.6184    22.7841 4.3956e-01     0.1273      0.015    1454.81     68.764     7.5928  59.370731     5.3130      4.493  0.000e+00
      4.473     3.1401    28.6198    22.7852 4.2735e-01     0.1285      0.015    1454.81     68.869     7.6045  59.370731     5.3212      4.516  0.000e+00
      4.498     3.1389    28.6206    22.7859 4.1514e-01     0.1273      0.015    1454.81     69.027     7.6221  59.370732     5.3335      4.540  0.000e+00
      4.520     3.1385    28.6183    22.7841 4.1514e-01     0.1273      0.015    1454.80     69.119     7.6325  59.370732     5.3407      4.563  0.000e+00
      4.546     3.1390    28.6171    22.7831 4.0293e-01     0.1273      0.015    1454.80     69.272     7.6493  59.370733     5.3525      4.589  0.000e+00
      4.558     3.1392    28.6188    22.7845 4.0293e-01     0.1273      0.018    1454.81     69.359     7.6588  59.370733     5.3592      4.601  0.000e+00
      4.582     3.1396    28.6250    22.7894 4.6398e-01     0.1273      0.015    1454.82     69.517     7.6759  59.370734     5.3711      4.625  0.000e+00
      4.605     3.1403    28.6298    22.7932 4.6398e-01     0.1273      0.015    1454.83     69.619     7.6868  59.370734     5.3787      4.648  0.000e+00
      4.627     3.1401    28.6363    22.7984 4.5177e-01     0.1273      0.015    1454.83     69.711     7.6966  59.370734     5.3857      4.671  0.000e+00
      4.642     3.1397    28.6387    22.8003 4.3956e-01     0.1273      0.015    1454.84     69.793     7.7056  59.370735     5.3919      4.686  0.000e+00
      4.664     3.1404    28.6417    22.8026 4.2735e-01     0.1273      0.015    1454.84     69.873     7.7141  59.370735     5.3979      4.709  0.000e+00
      4.689     3.1407    28.6474    22.8072 4.1514e-01     0.1285      0.015    1454.85     70.016     7.7295  59.370736     5.4087      4.733  0.000e+00
      4.700     3.1410    28.6616    22.8185 4.1514e-01     0.1273      0.015    1454.87     70.094     7.7373  59.370736     5.4141      4.745  0.000e+00
      4.734     3.1416    28.6752    22.8293 4.5177e-01     0.1285      0.015    1454.89     70.171     7.7450  59.370737     5.4195      4.779  0.000e+00
      4.749     3.1418    28.6894    22.8405 4.6398e-01     0.1273      0.015    1454.91     70.302     7.7588  59.370737     5.4291      4.794  0.000e+00
      4.760     3.1408    28.7005    22.8494 4.2735e-01     0.1273      0.018    1454.92     70.379     7.7668  59.370738     5.4348      4.805  0.000e+00
      4.797     3.1401    28.7054    22.8534 4.0293e-01     0.1285      0.015    1454.93     70.455     7.7751  59.370738     5.4406      4.843  0.000e+00
      4.809     3.1390    28.7029    22.8515 4.1514e-01     0.1273      0.015    1454.92     70.595     7.7909  59.370739     5.4516      4.854  0.000e+00
      4.843     3.1383    28.7044    22.8528 4.1514e-01     0.1285      0.015    1454.92     70.671     7.7993  59.370739     5.4575      4.888  0.000e+00
      4.855     3.1394    28.7157    22.8616 4.0293e-01     0.1285      0.015    1454.94     70.746     7.8068  59.370740     5.4627      4.902  0.000e+00
      4.868     3.1414    28.7369    22.8784 4.0293e-01     0.1273      0.015    1454.97     70.874     7.8195  59.370740     5.4716      4.915  0.000e+00
      4.904     3.1443    28.7561    22.8935 3.9072e-01     0.1273      0.015    1455.01     70.885     7.8190  59.370741     5.4713      4.951  0.000e+00
      4.914     3.1460    28.7766    22.9097 3.9072e-01     0.1273      0.015    1455.05     71.014     7.8319  59.370741     5.4803      4.960  0.000e+00
      4.940     3.1474    28.7890    22.9194 4.3956e-01     0.1285      0.015    1455.07     71.081     7.8383  59.370742     5.4848      4.987  0.000e+00
      4.964     3.1490    28.8015    22.9292 5.0061e-01     0.1273      0.015    1455.09     71.148     7.8447  59.370742     5.4893      5.011  0.000e+00
      4.988     3.1504    28.8084    22.9346 4.8840e-01     0.1273      0.015    1455.11     71.217     7.8516  59.370743     5.4941      5.036  0.000e+00
      5.000     3.1516    28.8156    22.9403 4.5177e-01     0.1285      0.015    1455.12     71.350     7.8657  59.370743     5.5040      5.047  0.000e+00
      5.021     3.1521    28.8202    22.9439 4.3956e-01     0.1285      0.018    1455.13     71.422     7.8733  59.370744     5.5093      5.068  0.000e+00
      5.046     3.1524    28.8261    22.9486 4.2735e-01     0.1273      0.015    1455.14     71.486     7.8800  59.370744     5.5139      5.094  0.000e+00
      5.071     3.1529    28.8293    22.9511 4.2735e-01     0.1273      0.018    1455.15     71.561     7.8880  59.370745     5.5195      5.119  0.000e+00
      5.071     3.1532    28.8351    22.9557 4.3956e-01     0.1273      0.015    1455.16     71.628     7.8950  59.370745     5.5245      5.119  0.000e+00
      5.116     3.1527    28.8404    22.9599 4.2735e-01     0.1285      0.015    1455.16     71.690     7.9016  59.370746     5.5291      5.165  0.000e+00
      5.119     3.1510    28.8456    22.9643 4.1514e-01     0.1273      0.015    1455.16     71.817     7.9157  59.370746     5.5389      5.168  0.000e+00
      5.155     3.1488    28.8499    22.9678 4.2735e-01     0.1285      0.018    1455.16     71.829     7.9172  59.370747     5.5400      5.204  0.000e+00
      5.179     3.1452    28.8630    22.9785 4.7619e-01     0.1273      0.015    1455.16     71.890     7.9240  59.370747     5.5447      5.228  0.000e+00
      5.189     3.1420    28.8806    22.9928 4.7619e-01     0.1273      0.015    1455.17     72.018     7.9377  59.370747     5.5543      5.238  0.000e+00
      5.215     3.1397    28.9001    23.0086 4.5177e-01     0.1273      0.015    1455.18     72.083     7.9443  59.370748     5.5590      5.264  0.000e+00
      5.226     3.1383    28.9118    23.0179 4.3956e-01     0.1285      0.018    1455.19     72.152     7.9515  59.370748     5.5640      5.276  0.000e+00
      5.262     3.1382    28.9215    23.0257 4.2735e-01     0.1273      0.015    1455.21     72.223     7.9588  59.370749     5.5691      5.312  0.000e+00
      5.284     3.1380    28.9245    23.0281 4.2735e-01     0.1273      0.015    1455.21     72.234     7.9599  59.370749     5.5699      5.335  0.000e+00
      5.286     3.1388    28.9274    23.0303 4.1514e-01     0.1273      0.015    1455.22     72.294     7.9662  59.370750     5.5743      5.336  0.000e+00
      5.335     3.1394    28.9277    23.0306 4.0293e-01     0.1285      0.015    1455.22     72.350     7.9722  59.370750     5.5785      5.385  0.000e+00
      5.331     3.1406    28.9269    23.0298 4.1514e-01     0.1273      0.015    1455.22     72.409     7.9786  59.370751     5.5830      5.382  0.000e+00
      5.370     3.1416    28.9247    23.0279 4.0293e-01     0.1285      0.015    1455.23     72.464     7.9846  59.370751     5.5872      5.421  0.000e+00
      5.382     3.1432    28.9256    23.0286 4.0293e-01     0.1273      0.015    1455.23     72.534     7.9919  59.370752     5.5922      5.433  0.000e+00
      5.393     3.1451    28.9301    23.0320 3.9072e-01     0.1273      0.018    1455.25     72.535     7.9914  59.370752     5.5919      5.444  0.000e+00
      5.416     3.1474    28.9350    23.0358 3.9072e-01     0.1273      0.015    1455.27     72.588     7.9965  59.370753     5.5955      5.467  0.000e+00
      5.453     3.1491    28.9411    23.0404 3.9072e-01     0.1273      0.015    1455.28     72.638     8.0013  59.370753     5.5988      5.505  0.000e+00
      5.466     3.1508    28.9475    23.0454 3.9072e-01     0.1285      0.015    1455.30     72.693     8.0067  59.370754     5.6026      5.518  0.000e+00
      5.501     3.1521    28.9538    23.0503 3.9072e-01     0.1273      0.015    1455.31     72.692     8.0060  59.370754     5.6021      5.554  0.000e+00
      5.511     3.1536    28.9579    23.0535 3.9072e-01     0.1273      0.015    1455.32     72.806     8.0181  59.370755     5.6106      5.563  0.000e+00
      5.513     3.1548    28.9619    23.0566 3.9072e-01     0.1273      0.015    1455.33     72.809     8.0180  59.370755     5.6105      5.565  0.000e+00
      5.561     3.1562    28.9639    23.0581 3.9072e-01     0.1273      0.015    1455.34     72.866     8.0238  59.370756     5.6146      5.614  0.000e+00
      5.571     3.1580    28.9667    23.0602 3.9072e-01     0.1273      0.015    1455.35     72.929     8.0302  59.370756     5.6190      5.624  0.000e+00
      5.597     3.1596    28.9700    23.0626 3.9072e-01     0.1273      0.018    1455.37     72.863     8.0225  59.370757     5.6137      5.650  0.000e+00
      5.633     3.1602    28.9747    23.0664 3.9072e-01     0.1285      0.015    1455.38     72.980     8.0349  59.370757     5.6224      5.686  0.000e+00
      5.642     3.1611    28.9743    23.0660 3.9072e-01     0.1273      0.018    1455.38     72.977     8.0345  59.370758     5.6221      5.696  0.000e+00
      5.681     3.1629    28.9744    23.0659 3.9072e-01     0.1273      0.018    1455.39     73.028     8.0398  59.370758     5.6258      5.735  0.000e+00
      5.692     3.1652    28.9793    23.0696 3.7851e-01     0.1273      0.015    1455.40     73.079     8.0446  59.370759     5.6291      5.746  0.000e+00
      5.717     3.1677    28.9889    23.0771 3.9072e-01     0.1273      0.040    1455.43     73.065     8.0421  59.370759     5.6274      5.771  0.000e+00
      5.749     3.1693    28.9966    23.0831 3.7851e-01     0.1285      0.070    1455.44     73.116     8.0469  59.370760     5.6308      5.804  0.000e+00
      5.764     3.1705    29.0019    23.0872 3.7851e-01     0.1285      0.070    1455.46     73.168     8.0521  59.370760     5.6344      5.818  0.000e+00
