RAWDATA/20190228/Ap2_20190228_down.cnv
* Sea-Bird SBE 9 Data File:
* FileName = C:\CTD Brukere\NIVA\IO2019\20190228\Ap2_20190228.hex
* Software Version Seasave V 7.23.2
* Temperature SN = 5352
* Conductivity SN = 3840
* Number of Bytes Per Scan = 28
* Number of Voltage Words = 4
* Number of Scans Averaged by the Deck Unit = 1
* NMEA baud rate = 4800
** Ship: R/V Trygve Braarud
** Cruise:
** Station:
** Operator:
# nquan = 14
# nvalues = 2313                                  
# units = specified
# name 0 = depSM: Depth [salt water, m], lat = 59.60
# name 1 = t090C: Temperature [ITS-90, deg C]
# name 2 = sal00: Salinity, Practical [PSU]
# name 3 = sigma-t00: Density [sigma-t, kg/m^3 ]
# name 4 = flSP: Fluorescence, Seapoint
# name 5 = wetStar: Fluorescence, WET Labs WETstar [mg/m^3]
# name 6 = seaTurbMtr: Turbidity, Seapoint [FTU]
# name 7 = svCM: Sound Velocity [Chen-Millero, m/s]
# name 8 = sbeox0PS: Oxygen, SBE 43 [% saturation]
# name 9 = sbeox0Mg/L: Oxygen, SBE 43 [mg/l]
# name 10 = timeJ: Julian Days
# name 11 = sbeox0ML/L: Oxygen, SBE 43 [ml/l]
# name 12 = prDM: Pressure, Digiquartz [db]
# name 13 = flag:  0.000e+00
# span 0 =     -0.183,     23.666                 
# span 1 =     2.7707,     7.0710                 
# span 2 =    27.2482,    32.6858                 
# span 3 =    21.7183,    25.5879                 
# span 4 = 1.8315e-01, 1.6972e+00                 
# span 5 =     0.1249,     0.1298                 
# span 6 =      0.007,      0.073                 
# span 7 =    1451.41,    1476.42                 
# span 8 =     34.471,     73.299                 
# span 9 =     3.3732,     8.0622                 
# span 10 =  59.370312,  59.371427                
# span 11 =     2.3604,     5.6415                
# span 12 =     -0.185,     23.892                
# span 13 = 0.0000e+00, 0.0000e+00                
# interval = seconds: 0.0416667
# start_time = Feb 28 2019 08:53:15 [System UpLoad Time]
# bad_flag = -9.990e-29
*END*
[from data line 2168]
     22.684     7.0211    32.6577    25.5712 2.0757e-01     0.1285      0.044    1476.18     34.853     3.4132  59.371358     2.3883     22.900  0.000e+00
     22.695     7.0202    32.6585    25.5719 1.9536e-01     0.1285      0.044    1476.18     34.917     3.4195  59.371359     2.3928     22.912  0.000e+00
     22.708     7.0188    32.6590    25.5725 2.0757e-01     0.1285      0.044    1476.18     34.858     3.4138  59.371359     2.3888     22.925  0.000e+00
     22.695     7.0174    32.6601    25.5736 2.0757e-01     0.1285      0.044    1476.17     34.856     3.4136  59.371359     2.3887     22.912  0.000e+00
     22.695     7.0173    32.6600    25.5735 1.9536e-01     0.1285      0.044    1476.17     34.854     3.4135  59.371360     2.3886     22.912  0.000e+00
     22.695     7.0177    32.6595    25.5731 1.9536e-01     0.1285      0.044    1476.17     34.855     3.4135  59.371360     2.3886     22.912  0.000e+00
     22.695     7.0175    32.6599    25.5734 2.0757e-01     0.1285      0.044    1476.17     34.857     3.4137  59.371361     2.3887     22.912  0.000e+00
     22.695     7.0176    32.6597    25.5732 1.9536e-01     0.1285      0.044    1476.17     34.798     3.4080  59.371361     2.3847     22.912  0.000e+00
     22.695     7.0175    32.6602    25.5736 1.9536e-01     0.1285      0.044    1476.17     34.858     3.4139  59.371362     2.3888     22.912  0.000e+00
     22.695     7.0172    32.6614    25.5746 1.9536e-01     0.1285      0.044    1476.17     34.803     3.4085  59.371362     2.3850     22.912  0.000e+00
     22.695     7.0177    32.6613    25.5745 1.9536e-01     0.1285      0.044    1476.18     34.804     3.4085  59.371363     2.3851     22.912  0.000e+00
     22.695     7.0210    32.6591    25.5723 1.9536e-01     0.1285      0.044    1476.19     34.799     3.4079  59.371363     2.3846     22.912  0.000e+00
     22.695     7.0237    32.6568    25.5701 1.9536e-01     0.1285      0.044    1476.19     34.858     3.4135  59.371364     2.3885     22.912  0.000e+00
     22.684     7.0236    32.6571    25.5704 1.9536e-01     0.1285      0.044    1476.19     34.802     3.4079  59.371364     2.3847     22.900  0.000e+00
     22.695     7.0223    32.6586    25.5717 1.9536e-01     0.1285      0.044    1476.19     34.801     3.4080  59.371365     2.3847     22.912  0.000e+00
     22.684     7.0209    32.6603    25.5733 2.0757e-01     0.1285      0.044    1476.19     34.803     3.4082  59.371365     2.3848     22.900  0.000e+00
     22.695     7.0212    32.6599    25.5729 1.9536e-01     0.1285      0.044    1476.19     34.744     3.4024  59.371366     2.3808     22.912  0.000e+00
     22.695     7.0214    32.6599    25.5729 2.0757e-01     0.1285      0.044    1476.19     34.803     3.4082  59.371366     2.3848     22.912  0.000e+00
     22.671     7.0210    32.6601    25.5731 2.0757e-01     0.1285      0.044    1476.19     34.739     3.4020  59.371367     2.3805     22.887  0.000e+00
     22.695     7.0205    32.6597    25.5728 1.9536e-01     0.1285      0.044    1476.19     34.732     3.4013  59.371367     2.3800     22.912  0.000e+00
     22.684     7.0204    32.6598    25.5729 1.9536e-01     0.1285      0.044    1476.18     34.726     3.4007  59.371368     2.3796     22.900  0.000e+00
     22.684     7.0210    32.6585    25.5719 1.9536e-01     0.1285      0.044    1476.19     34.721     3.4003  59.371368     2.3793     22.900  0.000e+00
     22.684     7.0209    32.6582    25.5716 1.9536e-01     0.1285      0.044    1476.18     34.719     3.4000  59.371369     2.3791     22.900  0.000e+00
     22.671     7.0209    32.6586    25.5719 1.9536e-01     0.1285      0.044    1476.18     34.655     3.3938  59.371369     2.3748     22.887  0.000e+00
     22.684     7.0201    32.6600    25.5731 1.9536e-01     0.1285      0.044    1476.18     34.710     3.3992  59.371370     2.3786     22.900  0.000e+00
     22.671     7.0196    32.6629    25.5755 1.9536e-01     0.1285      0.044    1476.19     34.651     3.3933  59.371370     2.3745     22.887  0.000e+00
     22.684     7.0198    32.6657    25.5777 1.9536e-01     0.1285      0.044    1476.19     34.647     3.3929  59.371371     2.3742     22.900  0.000e+00
     22.671     7.0195    32.6684    25.5798 1.9536e-01     0.1285      0.044    1476.19     34.700     3.3980  59.371371     2.3777     22.887  0.000e+00
     22.671     7.0199    32.6699    25.5809 1.9536e-01     0.1285      0.044    1476.20     34.645     3.3926  59.371372     2.3740     22.887  0.000e+00
     22.684     7.0218    32.6690    25.5800 1.9536e-01     0.1285      0.044    1476.20     34.647     3.3926  59.371372     2.3740     22.900  0.000e+00
     22.659     7.0224    32.6695    25.5803 1.9536e-01     0.1298      0.044    1476.20     34.580     3.3861  59.371372     2.3694     22.876  0.000e+00
     22.671     7.0228    32.6700    25.5807 1.9536e-01     0.1285      0.044    1476.21     34.632     3.3911  59.371373     2.3729     22.887  0.000e+00
     22.671     7.0234    32.6702    25.5807 1.9536e-01     0.1285      0.044    1476.21     34.631     3.3910  59.371373     2.3728     22.887  0.000e+00
     22.659     7.0256    32.6684    25.5790 1.9536e-01     0.1298      0.044    1476.22     34.632     3.3909  59.371374     2.3727     22.876  0.000e+00
     22.659     7.0279    32.6667    25.5773 1.9536e-01     0.1285      0.044    1476.22     34.572     3.3849  59.371374     2.3686     22.876  0.000e+00
     22.671     7.0291    32.6661    25.5767 1.9536e-01     0.1285      0.044    1476.23     34.630     3.3905  59.371375     2.3725     22.887  0.000e+00
     22.659     7.0309    32.6642    25.5750 1.9536e-01     0.1285      0.044    1476.23     34.574     3.3849  59.371375     2.3686     22.875  0.000e+00
     22.671     7.0312    32.6636    25.5745 2.0757e-01     0.1285      0.044    1476.23     34.574     3.3849  59.371376     2.3686     22.887  0.000e+00
     22.659     7.0309    32.6639    25.5748 2.0757e-01     0.1298      0.044    1476.23     34.576     3.3851  59.371376     2.3687     22.875  0.000e+00
     22.648     7.0303    32.6641    25.5750 2.0757e-01     0.1285      0.044    1476.23     34.580     3.3855  59.371377     2.3690     22.864  0.000e+00
     22.659     7.0304    32.6637    25.5747 1.9536e-01     0.1285      0.044    1476.23     34.578     3.3853  59.371377     2.3688     22.875  0.000e+00
     22.659     7.0308    32.6631    25.5742 1.9536e-01     0.1285      0.044    1476.23     34.577     3.3852  59.371378     2.3688     22.875  0.000e+00
     22.648     7.0309    32.6628    25.5739 2.0757e-01     0.1285      0.044    1476.23     34.578     3.3853  59.371378     2.3689     22.864  0.000e+00
     22.671     7.0308    32.6625    25.5736 1.9536e-01     0.1298      0.044    1476.23     34.588     3.3864  59.371379     2.3696     22.887  0.000e+00
     22.659     7.0303    32.6627    25.5739 1.9536e-01     0.1285      0.044    1476.23     34.593     3.3868  59.371379     2.3699     22.875  0.000e+00
     22.659     7.0295    32.6628    25.5740 1.9536e-01     0.1285      0.040    1476.22     34.599     3.3875  59.371380     2.3704     22.875  0.000e+00
     22.648     7.0288    32.6624    25.5739 1.9536e-01     0.1285      0.044    1476.22     34.544     3.3822  59.371380     2.3667     22.864  0.000e+00
     22.648     7.0280    32.6622    25.5738 1.9536e-01     0.1298      0.044    1476.22     34.546     3.3825  59.371381     2.3668     22.864  0.000e+00
     22.671     7.0265    32.6624    25.5742 1.9536e-01     0.1285      0.044    1476.21     34.550     3.3830  59.371381     2.3672     22.887  0.000e+00
     22.648     7.0269    32.6615    25.5734 1.9536e-01     0.1285      0.044    1476.21     34.548     3.3827  59.371382     2.3670     22.864  0.000e+00
     22.671     7.0265    32.6610    25.5731 1.9536e-01     0.1298      0.044    1476.21     34.555     3.3835  59.371382     2.3676     22.887  0.000e+00
     22.659     7.0250    32.6611    25.5734 1.9536e-01     0.1285      0.044    1476.20     34.556     3.3837  59.371383     2.3677     22.875  0.000e+00
     22.659     7.0231    32.6617    25.5741 1.9536e-01     0.1298      0.044    1476.20     34.559     3.3841  59.371383     2.3680     22.875  0.000e+00
     22.659     7.0212    32.6626    25.5750 2.0757e-01     0.1285      0.044    1476.19     34.564     3.3847  59.371384     2.3684     22.875  0.000e+00
     22.659     7.0202    32.6624    25.5750 2.0757e-01     0.1285      0.044    1476.19     34.569     3.3854  59.371384     2.3689     22.875  0.000e+00
     22.659     7.0198    32.6626    25.5752 2.0757e-01     0.1285      0.044    1476.19     34.577     3.3861  59.371385     2.3694     22.875  0.000e+00
     22.671     7.0193    32.6617    25.5746 1.9536e-01     0.1285      0.044    1476.18     34.578     3.3863  59.371385     2.3695     22.887  0.000e+00
     22.684     7.0201    32.6606    25.5736 2.0757e-01     0.1285      0.044    1476.18     34.589     3.3873  59.371386     2.3702     22.900  0.000e+00
     22.684     7.0198    32.6611    25.5740 1.9536e-01     0.1285      0.044    1476.18     34.593     3.3877  59.371386     2.3705     22.900  0.000e+00
     22.684     7.0202    32.6605    25.5735 1.9536e-01     0.1285      0.044    1476.18     34.536     3.3821  59.371386     2.3666     22.900  0.000e+00
     22.671     7.0196    32.6602    25.5733 1.9536e-01     0.1285      0.044    1476.18     34.536     3.3821  59.371387     2.3666     22.887  0.000e+00
     22.695     7.0189    32.6594    25.5728 1.9536e-01     0.1285      0.044    1476.18     34.544     3.3831  59.371387     2.3673     22.912  0.000e+00
     22.695     7.0186    32.6598    25.5731 1.9536e-01     0.1285      0.044    1476.18     34.547     3.3834  59.371388     2.3675     22.912  0.000e+00
     22.695     7.0187    32.6606    25.5738 1.9536e-01     0.1285      0.044    1476.18     34.552     3.3838  59.371388     2.3678     22.912  0.000e+00
     22.695     7.0188    32.6603    25.5735 1.9536e-01     0.1285      0.044    1476.18     34.558     3.3843  59.371389     2.3682     22.912  0.000e+00
     22.729     7.0189    32.6602    25.5734 1.9536e-01     0.1298      0.044    1476.18     34.557     3.3843  59.371389     2.3681     22.946  0.000e+00
     22.744     7.0173    32.6610    25.5743 1.9536e-01     0.1285      0.044    1476.18     34.566     3.3853  59.371390     2.3688     22.961  0.000e+00
     22.755     7.0163    32.6608    25.5743 1.9536e-01     0.1285      0.044    1476.17     34.569     3.3856  59.371390     2.3691     22.972  0.000e+00
     22.755     7.0153    32.6617    25.5751 1.9536e-01     0.1285      0.044    1476.17     34.573     3.3861  59.371391     2.3694     22.972  0.000e+00
     22.768     7.0164    32.6619    25.5751 1.9536e-01     0.1285      0.044    1476.17     34.578     3.3865  59.371391     2.3697     22.985  0.000e+00
     22.768     7.0180    32.6620    25.5750 1.8315e-01     0.1298      0.044    1476.18     34.584     3.3869  59.371392     2.3700     22.985  0.000e+00
     22.779     7.0198    32.6621    25.5748 1.9536e-01     0.1285      0.044    1476.19     34.591     3.3875  59.371392     2.3704     22.997  0.000e+00
     22.695     7.0201    32.6637    25.5760 1.8315e-01     0.1298      0.044    1476.19     34.592     3.3875  59.371393     2.3704     22.911  0.000e+00
     22.886     7.0212    32.6650    25.5769 1.9536e-01     0.1285      0.044    1476.20     34.602     3.3885  59.371393     2.3710     23.105  0.000e+00
     22.828     7.0228    32.6654    25.5770 1.9536e-01     0.1285      0.044    1476.20     34.605     3.3886  59.371394     2.3711     23.046  0.000e+00
     22.864     7.0245    32.6661    25.5774 1.8315e-01     0.1285      0.044    1476.21     34.609     3.3888  59.371394     2.3713     23.082  0.000e+00
     22.886     7.0265    32.6667    25.5776 1.9536e-01     0.1285      0.044    1476.22     34.622     3.3899  59.371395     2.3721     23.105  0.000e+00
     22.899     7.0284    32.6680    25.5783 1.9536e-01     0.1298      0.044    1476.23     34.629     3.3904  59.371395     2.3724     23.118  0.000e+00
     22.924     7.0312    32.6702    25.5797 1.9536e-01     0.1285      0.044    1476.24     34.636     3.3908  59.371396     2.3727     23.142  0.000e+00
     22.911     7.0351    32.6728    25.5812 1.9536e-01     0.1298      0.044    1476.26     34.636     3.3905  59.371396     2.3724     23.129  0.000e+00
     22.971     7.0399    32.6751    25.5823 1.9536e-01     0.1285      0.044    1476.28     34.645     3.3909  59.371397     2.3728     23.190  0.000e+00
     22.995     7.0444    32.6767    25.5831 1.9536e-01     0.1285      0.044    1476.30     34.592     3.3854  59.371397     2.3689     23.214  0.000e+00
     23.019     7.0487    32.6770    25.5827 1.8315e-01     0.1285      0.044    1476.32     34.596     3.3854  59.371398     2.3689     23.239  0.000e+00
     23.042     7.0525    32.6779    25.5829 1.9536e-01     0.1285      0.044    1476.34     34.655     3.3908  59.371398     2.3727     23.262  0.000e+00
     23.055     7.0549    32.6784    25.5830 1.8315e-01     0.1298      0.044    1476.35     34.605     3.3858  59.371399     2.3692     23.275  0.000e+00
     23.079     7.0561    32.6794    25.5835 1.8315e-01     0.1285      0.044    1476.35     34.666     3.3916  59.371399     2.3733     23.299  0.000e+00
     23.115     7.0578    32.6797    25.5835 1.9536e-01     0.1285      0.044    1476.36     34.611     3.3861  59.371399     2.3694     23.335  0.000e+00
     23.139     7.0595    32.6808    25.5842 1.9536e-01     0.1285      0.044    1476.37     34.673     3.3921  59.371400     2.3736     23.360  0.000e+00
     23.115     7.0616    32.6808    25.5840 1.9536e-01     0.1285      0.044    1476.38     34.620     3.3867  59.371400     2.3698     23.335  0.000e+00
     23.151     7.0629    32.6802    25.5833 1.9536e-01     0.1285      0.044    1476.38     34.622     3.3868  59.371401     2.3699     23.371  0.000e+00
     23.186     7.0627    32.6793    25.5826 1.9536e-01     0.1285      0.040    1476.38     34.625     3.3871  59.371401     2.3701     23.407  0.000e+00
     23.196     7.0609    32.6781    25.5819 1.9536e-01     0.1285      0.044    1476.37     34.629     3.3876  59.371402     2.3705     23.417  0.000e+00
     23.211     7.0593    32.6769    25.5812 1.9536e-01     0.1285      0.044    1476.37     34.634     3.3883  59.371402     2.3709     23.432  0.000e+00
     23.235     7.0581    32.6768    25.5812 1.9536e-01     0.1298      0.044    1476.36     34.639     3.3889  59.371403     2.3714     23.457  0.000e+00
     23.246     7.0576    32.6783    25.5825 1.9536e-01     0.1298      0.044    1476.36     34.646     3.3896  59.371403     2.3718     23.468  0.000e+00
     23.282     7.0585    32.6796    25.5834 1.9536e-01     0.1285      0.044    1476.37     34.646     3.3895  59.371404     2.3717     23.504  0.000e+00
     23.282     7.0599    32.6806    25.5840 1.9536e-01     0.1285      0.044    1476.37     34.646     3.3893  59.371404     2.3717     23.504  0.000e+00
     23.306     7.0600    32.6838    25.5865 1.9536e-01     0.1285      0.044    1476.38     34.647     3.3894  59.371405     2.3717     23.529  0.000e+00
     23.318     7.0615    32.6858    25.5879 1.9536e-01     0.1285      0.044    1476.39     34.587     3.3833  59.371405     2.3674     23.540  0.000e+00
     23.342     7.0652    32.6853    25.5870 1.9536e-01     0.1298      0.044    1476.40     34.644     3.3886  59.371406     2.3711     23.565  0.000e+00
     23.330     7.0674    32.6851    25.5865 1.9536e-01     0.1285      0.044    1476.41     34.647     3.3887  59.371406     2.3712     23.553  0.000e+00
     23.355     7.0695    32.6841    25.5855 1.9536e-01     0.1285      0.044    1476.42     34.650     3.3889  59.371407     2.3714     23.578  0.000e+00
