RAWDATA/20190228/Ap2_20190228_down.cnv
* Sea-Bird SBE 9 Data File:
* FileName = C:\CTD Brukere\NIVA\IO2019\20190228\Ap2_20190228.hex
* Software Version Seasave V 7.23.2
* Temperature SN = 5352
* Conductivity SN = 3840
* Number of Bytes Per Scan = 28
* Number of Voltage Words = 4
* Number of Scans Averaged by the Deck Unit = 1
* NMEA baud rate = 4800
** Ship: R/V Trygve Braarud
** Cruise:
** Station:
** Operator:
# nquan = 14
# nvalues = 2313                                  
# units = specified
# name 0 = depSM: Depth [salt water, m], lat = 59.60
# name 1 = t090C: Temperature [ITS-90, deg C]
# name 2 = sal00: Salinity, Practical [PSU]
# name 3 = sigma-t00: Density [sigma-t, kg/m^3 ]
# name 4 = flSP: Fluorescence, Seapoint
# name 5 = wetStar: Fluorescence, WET Labs WETstar [mg/m^3]
# name 6 = seaTurbMtr: Turbidity, Seapoint [FTU]
# name 7 = svCM: Sound Velocity [Chen-Millero, m/s]
# name 8 = sbeox0PS: Oxygen, SBE 43 [% saturation]
# name 9 = sbeox0Mg/L: Oxygen, SBE 43 [mg/l]
# name 10 = timeJ: Julian Days
# name 11 = sbeox0ML/L: Oxygen, SBE 43 [ml/l]
# name 12 = prDM: Pressure, Digiquartz [db]
# name 13 = flag:  0.000e+00
# span 0 =     -0.183,     23.666                 
# span 1 =     2.7707,     7.0710                 
# span 2 =    27.2482,    32.6858                 
# span 3 =    21.7183,    25.5879                 
# span 4 = 1.8315e-01, 1.6972e+00                 
# span 5 =     0.1249,     0.1298                 
# span 6 =      0.007,      0.073                 
# span 7 =    1451.41,    1476.42                 
# span 8 =     34.471,     73.299                 
# span 9 =     3.3732,     8.0622                 
# span 10 =  59.370312,  59.371427                
# span 11 =     2.3604,     5.6415                
# span 12 =     -0.185,     23.892                
# span 13 = 0.0000e+00, 0.0000e+00                
# interval = seconds: 0.0416667
# start_time = Feb 28 2019 08:53:15 [System UpLoad Time]
# bad_flag = -9.990e-29
*END*
[from data line 620]
     -0.086     2.8396    27.4085    21.8418 4.0293e-01     0.1273      0.015    1451.86     46.513     5.2177  59.370611     3.6510     -0.086  0.000e+00
     -0.086     2.8393    27.4087    21.8419 4.1514e-01     0.1261      0.011    1451.86     46.513     5.2177  59.370612     3.6510     -0.086  0.000e+00
     -0.087     2.8404    27.4088    21.8420 4.0293e-01     0.1261      0.011    1451.86     46.514     5.2176  59.370612     3.6510     -0.088  0.000e+00
     -0.074     2.8424    27.4063    21.8398 3.9072e-01     0.1261      0.011    1451.87     46.516     5.2177  59.370613     3.6511     -0.075  0.000e+00
     -0.099     2.8440    27.4040    21.8379 3.4188e-01     0.1273      0.011    1451.87     46.520     5.2180  59.370613     3.6513     -0.100  0.000e+00
     -0.099     2.8457    27.4036    21.8375 3.4188e-01     0.1261      0.011    1451.88     46.462     5.2113  59.370614     3.6466     -0.100  0.000e+00
     -0.087     2.8468    27.4018    21.8360 5.0061e-01     0.1261      0.011    1451.88     46.460     5.2110  59.370614     3.6464     -0.088  0.000e+00
     -0.099     2.8471    27.3997    21.8342 5.7387e-01     0.1273      0.011    1451.88     46.460     5.2111  59.370615     3.6464     -0.100  0.000e+00
     -0.099     2.8470    27.3996    21.8342 5.3724e-01     0.1261      0.007    1451.88     46.526     5.2185  59.370615     3.6516     -0.100  0.000e+00
     -0.087     2.8463    27.3983    21.8332 4.7619e-01     0.1273      0.011    1451.87     46.466     5.2119  59.370616     3.6470     -0.088  0.000e+00
     -0.110     2.8463    27.3958    21.8312 4.1514e-01     0.1261      0.011    1451.87     46.462     5.2115  59.370616     3.6467     -0.111  0.000e+00
     -0.099     2.8462    27.3958    21.8312 3.7851e-01     0.1261      0.011    1451.87     46.459     5.2112  59.370617     3.6465     -0.100  0.000e+00
     -0.110     2.8458    27.3947    21.8303 3.7851e-01     0.1273      0.015    1451.87     46.458     5.2112  59.370617     3.6465     -0.111  0.000e+00
     -0.100     2.8451    27.3946    21.8303 3.9072e-01     0.1261      0.011    1451.86     46.459     5.2114  59.370618     3.6466     -0.101  0.000e+00
     -0.110     2.8445    27.3961    21.8316 4.2735e-01     0.1261      0.011    1451.86     46.461     5.2116  59.370618     3.6468     -0.111  0.000e+00
     -0.110     2.8438    27.3960    21.8315 5.1282e-01     0.1261      0.011    1451.86     46.464     5.2121  59.370619     3.6471     -0.111  0.000e+00
     -0.110     2.8435    27.3970    21.8323 5.3724e-01     0.1261      0.011    1451.86     46.469     5.2126  59.370619     3.6475     -0.111  0.000e+00
     -0.112     2.8431    27.3995    21.8344 4.8840e-01     0.1273      0.011    1451.86     46.412     5.2062  59.370620     3.6430     -0.113  0.000e+00
     -0.121     2.8429    27.3987    21.8337 4.5177e-01     0.1261      0.011    1451.86     46.411     5.2061  59.370620     3.6430     -0.122  0.000e+00
     -0.110     2.8426    27.3991    21.8341 4.2735e-01     0.1261      0.007    1451.86     46.412     5.2063  59.370621     3.6431     -0.111  0.000e+00
     -0.123     2.8429    27.4000    21.8348 4.0293e-01     0.1261      0.011    1451.86     46.406     5.2055  59.370621     3.6425     -0.124  0.000e+00
     -0.121     2.8431    27.3979    21.8331 3.9072e-01     0.1261      0.011    1451.86     46.464     5.2122  59.370622     3.6472     -0.122  0.000e+00
     -0.110     2.8440    27.3964    21.8318 4.3956e-01     0.1261      0.011    1451.86     46.406     5.2055  59.370622     3.6425     -0.111  0.000e+00
     -0.121     2.8447    27.3952    21.8308 4.6398e-01     0.1261      0.011    1451.86     46.404     5.2052  59.370623     3.6423     -0.122  0.000e+00
     -0.123     2.8452    27.3911    21.8276 4.3956e-01     0.1261      0.011    1451.86     46.403     5.2052  59.370623     3.6423     -0.124  0.000e+00
     -0.121     2.8447    27.3900    21.8267 4.6398e-01     0.1261      0.007    1451.86     46.404     5.2054  59.370624     3.6424     -0.122  0.000e+00
     -0.134     2.8445    27.3887    21.8257 4.3956e-01     0.1261      0.011    1451.85     46.406     5.2057  59.370624     3.6426     -0.136  0.000e+00
     -0.123     2.8437    27.3868    21.8242 4.1514e-01     0.1261      0.011    1451.85     46.410     5.2063  59.370625     3.6431     -0.124  0.000e+00
     -0.134     2.8431    27.3856    21.8233 3.9072e-01     0.1261      0.011    1451.84     46.415     5.2070  59.370625     3.6436     -0.136  0.000e+00
     -0.121     2.8424    27.3865    21.8241 3.4188e-01     0.1261      0.011    1451.84     46.358     5.2007  59.370625     3.6392     -0.122  0.000e+00
     -0.121     2.8412    27.3872    21.8247 3.1746e-01     0.1261      0.015    1451.84     46.358     5.2008  59.370626     3.6392     -0.122  0.000e+00
     -0.136     2.8402    27.3904    21.8273 4.2735e-01     0.1261      0.011    1451.84     46.414     5.2071  59.370626     3.6436     -0.137  0.000e+00
     -0.086     2.8396    27.3953    21.8313 4.7619e-01     0.1261      0.011    1451.84     46.353     5.2002  59.370627     3.6388     -0.087  0.000e+00
     -0.074     2.8391    27.3994    21.8346 4.5177e-01     0.1261      0.011    1451.84     46.357     5.2006  59.370627     3.6391     -0.075  0.000e+00
     -0.086     2.8390    27.4023    21.8369 4.5177e-01     0.1261      0.007    1451.85     46.417     5.2072  59.370628     3.6437     -0.087  0.000e+00
     -0.183     2.8437    27.3991    21.8340 4.3956e-01     0.1261      0.011    1451.86     46.359     5.2002  59.370628     3.6388     -0.185  0.000e+00
     -0.121     2.8489    27.3946    21.8300 4.2735e-01     0.1261      0.011    1451.88     46.358     5.1996  59.370629     3.6384     -0.122  0.000e+00
     -0.099     2.8520    27.3917    21.8276 4.2735e-01     0.1261      0.011    1451.89     46.359     5.1994  59.370629     3.6382     -0.100  0.000e+00
     -0.183     2.8535    27.3892    21.8255 3.7851e-01     0.1261      0.011    1451.89     46.360     5.1994  59.370630     3.6383     -0.185  0.000e+00
     -0.061     2.8539    27.3911    21.8270 3.6630e-01     0.1261      0.011    1451.90     46.365     5.1998  59.370630     3.6385     -0.062  0.000e+00
     -0.026     2.8540    27.3937    21.8290 3.9072e-01     0.1273      0.015    1451.90     46.361     5.1993  59.370631     3.6381     -0.026  0.000e+00
     -0.061     2.8545    27.3932    21.8286 4.0293e-01     0.1261      0.011    1451.90     46.367     5.1999  59.370631     3.6386     -0.062  0.000e+00
     -0.087     2.8549    27.3928    21.8282 3.6630e-01     0.1261      0.007    1451.91     46.375     5.2007  59.370632     3.6392     -0.088  0.000e+00
     -0.121     2.8560    27.3918    21.8274 3.7851e-01     0.1261      0.011    1451.91     46.375     5.2006  59.370632     3.6391     -0.122  0.000e+00
     -0.050     2.8566    27.3907    21.8264 3.7851e-01     0.1273      0.011    1451.91     46.386     5.2018  59.370633     3.6399     -0.051  0.000e+00
     -0.040     2.8568    27.3904    21.8262 4.3956e-01     0.1261      0.011    1451.91     46.334     5.1960  59.370633     3.6358     -0.041  0.000e+00
     -0.003     2.8563    27.3897    21.8257 4.7619e-01     0.1261      0.015    1451.91     46.394     5.2028  59.370634     3.6406     -0.003  0.000e+00
     -0.003     2.8549    27.3905    21.8264 4.5177e-01     0.1261      0.011    1451.90     46.399     5.2036  59.370634     3.6411     -0.003  0.000e+00
     -0.014     2.8515    27.3923    21.8281 4.2735e-01     0.1261      0.011    1451.89     46.407     5.2048  59.370635     3.6420     -0.015  0.000e+00
     -0.016     2.8471    27.3942    21.8298 4.2735e-01     0.1273      0.011    1451.87     46.415     5.2062  59.370635     3.6430     -0.016  0.000e+00
      0.010     2.8447    27.3936    21.8296 4.2735e-01     0.1261      0.011    1451.86     46.425     5.2076  59.370636     3.6440      0.010  0.000e+00
      0.034     2.8418    27.3927    21.8290 4.1514e-01     0.1261      0.011    1451.85     46.435     5.2092  59.370636     3.6451      0.034  0.000e+00
      0.045     2.8390    27.3928    21.8293 4.1514e-01     0.1261      0.015    1451.84     46.383     5.2038  59.370637     3.6413      0.046  0.000e+00
      0.068     2.8364    27.3945    21.8309 3.9072e-01     0.1261      0.011    1451.83     46.451     5.2117  59.370637     3.6468      0.069  0.000e+00
      0.045     2.8351    27.3978    21.8336 3.9072e-01     0.1261      0.011    1451.83     46.456     5.2123  59.370638     3.6472      0.046  0.000e+00
      0.070     2.8343    27.4006    21.8358 3.9072e-01     0.1273      0.015    1451.83     46.398     5.2057  59.370638     3.6427      0.070  0.000e+00
      0.081     2.8342    27.4019    21.8369 4.1514e-01     0.1273      0.011    1451.83     46.395     5.2054  59.370639     3.6424      0.082  0.000e+00
      0.092     2.8373    27.4031    21.8377 4.1514e-01     0.1261      0.011    1451.84     46.467     5.2130  59.370639     3.6477      0.093  0.000e+00
      0.117     2.8399    27.4043    21.8384 3.6630e-01     0.1273      0.015    1451.86     46.475     5.2136  59.370639     3.6481      0.118  0.000e+00
      0.130     2.8421    27.4049    21.8388 4.3956e-01     0.1273      0.011    1451.87     46.421     5.2071  59.370640     3.6436      0.131  0.000e+00
      0.165     2.8435    27.4050    21.8387 6.4713e-01     0.1261      0.011    1451.88     46.422     5.2071  59.370640     3.6436      0.167  0.000e+00
      0.188     2.8438    27.4045    21.8383 7.0818e-01     0.1273      0.011    1451.88     46.425     5.2074  59.370641     3.6438      0.190  0.000e+00
      0.176     2.8442    27.4029    21.8370 5.8608e-01     0.1261      0.011    1451.88     46.429     5.2078  59.370641     3.6441      0.178  0.000e+00
      0.201     2.8440    27.4002    21.8349 5.1282e-01     0.1261      0.011    1451.87     46.498     5.2157  59.370642     3.6496      0.203  0.000e+00
      0.057     2.8440    27.3989    21.8338 5.6166e-01     0.1261      0.011    1451.87     46.512     5.2173  59.370642     3.6508      0.057  0.000e+00
      0.246     2.8432    27.3993    21.8342 5.7387e-01     0.1261      0.011    1451.87     46.529     5.2193  59.370643     3.6521      0.248  0.000e+00
      0.320     2.8442    27.3988    21.8338 5.0061e-01     0.1261      0.015    1451.87     46.536     5.2200  59.370643     3.6526      0.323  0.000e+00
      0.320     2.8456    27.3970    21.8322 5.1282e-01     0.1273      0.011    1451.88     46.543     5.2206  59.370644     3.6531      0.323  0.000e+00
      0.332     2.8472    27.3963    21.8316 5.3724e-01     0.1261      0.007    1451.88     46.486     5.2141  59.370644     3.6485      0.335  0.000e+00
      0.366     2.8497    27.3941    21.8296 4.7619e-01     0.1273      0.015    1451.89     46.486     5.2138  59.370645     3.6483      0.369  0.000e+00
      0.379     2.8507    27.3931    21.8287 4.2735e-01     0.1261      0.011    1451.90     46.495     5.2148  59.370645     3.6490      0.382  0.000e+00
      0.356     2.8508    27.3930    21.8287 3.9072e-01     0.1273      0.011    1451.90     46.496     5.2149  59.370646     3.6490      0.359  0.000e+00
      0.427     2.8527    27.3909    21.8269 3.9072e-01     0.1273      0.015    1451.90     46.434     5.2078  59.370646     3.6441      0.431  0.000e+00
      0.439     2.8527    27.3918    21.8276 3.9072e-01     0.1273      0.011    1451.90     46.492     5.2142  59.370647     3.6486      0.443  0.000e+00
      0.474     2.8513    27.3950    21.8302 3.9072e-01     0.1261      0.015    1451.90     46.496     5.2148  59.370647     3.6490      0.479  0.000e+00
      0.511     2.8487    27.3972    21.8322 4.2735e-01     0.1261      0.015    1451.89     46.501     5.2156  59.370648     3.6496      0.516  0.000e+00
      0.534     2.8437    27.4038    21.8377 4.5177e-01     0.1261      0.011    1451.88     46.508     5.2167  59.370648     3.6503      0.539  0.000e+00
      0.570     2.8384    27.4091    21.8423 4.6398e-01     0.1273      0.015    1451.87     46.451     5.2108  59.370649     3.6462      0.575  0.000e+00
      0.581     2.8348    27.4123    21.8452 4.8840e-01     0.1273      0.011    1451.85     46.440     5.2100  59.370649     3.6456      0.586  0.000e+00
      0.618     2.8313    27.4180    21.8499 5.0061e-01     0.1273      0.011    1451.85     46.430     5.2091  59.370650     3.6450      0.624  0.000e+00
      0.630     2.8281    27.4217    21.8531 5.0061e-01     0.1273      0.015    1451.84     46.430     5.2094  59.370650     3.6452      0.636  0.000e+00
      0.654     2.8248    27.4278    21.8582 4.6398e-01     0.1261      0.011    1451.83     46.485     5.2158  59.370651     3.6497      0.660  0.000e+00
      0.689     2.8197    27.4372    21.8661 4.5177e-01     0.1273      0.015    1451.82     46.423     5.2092  59.370651     3.6451      0.696  0.000e+00
      0.701     2.8149    27.4443    21.8720 4.5177e-01     0.1273      0.015    1451.81     46.426     5.2099  59.370652     3.6456      0.707  0.000e+00
      0.749     2.8109    27.4538    21.8799 4.7619e-01     0.1261      0.011    1451.81     46.484     5.2166  59.370652     3.6502      0.756  0.000e+00
      0.774     2.8075    27.4600    21.8851 4.7619e-01     0.1273      0.015    1451.80     46.424     5.2100  59.370652     3.6457      0.781  0.000e+00
      0.796     2.8048    27.4644    21.8888 4.6398e-01     0.1273      0.011    1451.79     46.419     5.2097  59.370653     3.6454      0.804  0.000e+00
      0.820     2.8027    27.4678    21.8916 4.5177e-01     0.1261      0.011    1451.79     46.415     5.2094  59.370653     3.6452      0.828  0.000e+00
      0.843     2.8004    27.4686    21.8924 4.5177e-01     0.1261      0.015    1451.78     46.475     5.2164  59.370654     3.6502      0.851  0.000e+00
      0.880     2.7983    27.4708    21.8943 4.3956e-01     0.1261      0.011    1451.77     46.481     5.2173  59.370654     3.6508      0.889  0.000e+00
      0.892     2.7965    27.4719    21.8953 4.3956e-01     0.1261      0.015    1451.77     46.424     5.2111  59.370655     3.6464      0.900  0.000e+00
      0.929     2.7951    27.4726    21.8960 4.6398e-01     0.1261      0.015    1451.76     46.422     5.2110  59.370655     3.6464      0.938  0.000e+00
      0.952     2.7922    27.4741    21.8974 4.8840e-01     0.1261      0.011    1451.75     46.421     5.2112  59.370656     3.6465      0.961  0.000e+00
      0.987     2.7895    27.4759    21.8989 6.5934e-01     0.1273      0.015    1451.74     46.421     5.2115  59.370656     3.6467      0.997  0.000e+00
      1.011     2.7886    27.4757    21.8989 7.2039e-01     0.1261      0.011    1451.74     46.411     5.2106  59.370657     3.6461      1.021  0.000e+00
      1.047     2.7885    27.4726    21.8964 6.3492e-01     0.1273      0.015    1451.74     46.412     5.2108  59.370657     3.6462      1.057  0.000e+00
      1.071     2.7890    27.4716    21.8955 5.7387e-01     0.1261      0.015    1451.74     46.413     5.2109  59.370658     3.6463      1.081  0.000e+00
      1.107     2.7912    27.4641    21.8894 5.2503e-01     0.1261      0.011    1451.74     46.479     5.2182  59.370658     3.6514      1.117  0.000e+00
      1.131     2.7951    27.4553    21.8821 4.8840e-01     0.1273      0.018    1451.74     46.490     5.2193  59.370659     3.6522      1.142  0.000e+00
      1.167     2.7978    27.4427    21.8719 4.7619e-01     0.1273      0.015    1451.74     46.502     5.2207  59.370659     3.6531      1.178  0.000e+00
      1.189     2.8004    27.4216    21.8550 4.7619e-01     0.1261      0.015    1451.72     46.514     5.2225  59.370660     3.6544      1.201  0.000e+00
      1.238     2.8045    27.4074    21.8433 4.7619e-01     0.1261      0.015    1451.73     46.517     5.2227  59.370660     3.6546      1.250  0.000e+00
