RAWDATA/20190228/Bn1_20190228_down.cnv
* Sea-Bird SBE 9 Data File:
* FileName = C:\CTD Brukere\NIVA\IO2019\20190228\Bn1_20190228.hex
* Software Version Seasave V 7.23.2
* Temperature SN = 5352
* Conductivity SN = 3840
* Number of Bytes Per Scan = 28
* Number of Voltage Words = 4
* Number of Scans Averaged by the Deck Unit = 1
* NMEA baud rate = 4800
** Ship: R/V Trygve Braarud
** Cruise:
** Station:
** Operator:
# nquan = 14
# nvalues = 4738                                  
# units = specified
# name 0 = depSM: Depth [salt water, m], lat = 59.60
# name 1 = t090C: Temperature [ITS-90, deg C]
# name 2 = sal00: Salinity, Practical [PSU]
# name 3 = sigma-t00: Density [sigma-t, kg/m^3 ]
# name 4 = flSP: Fluorescence, Seapoint
# name 5 = wetStar: Fluorescence, WET Labs WETstar [mg/m^3]
# name 6 = seaTurbMtr: Turbidity, Seapoint [FTU]
# name 7 = svCM: Sound Velocity [Chen-Millero, m/s]
# name 8 = sbeox0PS: Oxygen, SBE 43 [% saturation]
# name 9 = sbeox0Mg/L: Oxygen, SBE 43 [mg/l]
# name 10 = timeJ: Julian Days
# name 11 = sbeox0ML/L: Oxygen, SBE 43 [ml/l]
# name 12 = prDM: Pressure, Digiquartz [db]
# name 13 = flag:  0.000e+00
# span 0 =     -0.156,     80.582                 
# span 1 =     2.2851,     8.4583                 
# span 2 =    26.4532,    33.7723                 
# span 3 =    21.1148,    26.2501                 
# span 4 = 0.0000e+00, 1.2210e+00                 
# span 5 =     0.1261,     0.1310                 
# span 6 =      0.015,      0.231                 
# span 7 =    1448.17,    1483.79                 
# span 8 =     45.660,     75.725                 
# span 9 =     4.3418,     8.6470                 
# span 10 =  59.345509,  59.347794                
# span 11 =     3.0382,     6.0506                
# span 12 =     -0.157,     81.362                
# span 13 = 0.0000e+00, 0.0000e+00                
# interval = seconds: 0.0416667
# start_time = Feb 28 2019 08:17:32 [System UpLoad Time]
# bad_flag = -9.990e-29
*END*
[from data line 4439]
     80.292     8.3965    33.7704    26.2489 1.4652e-01     0.1298      0.044    1483.78     53.738     5.0639  59.347650     3.5434     81.070  0.000e+00
     80.300     8.3964    33.7706    26.2490 1.4652e-01     0.1298      0.044    1483.78     53.735     5.0636  59.347650     3.5432     81.078  0.000e+00
     80.304     8.3963    33.7709    26.2493 1.4652e-01     0.1298      0.044    1483.78     53.731     5.0632  59.347651     3.5430     81.081  0.000e+00
     80.315     8.3964    33.7712    26.2495 1.4652e-01     0.1285      0.044    1483.78     53.728     5.0629  59.347651     3.5427     81.093  0.000e+00
     80.328     8.3967    33.7710    26.2492 1.4652e-01     0.1298      0.044    1483.78     53.725     5.0626  59.347652     3.5425     81.106  0.000e+00
     80.328     8.3970    33.7707    26.2490 1.4652e-01     0.1298      0.044    1483.78     53.722     5.0623  59.347652     3.5423     81.106  0.000e+00
     80.348     8.3969    33.7708    26.2491 1.4652e-01     0.1298      0.044    1483.78     53.720     5.0621  59.347653     3.5422     81.126  0.000e+00
     80.352     8.3967    33.7707    26.2490 1.4652e-01     0.1298      0.040    1483.78     53.718     5.0620  59.347653     3.5421     81.131  0.000e+00
     80.364     8.3965    33.7710    26.2493 1.4652e-01     0.1285      0.044    1483.78     53.716     5.0618  59.347654     3.5420     81.142  0.000e+00
     80.377     8.3965    33.7709    26.2492 1.4652e-01     0.1298      0.044    1483.78     53.715     5.0617  59.347654     3.5419     81.155  0.000e+00
     80.372     8.3967    33.7708    26.2491 1.4652e-01     0.1298      0.044    1483.78     53.714     5.0616  59.347655     3.5418     81.150  0.000e+00
     80.400     8.3969    33.7705    26.2489 1.4652e-01     0.1298      0.044    1483.78     53.713     5.0615  59.347655     3.5417     81.178  0.000e+00
     80.400     8.3969    33.7709    26.2492 1.4652e-01     0.1298      0.048    1483.78     53.650     5.0556  59.347656     3.5376     81.178  0.000e+00
     80.413     8.3969    33.7706    26.2489 1.4652e-01     0.1298      0.044    1483.78     53.705     5.0608  59.347656     3.5412     81.191  0.000e+00
     80.413     8.3967    33.7710    26.2493 1.4652e-01     0.1298      0.044    1483.78     53.644     5.0550  59.347657     3.5372     81.191  0.000e+00
     80.421     8.3969    33.7713    26.2495 1.4652e-01     0.1298      0.044    1483.78     53.637     5.0543  59.347657     3.5367     81.200  0.000e+00
     80.449     8.3969    33.7712    26.2494 1.4652e-01     0.1298      0.044    1483.78     53.694     5.0597  59.347658     3.5405     81.228  0.000e+00
     80.437     8.3970    33.7709    26.2492 1.4652e-01     0.1285      0.044    1483.78     53.695     5.0598  59.347658     3.5406     81.216  0.000e+00
     80.460     8.3971    33.7711    26.2493 1.4652e-01     0.1298      0.040    1483.78     53.636     5.0542  59.347659     3.5366     81.239  0.000e+00
     80.460     8.3969    33.7711    26.2494 1.4652e-01     0.1298      0.044    1483.78     53.631     5.0538  59.347659     3.5363     81.239  0.000e+00
     80.470     8.3969    33.7711    26.2493 1.4652e-01     0.1298      0.044    1483.78     53.628     5.0534  59.347660     3.5361     81.249  0.000e+00
     80.473     8.3970    33.7711    26.2493 1.4652e-01     0.1298      0.044    1483.78     53.624     5.0531  59.347660     3.5359     81.252  0.000e+00
     80.484     8.3972    33.7711    26.2493 1.4652e-01     0.1298      0.044    1483.78     53.622     5.0528  59.347661     3.5357     81.264  0.000e+00
     80.497     8.3972    33.7714    26.2495 1.4652e-01     0.1298      0.044    1483.78     53.620     5.0526  59.347661     3.5355     81.277  0.000e+00
     80.497     8.3972    33.7714    26.2496 1.4652e-01     0.1298      0.044    1483.78     53.618     5.0525  59.347662     3.5354     81.277  0.000e+00
     80.506     8.3975    33.7713    26.2494 1.4652e-01     0.1298      0.044    1483.78     53.617     5.0524  59.347662     3.5354     81.285  0.000e+00
     80.509     8.3974    33.7714    26.2495 1.4652e-01     0.1298      0.044    1483.78     53.617     5.0524  59.347663     3.5354     81.289  0.000e+00
     80.497     8.3975    33.7711    26.2492 1.5873e-01     0.1298      0.044    1483.78     53.617     5.0524  59.347663     3.5354     81.277  0.000e+00
     80.522     8.3975    33.7714    26.2494 1.4652e-01     0.1298      0.044    1483.78     53.618     5.0525  59.347663     3.5354     81.302  0.000e+00
     80.533     8.3974    33.7713    26.2494 1.4652e-01     0.1298      0.044    1483.78     53.558     5.0468  59.347664     3.5315     81.313  0.000e+00
     80.517     8.3976    33.7712    26.2493 1.4652e-01     0.1298      0.044    1483.78     53.615     5.0522  59.347664     3.5352     81.297  0.000e+00
     80.533     8.3975    33.7712    26.2493 1.4652e-01     0.1298      0.044    1483.78     53.618     5.0525  59.347665     3.5354     81.313  0.000e+00
     80.533     8.3980    33.7714    26.2494 1.4652e-01     0.1298      0.044    1483.79     53.622     5.0527  59.347665     3.5356     81.313  0.000e+00
     80.533     8.3980    33.7717    26.2496 1.4652e-01     0.1298      0.044    1483.79     53.626     5.0531  59.347666     3.5359     81.313  0.000e+00
     80.533     8.3979    33.7715    26.2495 1.4652e-01     0.1298      0.044    1483.79     53.623     5.0529  59.347666     3.5357     81.313  0.000e+00
     80.541     8.3980    33.7715    26.2495 1.4652e-01     0.1298      0.044    1483.79     53.628     5.0534  59.347667     3.5360     81.321  0.000e+00
     80.533     8.3978    33.7718    26.2498 1.4652e-01     0.1298      0.044    1483.79     53.634     5.0539  59.347667     3.5364     81.313  0.000e+00
     80.545     8.3982    33.7715    26.2495 1.4652e-01     0.1298      0.044    1483.79     53.578     5.0486  59.347668     3.5327     81.325  0.000e+00
     80.533     8.3979    33.7723    26.2501 1.4652e-01     0.1298      0.044    1483.79     53.578     5.0486  59.347668     3.5327     81.313  0.000e+00
     80.545     8.3982    33.7716    26.2496 1.4652e-01     0.1298      0.044    1483.79     53.572     5.0480  59.347669     3.5323     81.325  0.000e+00
     80.541     8.3985    33.7717    26.2495 1.4652e-01     0.1298      0.044    1483.79     53.573     5.0481  59.347669     3.5324     81.321  0.000e+00
     80.533     8.3983    33.7720    26.2498 1.5873e-01     0.1298      0.044    1483.79     53.630     5.0535  59.347670     3.5361     81.313  0.000e+00
     80.533     8.3987    33.7714    26.2493 1.5873e-01     0.1298      0.044    1483.79     53.571     5.0478  59.347670     3.5322     81.313  0.000e+00
     80.522     8.3987    33.7721    26.2498 1.5873e-01     0.1298      0.044    1483.79     53.628     5.0532  59.347671     3.5360     81.302  0.000e+00
     80.533     8.3983    33.7719    26.2497 1.4652e-01     0.1298      0.048    1483.79     53.632     5.0536  59.347671     3.5362     81.313  0.000e+00
     80.530     8.3982    33.7718    26.2497 1.4652e-01     0.1285      0.044    1483.79     53.573     5.0481  59.347672     3.5324     81.310  0.000e+00
     80.509     8.3979    33.7721    26.2500 1.4652e-01     0.1298      0.044    1483.79     53.570     5.0479  59.347672     3.5322     81.289  0.000e+00
     80.522     8.3977    33.7721    26.2500 1.4652e-01     0.1298      0.044    1483.79     53.568     5.0477  59.347673     3.5321     81.302  0.000e+00
     80.509     8.3980    33.7717    26.2496 1.4652e-01     0.1298      0.044    1483.79     53.628     5.0533  59.347673     3.5360     81.289  0.000e+00
     80.509     8.3978    33.7719    26.2498 1.4652e-01     0.1298      0.044    1483.79     53.633     5.0539  59.347674     3.5364     81.289  0.000e+00
     80.493     8.3979    33.7718    26.2497 1.4652e-01     0.1298      0.044    1483.79     53.577     5.0486  59.347674     3.5327     81.272  0.000e+00
     80.509     8.3978    33.7716    26.2496 1.5873e-01     0.1298      0.044    1483.79     53.577     5.0485  59.347675     3.5327     81.289  0.000e+00
     80.484     8.3980    33.7715    26.2495 1.5873e-01     0.1298      0.044    1483.79     53.639     5.0543  59.347675     3.5367     81.264  0.000e+00
     80.484     8.3980    33.7717    26.2496 1.4652e-01     0.1298      0.044    1483.79     53.584     5.0492  59.347676     3.5331     81.264  0.000e+00
     80.473     8.3980    33.7717    26.2496 1.5873e-01     0.1298      0.044    1483.79     53.585     5.0493  59.347676     3.5332     81.252  0.000e+00
     80.470     8.3978    33.7716    26.2496 1.4652e-01     0.1298      0.048    1483.78     53.587     5.0494  59.347677     3.5333     81.249  0.000e+00
     80.460     8.3978    33.7716    26.2495 1.4652e-01     0.1298      0.044    1483.78     53.589     5.0496  59.347677     3.5334     81.239  0.000e+00
     80.449     8.3978    33.7716    26.2496 1.4652e-01     0.1298      0.044    1483.78     53.591     5.0499  59.347677     3.5336     81.228  0.000e+00
     80.449     8.3978    33.7718    26.2497 1.4652e-01     0.1298      0.044    1483.78     53.594     5.0502  59.347678     3.5338     81.228  0.000e+00
     80.437     8.3980    33.7714    26.2494 1.4652e-01     0.1298      0.044    1483.78     53.598     5.0505  59.347678     3.5341     81.216  0.000e+00
     80.421     8.3978    33.7716    26.2496 1.4652e-01     0.1298      0.044    1483.78     53.603     5.0510  59.347679     3.5344     81.200  0.000e+00
     80.424     8.3977    33.7714    26.2495 1.4652e-01     0.1298      0.044    1483.78     53.600     5.0508  59.347679     3.5342     81.203  0.000e+00
     80.413     8.3975    33.7707    26.2490 1.4652e-01     0.1298      0.044    1483.78     53.606     5.0513  59.347680     3.5346     81.191  0.000e+00
     80.400     8.3974    33.7708    26.2490 1.4652e-01     0.1298      0.044    1483.78     53.604     5.0512  59.347680     3.5345     81.178  0.000e+00
     80.388     8.3974    33.7715    26.2496 1.4652e-01     0.1298      0.044    1483.78     53.603     5.0510  59.347681     3.5344     81.167  0.000e+00
     80.385     8.3974    33.7709    26.2491 1.4652e-01     0.1298      0.044    1483.78     53.609     5.0517  59.347681     3.5349     81.163  0.000e+00
     80.377     8.3975    33.7710    26.2492 1.4652e-01     0.1298      0.044    1483.78     53.616     5.0523  59.347682     3.5353     81.155  0.000e+00
     80.364     8.3977    33.7712    26.2493 1.4652e-01     0.1285      0.044    1483.78     53.678     5.0581  59.347682     3.5394     81.142  0.000e+00
     80.352     8.3975    33.7712    26.2493 1.4652e-01     0.1298      0.044    1483.78     53.624     5.0530  59.347683     3.5358     81.131  0.000e+00
     80.325     8.3977    33.7710    26.2492 1.4652e-01     0.1298      0.044    1483.78     53.624     5.0530  59.347683     3.5358     81.103  0.000e+00
     80.352     8.3975    33.7717    26.2497 1.4652e-01     0.1285      0.044    1483.78     53.626     5.0531  59.347684     3.5359     81.131  0.000e+00
     80.328     8.3976    33.7711    26.2492 1.4652e-01     0.1298      0.044    1483.78     53.688     5.0591  59.347684     3.5400     81.106  0.000e+00
     80.304     8.3974    33.7712    26.2493 1.4652e-01     0.1298      0.044    1483.78     53.635     5.0540  59.347685     3.5365     81.081  0.000e+00
     80.315     8.3974    33.7711    26.2492 1.4652e-01     0.1298      0.044    1483.78     53.698     5.0600  59.347685     3.5407     81.093  0.000e+00
     80.287     8.3972    33.7717    26.2498 1.4652e-01     0.1298      0.044    1483.78     53.707     5.0608  59.347686     3.5413     81.065  0.000e+00
     80.292     8.3974    33.7717    26.2497 1.4652e-01     0.1285      0.044    1483.78     53.715     5.0616  59.347686     3.5418     81.070  0.000e+00
     80.279     8.3978    33.7715    26.2495 1.4652e-01     0.1298      0.044    1483.78     53.724     5.0624  59.347687     3.5424     81.057  0.000e+00
     80.268     8.3978    33.7716    26.2496 1.4652e-01     0.1298      0.048    1483.78     53.732     5.0632  59.347687     3.5429     81.045  0.000e+00
     80.255     8.3980    33.7717    26.2496 1.4652e-01     0.1298      0.044    1483.78     53.734     5.0633  59.347688     3.5430     81.032  0.000e+00
     80.251     8.3979    33.7719    26.2498 1.4652e-01     0.1298      0.044    1483.78     53.742     5.0641  59.347688     3.5435     81.029  0.000e+00
     80.243     8.3983    33.7712    26.2492 1.4652e-01     0.1298      0.040    1483.78     53.750     5.0648  59.347689     3.5441     81.020  0.000e+00
     80.243     8.3982    33.7713    26.2493 1.4652e-01     0.1298      0.044    1483.78     53.759     5.0656  59.347689     3.5446     81.020  0.000e+00
     80.219     8.3982    33.7713    26.2493 1.4652e-01     0.1298      0.044    1483.78     53.705     5.0606  59.347690     3.5411     80.996  0.000e+00
     80.227     8.3979    33.7710    26.2491 1.4652e-01     0.1298      0.044    1483.78     53.768     5.0666  59.347690     3.5453     81.004  0.000e+00
     80.207     8.3975    33.7710    26.2491 1.4652e-01     0.1298      0.044    1483.78     53.777     5.0674  59.347690     3.5459     80.984  0.000e+00
     80.207     8.3975    33.7709    26.2491 1.4652e-01     0.1298      0.044    1483.78     53.786     5.0682  59.347691     3.5465     80.984  0.000e+00
     80.194     8.3974    33.7711    26.2492 1.4652e-01     0.1298      0.044    1483.78     53.787     5.0684  59.347691     3.5465     80.971  0.000e+00
     80.191     8.3972    33.7709    26.2492 1.4652e-01     0.1298      0.044    1483.78     53.788     5.0685  59.347692     3.5466     80.968  0.000e+00
     80.194     8.3972    33.7714    26.2495 1.4652e-01     0.1298      0.044    1483.78     53.788     5.0685  59.347692     3.5466     80.971  0.000e+00
     80.183     8.3972    33.7716    26.2497 1.4652e-01     0.1298      0.044    1483.78     53.788     5.0685  59.347693     3.5467     80.959  0.000e+00
     80.170     8.3974    33.7709    26.2491 1.4652e-01     0.1298      0.044    1483.78     53.796     5.0692  59.347693     3.5471     80.946  0.000e+00
     80.170     8.3972    33.7714    26.2495 1.4652e-01     0.1298      0.044    1483.78     53.796     5.0692  59.347694     3.5471     80.946  0.000e+00
     80.167     8.3970    33.7712    26.2494 1.5873e-01     0.1285      0.044    1483.78     53.803     5.0699  59.347694     3.5476     80.943  0.000e+00
     80.159     8.3969    33.7712    26.2494 1.5873e-01     0.1298      0.044    1483.78     53.810     5.0706  59.347695     3.5481     80.935  0.000e+00
     80.159     8.3965    33.7716    26.2497 1.5873e-01     0.1298      0.044    1483.77     53.810     5.0706  59.347695     3.5481     80.935  0.000e+00
     80.159     8.3963    33.7710    26.2494 1.5873e-01     0.1285      0.044    1483.77     53.809     5.0706  59.347696     3.5481     80.935  0.000e+00
     80.142     8.3964    33.7712    26.2495 1.5873e-01     0.1298      0.044    1483.77     53.808     5.0705  59.347696     3.5480     80.918  0.000e+00
     80.147     8.3962    33.7713    26.2496 1.5873e-01     0.1298      0.044    1483.77     53.753     5.0653  59.347697     3.5444     80.923  0.000e+00
     80.147     8.3965    33.7714    26.2496 1.4652e-01     0.1285      0.044    1483.77     53.814     5.0710  59.347697     3.5484     80.923  0.000e+00
     80.147     8.3963    33.7715    26.2498 1.4652e-01     0.1298      0.044    1483.77     53.813     5.0710  59.347698     3.5484     80.923  0.000e+00
     80.142     8.3962    33.7709    26.2493 1.4652e-01     0.1298      0.044    1483.77     53.812     5.0709  59.347698     3.5483     80.918  0.000e+00
     80.134     8.3962    33.7713    26.2496 1.5873e-01     0.1298      0.044    1483.77     53.818     5.0714  59.347699     3.5487     80.910  0.000e+00
