RAWDATA/20190228/Bn1_20190228_down.cnv
* Sea-Bird SBE 9 Data File:
* FileName = C:\CTD Brukere\NIVA\IO2019\20190228\Bn1_20190228.hex
* Software Version Seasave V 7.23.2
* Temperature SN = 5352
* Conductivity SN = 3840
* Number of Bytes Per Scan = 28
* Number of Voltage Words = 4
* Number of Scans Averaged by the Deck Unit = 1
* NMEA baud rate = 4800
** Ship: R/V Trygve Braarud
** Cruise:
** Station:
** Operator:
# nquan = 14
# nvalues = 4738                                  
# units = specified
# name 0 = depSM: Depth [salt water, m], lat = 59.60
# name 1 = t090C: Temperature [ITS-90, deg C]
# name 2 = sal00: Salinity, Practical [PSU]
# name 3 = sigma-t00: Density [sigma-t, kg/m^3 ]
# name 4 = flSP: Fluorescence, Seapoint
# name 5 = wetStar: Fluorescence, WET Labs WETstar [mg/m^3]
# name 6 = seaTurbMtr: Turbidity, Seapoint [FTU]
# name 7 = svCM: Sound Velocity [Chen-Millero, m/s]
# name 8 = sbeox0PS: Oxygen, SBE 43 [% saturation]
# name 9 = sbeox0Mg/L: Oxygen, SBE 43 [mg/l]
# name 10 = timeJ: Julian Days
# name 11 = sbeox0ML/L: Oxygen, SBE 43 [ml/l]
# name 12 = prDM: Pressure, Digiquartz [db]
# name 13 = flag:  0.000e+00
# span 0 =     -0.156,     80.582                 
# span 1 =     2.2851,     8.4583                 
# span 2 =    26.4532,    33.7723                 
# span 3 =    21.1148,    26.2501                 
# span 4 = 0.0000e+00, 1.2210e+00                 
# span 5 =     0.1261,     0.1310                 
# span 6 =      0.015,      0.231                 
# span 7 =    1448.17,    1483.79                 
# span 8 =     45.660,     75.725                 
# span 9 =     4.3418,     8.6470                 
# span 10 =  59.345509,  59.347794                
# span 11 =     3.0382,     6.0506                
# span 12 =     -0.157,     81.362                
# span 13 = 0.0000e+00, 0.0000e+00                
# interval = seconds: 0.0416667
# start_time = Feb 28 2019 08:17:32 [System UpLoad Time]
# bad_flag = -9.990e-29
*END*
[from data line 104]
      0.037     2.5887    26.8303    21.3973 4.6398e-01     0.1273      0.015    1450.01     74.839     8.4820  59.345559     5.9352      0.037  0.000e+00
      0.059     2.5958    26.8347    21.4004 4.5177e-01     0.1273      0.015    1450.05     74.831     8.4792  59.345560     5.9333      0.060  0.000e+00
      0.048     2.5997    26.8341    21.3996 4.6398e-01     0.1273      0.015    1450.06     74.824     8.4777  59.345560     5.9322      0.048  0.000e+00
      0.072     2.5968    26.8291    21.3959 4.7619e-01     0.1273      0.015    1450.04     74.819     8.4781  59.345561     5.9325      0.073  0.000e+00
      0.072     2.5895    26.8231    21.3915 4.6398e-01     0.1273      0.015    1450.00     74.817     8.4798  59.345561     5.9336      0.073  0.000e+00
      0.095     2.5841    26.8192    21.3887 4.6398e-01     0.1273      0.015    1449.97     74.825     8.4821  59.345562     5.9353      0.096  0.000e+00
      0.096     2.5841    26.8176    21.3875 4.8840e-01     0.1273      0.015    1449.97     74.824     8.4820  59.345562     5.9352      0.097  0.000e+00
      0.119     2.5869    26.8193    21.3887 4.8840e-01     0.1273      0.015    1449.99     74.824     8.4813  59.345563     5.9347      0.120  0.000e+00
      0.130     2.5896    26.8225    21.3910 4.7619e-01     0.1273      0.015    1450.00     74.824     8.4806  59.345563     5.9342      0.132  0.000e+00
      0.132     2.5935    26.8261    21.3936 4.8840e-01     0.1273      0.015    1450.03     74.826     8.4797  59.345564     5.9336      0.133  0.000e+00
      0.156     2.5986    26.8295    21.3960 4.8840e-01     0.1273      0.015    1450.05     74.829     8.4787  59.345564     5.9329      0.158  0.000e+00
      0.156     2.6025    26.8333    21.3989 4.8840e-01     0.1273      0.015    1450.08     74.832     8.4781  59.345565     5.9325      0.158  0.000e+00
      0.177     2.6039    26.8358    21.4007 4.6398e-01     0.1273      0.015    1450.08     74.829     8.4772  59.345565     5.9319      0.179  0.000e+00
      0.179     2.6022    26.8362    21.4012 4.5177e-01     0.1273      0.015    1450.08     74.835     8.4783  59.345566     5.9326      0.181  0.000e+00
      0.192     2.6012    26.8360    21.4011 4.2735e-01     0.1273      0.015    1450.07     74.843     8.4795  59.345566     5.9334      0.194  0.000e+00
      0.215     2.6012    26.8369    21.4018 4.5177e-01     0.1273      0.015    1450.07     74.853     8.4805  59.345567     5.9341      0.217  0.000e+00
      0.215     2.6021    26.8372    21.4020 4.7619e-01     0.1273      0.015    1450.08     74.798     8.4741  59.345567     5.9297      0.217  0.000e+00
      0.228     2.6034    26.8390    21.4033 4.7619e-01     0.1273      0.015    1450.09     74.865     8.4812  59.345568     5.9347      0.230  0.000e+00
      0.228     2.6043    26.8435    21.4068 4.6398e-01     0.1273      0.015    1450.10     74.813     8.4750  59.345568     5.9303      0.230  0.000e+00
      0.252     2.6076    26.8443    21.4073 4.5177e-01     0.1261      0.015    1450.11     74.808     8.4736  59.345569     5.9293      0.254  0.000e+00
      0.250     2.6090    26.8452    21.4079 4.5177e-01     0.1273      0.015    1450.12     74.868     8.4801  59.345569     5.9339      0.253  0.000e+00
      0.263     2.6091    26.8484    21.4104 4.5177e-01     0.1261      0.015    1450.13     74.875     8.4806  59.345570     5.9343      0.266  0.000e+00
      0.263     2.6115    26.8524    21.4135 4.8840e-01     0.1273      0.015    1450.14     74.882     8.4807  59.345570     5.9343      0.266  0.000e+00
      0.287     2.6137    26.8572    21.4172 5.3724e-01     0.1273      0.015    1450.16     74.899     8.4819  59.345571     5.9351      0.290  0.000e+00
      0.262     2.6159    26.8605    21.4196 5.2503e-01     0.1273      0.015    1450.17     74.844     8.4749  59.345571     5.9303      0.264  0.000e+00
      0.310     2.6196    26.8618    21.4205 5.1282e-01     0.1273      0.015    1450.19     74.845     8.4742  59.345571     5.9297      0.313  0.000e+00
      0.287     2.6223    26.8637    21.4218 5.4945e-01     0.1273      0.015    1450.20     74.910     8.4809  59.345572     5.9344      0.290  0.000e+00
      0.299     2.6239    26.8634    21.4214 5.4945e-01     0.1273      0.015    1450.21     74.922     8.4819  59.345572     5.9352      0.302  0.000e+00
      0.299     2.6246    26.8619    21.4202 5.0061e-01     0.1273      0.015    1450.21     74.935     8.4833  59.345573     5.9361      0.302  0.000e+00
      0.321     2.6263    26.8597    21.4184 4.6398e-01     0.1273      0.015    1450.22     74.939     8.4836  59.345573     5.9363      0.324  0.000e+00
      0.310     2.6275    26.8568    21.4160 4.7619e-01     0.1273      0.015    1450.22     74.953     8.4850  59.345574     5.9373      0.313  0.000e+00
      0.310     2.6285    26.8493    21.4099 4.6398e-01     0.1273      0.015    1450.21     74.968     8.4869  59.345574     5.9387      0.313  0.000e+00
      0.323     2.6291    26.8391    21.4017 4.2735e-01     0.1273      0.015    1450.20     74.974     8.4881  59.345575     5.9395      0.326  0.000e+00
      0.333     2.6227    26.8301    21.3950 4.2735e-01     0.1273      0.018    1450.16     74.918     8.4837  59.345575     5.9364      0.336  0.000e+00
      0.323     2.6031    26.8217    21.3895 4.8840e-01     0.1273      0.015    1450.07     74.920     8.4886  59.345576     5.9398      0.326  0.000e+00
      0.334     2.5815    26.8135    21.3843 4.8840e-01     0.1273      0.015    1449.96     74.988     8.5014  59.345576     5.9488      0.337  0.000e+00
      0.334     2.5658    26.8092    21.3820 4.5177e-01     0.1273      0.015    1449.88     74.935     8.4991  59.345577     5.9472      0.337  0.000e+00
      0.333     2.5558    26.8038    21.3783 4.5177e-01     0.1273      0.015    1449.83     75.002     8.5090  59.345577     5.9541      0.336  0.000e+00
      0.334     2.5496    26.7978    21.3738 4.5177e-01     0.1273      0.015    1449.80     75.012     8.5120  59.345578     5.9562      0.337  0.000e+00
      0.334     2.5474    26.7929    21.3701 4.3956e-01     0.1273      0.015    1449.78     74.959     8.5067  59.345578     5.9525      0.337  0.000e+00
      0.334     2.5428    26.7884    21.3668 4.5177e-01     0.1273      0.015    1449.76     75.026     8.5155  59.345579     5.9586      0.337  0.000e+00
      0.333     2.5388    26.7810    21.3611 4.2735e-01     0.1261      0.015    1449.73     75.038     8.5181  59.345579     5.9605      0.336  0.000e+00
      0.323     2.5346    26.7806    21.3611 4.1514e-01     0.1273      0.018    1449.71     75.050     8.5205  59.345580     5.9621      0.326  0.000e+00
      0.347     2.5374    26.7856    21.3649 4.2735e-01     0.1273      0.015    1449.73     74.998     8.5136  59.345580     5.9573      0.351  0.000e+00
      0.323     2.5398    26.7863    21.3653 4.7619e-01     0.1273      0.015    1449.74     75.055     8.5196  59.345581     5.9615      0.326  0.000e+00
      0.323     2.5385    26.7832    21.3629 4.8840e-01     0.1273      0.015    1449.73     75.058     8.5204  59.345581     5.9621      0.326  0.000e+00
      0.333     2.5368    26.7812    21.3614 4.6398e-01     0.1273      0.015    1449.72     74.998     8.5140  59.345582     5.9576      0.336  0.000e+00
      0.323     2.5333    26.7791    21.3600 4.3956e-01     0.1273      0.015    1449.70     75.066     8.5227  59.345582     5.9637      0.326  0.000e+00
      0.323     2.5311    26.7764    21.3580 4.8840e-01     0.1273      0.015    1449.69     75.080     8.5249  59.345583     5.9652      0.326  0.000e+00
      0.323     2.5327    26.7768    21.3582 4.7619e-01     0.1273      0.015    1449.70     75.084     8.5250  59.345583     5.9653      0.326  0.000e+00
      0.310     2.5398    26.7805    21.3607 4.3956e-01     0.1273      0.015    1449.73     75.087     8.5235  59.345584     5.9642      0.313  0.000e+00
      0.299     2.5474    26.7862    21.3647 4.0293e-01     0.1273      0.015    1449.77     75.089     8.5218  59.345584     5.9631      0.302  0.000e+00
      0.299     2.5542    26.7883    21.3660 4.1514e-01     0.1273      0.015    1449.81     75.092     8.5205  59.345584     5.9622      0.302  0.000e+00
      0.287     2.5455    26.7884    21.3666 4.1514e-01     0.1273      0.015    1449.77     75.098     8.5231  59.345585     5.9640      0.290  0.000e+00
      0.273     2.5323    26.7834    21.3635 4.1514e-01     0.1273      0.015    1449.70     75.169     8.5343  59.345585     5.9718      0.275  0.000e+00
      0.274     2.5262    26.7782    21.3597 4.1514e-01     0.1261      0.015    1449.67     75.183     8.5376  59.345586     5.9741      0.277  0.000e+00
      0.263     2.5225    26.7813    21.3624 4.0293e-01     0.1273      0.015    1449.66     75.197     8.5397  59.345586     5.9756      0.266  0.000e+00
      0.252     2.5209    26.7810    21.3623 4.6398e-01     0.1273      0.015    1449.65     75.209     8.5415  59.345587     5.9769      0.254  0.000e+00
      0.237     2.5037    26.7712    21.3556 5.0061e-01     0.1273      0.015    1449.56     75.225     8.5476  59.345587     5.9811      0.239  0.000e+00
      0.239     2.4825    26.7534    21.3426 5.7387e-01     0.1273      0.015    1449.44     75.241     8.5551  59.345588     5.9863      0.241  0.000e+00
      0.215     2.4721    26.7363    21.3297 5.3724e-01     0.1273      0.015    1449.37     75.255     8.5599  59.345588     5.9897      0.217  0.000e+00
      0.215     2.4653    26.7269    21.3225 4.7619e-01     0.1273      0.015    1449.33     75.267     8.5633  59.345589     5.9921      0.217  0.000e+00
      0.202     2.4578    26.7197    21.3173 4.7619e-01     0.1273      0.015    1449.29     75.279     8.5667  59.345589     5.9945      0.204  0.000e+00
      0.192     2.4499    26.7152    21.3142 4.8840e-01     0.1273      0.015    1449.25     75.291     8.5700  59.345590     5.9968      0.194  0.000e+00
      0.168     2.4498    26.7163    21.3151 4.6398e-01     0.1273      0.015    1449.25     75.364     8.5784  59.345590     6.0026      0.169  0.000e+00
      0.179     2.4617    26.7196    21.3170 4.7619e-01     0.1273      0.015    1449.31     75.370     8.5763  59.345591     6.0012      0.181  0.000e+00
      0.142     2.4604    26.7212    21.3183 4.5177e-01     0.1273      0.015    1449.30     75.387     8.5784  59.345591     6.0026      0.143  0.000e+00
      0.156     2.4592    26.7197    21.3172 4.0293e-01     0.1273      0.015    1449.29     75.394     8.5795  59.345592     6.0034      0.158  0.000e+00
      0.132     2.4530    26.7203    21.3181 4.0293e-01     0.1273      0.015    1449.27     75.401     8.5816  59.345592     6.0049      0.133  0.000e+00
      0.119     2.4395    26.7126    21.3128 4.5177e-01     0.1273      0.015    1449.20     75.418     8.5869  59.345593     6.0086      0.120  0.000e+00
      0.119     2.4296    26.7012    21.3042 4.6398e-01     0.1273      0.015    1449.14     75.433     8.5915  59.345593     6.0118      0.120  0.000e+00
      0.096     2.4210    26.6925    21.2978 4.5177e-01     0.1273      0.015    1449.09     75.447     8.5955  59.345594     6.0146      0.097  0.000e+00
      0.096     2.4164    26.6853    21.2923 6.5934e-01     0.1261      0.015    1449.06     75.524     8.6057  59.345594     6.0218      0.097  0.000e+00
      0.084     2.4149    26.6839    21.2913 8.5470e-01     0.1273      0.015    1449.05     75.470     8.6000  59.345595     6.0178      0.084  0.000e+00
      0.082     2.4178    26.6849    21.2920 7.5702e-01     0.1273      0.015    1449.06     75.469     8.5992  59.345595     6.0172      0.083  0.000e+00
      0.061     2.4195    26.6825    21.2899 5.9829e-01     0.1273      0.015    1449.07     75.477     8.5998  59.345596     6.0176      0.061  0.000e+00
      0.061     2.4183    26.6758    21.2847 5.2503e-01     0.1273      0.015    1449.05     75.549     8.6086  59.345596     6.0238      0.061  0.000e+00
      0.037     2.4167    26.6707    21.2806 5.0061e-01     0.1273      0.015    1449.04     75.564     8.6111  59.345597     6.0255      0.037  0.000e+00
      0.046     2.4140    26.6678    21.2785 5.1282e-01     0.1273      0.015    1449.02     75.579     8.6135  59.345597     6.0272      0.047  0.000e+00
      0.024     2.4138    26.6677    21.2785 4.8840e-01     0.1273      0.015    1449.02     75.592     8.6151  59.345598     6.0283      0.024  0.000e+00
      0.012     2.4155    26.6692    21.2796 4.7619e-01     0.1273      0.015    1449.03     75.604     8.6159  59.345598     6.0289      0.012  0.000e+00
     -0.001     2.4166    26.6705    21.2805 4.5177e-01     0.1273      0.015    1449.04     75.614     8.6168  59.345598     6.0295     -0.001  0.000e+00
      0.001     2.4147    26.6668    21.2777 4.5177e-01     0.1273      0.015    1449.03     75.615     8.6175  59.345599     6.0300      0.001  0.000e+00
     -0.023     2.4088    26.6588    21.2717 4.6398e-01     0.1273      0.015    1448.99     75.614     8.6192  59.345599     6.0312     -0.024  0.000e+00
     -0.012     2.3990    26.6431    21.2597 4.5177e-01     0.1273      0.015    1448.93     75.623     8.6233  59.345600     6.0341     -0.012  0.000e+00
     -0.036     2.3772    26.6209    21.2433 4.3956e-01     0.1273      0.018    1448.80     75.688     8.6368  59.345600     6.0435     -0.037  0.000e+00
     -0.048     2.3576    26.6017    21.2291 4.2735e-01     0.1273      0.015    1448.69     75.706     8.6442  59.345601     6.0487     -0.048  0.000e+00
     -0.035     2.3515    26.6033    21.2308 4.2735e-01     0.1273      0.018    1448.66     75.719     8.6470  59.345601     6.0506     -0.035  0.000e+00
     -0.048     2.3512    26.6210    21.2449 4.2735e-01     0.1273      0.015    1448.68     75.718     8.6460  59.345602     6.0499     -0.048  0.000e+00
     -0.060     2.3575    26.6624    21.2776 4.1514e-01     0.1261      0.015    1448.77     75.725     8.6428  59.345602     6.0478     -0.061  0.000e+00
     -0.072     2.3812    26.7135    21.3170 4.1514e-01     0.1273      0.015    1448.94     75.661     8.6273  59.345603     6.0369     -0.073  0.000e+00
     -0.072     2.4096    26.7431    21.3389 4.1514e-01     0.1273      0.015    1449.10     75.650     8.6181  59.345603     6.0304     -0.073  0.000e+00
     -0.085     2.4391    26.7579    21.3489 3.7851e-01     0.1273      0.015    1449.25     75.692     8.6155  59.345604     6.0286     -0.086  0.000e+00
     -0.083     2.4619    26.7723    21.3590 4.0293e-01     0.1273      0.015    1449.37     75.624     8.6020  59.345604     6.0192     -0.084  0.000e+00
     -0.083     2.4779    26.7705    21.3565 4.8840e-01     0.1273      0.015    1449.44     75.612     8.5972  59.345605     6.0158     -0.084  0.000e+00
     -0.094     2.4867    26.7599    21.3475 5.6166e-01     0.1273      0.015    1449.46     75.654     8.6007  59.345605     6.0183     -0.095  0.000e+00
     -0.085     2.4900    26.7578    21.3457 5.3724e-01     0.1273      0.015    1449.48     75.651     8.5998  59.345606     6.0176     -0.086  0.000e+00
     -0.107     2.4905    26.7625    21.3494 5.1282e-01     0.1273      0.015    1449.48     75.647     8.5989  59.345606     6.0170     -0.108  0.000e+00
     -0.107     2.4947    26.7630    21.3496 4.6398e-01     0.1273      0.015    1449.50     75.641     8.5973  59.345607     6.0159     -0.108  0.000e+00
     -0.096     2.4853    26.7369    21.3293 4.8840e-01     0.1261      0.015    1449.43     75.636     8.6003  59.345607     6.0180     -0.097  0.000e+00
     -0.107     2.4626    26.6702    21.2775 4.8840e-01     0.1273      0.015    1449.24     75.633     8.6088  59.345608     6.0240     -0.108  0.000e+00
     -0.107     2.4409    26.6326    21.2488 5.0061e-01     0.1273      0.015    1449.10     75.564     8.6079  59.345608     6.0233     -0.108  0.000e+00
