RAWDATA/20190228/Bn1_20190228_down.cnv
* Sea-Bird SBE 9 Data File:
* FileName = C:\CTD Brukere\NIVA\IO2019\20190228\Bn1_20190228.hex
* Software Version Seasave V 7.23.2
* Temperature SN = 5352
* Conductivity SN = 3840
* Number of Bytes Per Scan = 28
* Number of Voltage Words = 4
* Number of Scans Averaged by the Deck Unit = 1
* NMEA baud rate = 4800
** Ship: R/V Trygve Braarud
** Cruise:
** Station:
** Operator:
# nquan = 14
# nvalues = 4738                                  
# units = specified
# name 0 = depSM: Depth [salt water, m], lat = 59.60
# name 1 = t090C: Temperature [ITS-90, deg C]
# name 2 = sal00: Salinity, Practical [PSU]
# name 3 = sigma-t00: Density [sigma-t, kg/m^3 ]
# name 4 = flSP: Fluorescence, Seapoint
# name 5 = wetStar: Fluorescence, WET Labs WETstar [mg/m^3]
# name 6 = seaTurbMtr: Turbidity, Seapoint [FTU]
# name 7 = svCM: Sound Velocity [Chen-Millero, m/s]
# name 8 = sbeox0PS: Oxygen, SBE 43 [% saturation]
# name 9 = sbeox0Mg/L: Oxygen, SBE 43 [mg/l]
# name 10 = timeJ: Julian Days
# name 11 = sbeox0ML/L: Oxygen, SBE 43 [ml/l]
# name 12 = prDM: Pressure, Digiquartz [db]
# name 13 = flag:  0.000e+00
# span 0 =     -0.156,     80.582                 
# span 1 =     2.2851,     8.4583                 
# span 2 =    26.4532,    33.7723                 
# span 3 =    21.1148,    26.2501                 
# span 4 = 0.0000e+00, 1.2210e+00                 
# span 5 =     0.1261,     0.1310                 
# span 6 =      0.015,      0.231                 
# span 7 =    1448.17,    1483.79                 
# span 8 =     45.660,     75.725                 
# span 9 =     4.3418,     8.6470                 
# span 10 =  59.345509,  59.347794                
# span 11 =     3.0382,     6.0506                
# span 12 =     -0.157,     81.362                
# span 13 = 0.0000e+00, 0.0000e+00                
# interval = seconds: 0.0416667
# start_time = Feb 28 2019 08:17:32 [System UpLoad Time]
# bad_flag = -9.990e-29
*END*
[from data line 1652]
     27.376     7.0359    32.7868    25.6708 1.8315e-01     0.1285      0.139    1476.48     46.744     4.5722  59.346306     3.1994     27.638  0.000e+00
     27.394     7.0363    32.7864    25.6704 1.8315e-01     0.1285      0.139    1476.48     46.726     4.5705  59.346306     3.1981     27.656  0.000e+00
     27.423     7.0365    32.7860    25.6701 1.8315e-01     0.1285      0.139    1476.48     46.766     4.5744  59.346307     3.2009     27.685  0.000e+00
     27.454     7.0363    32.7859    25.6701 1.8315e-01     0.1285      0.139    1476.48     46.809     4.5786  59.346307     3.2038     27.717  0.000e+00
     27.483     7.0364    32.7860    25.6701 1.8315e-01     0.1285      0.139    1476.48     46.785     4.5761  59.346308     3.2021     27.746  0.000e+00
     27.526     7.0365    32.7860    25.6701 1.8315e-01     0.1285      0.139    1476.48     46.825     4.5801  59.346308     3.2049     27.789  0.000e+00
     27.568     7.0363    32.7864    25.6704 1.8315e-01     0.1298      0.139    1476.49     46.867     4.5842  59.346309     3.2077     27.831  0.000e+00
     27.574     7.0366    32.7864    25.6704 1.8315e-01     0.1285      0.139    1476.49     46.849     4.5824  59.346309     3.2065     27.838  0.000e+00
     27.616     7.0369    32.7865    25.6705 1.8315e-01     0.1285      0.139    1476.49     46.887     4.5861  59.346310     3.2091     27.880  0.000e+00
     27.623     7.0370    32.7870    25.6708 1.8315e-01     0.1285      0.139    1476.49     46.865     4.5839  59.346310     3.2076     27.887  0.000e+00
     27.652     7.0371    32.7865    25.6704 1.8315e-01     0.1285      0.139    1476.49     46.899     4.5873  59.346311     3.2099     27.916  0.000e+00
     27.694     7.0373    32.7864    25.6703 1.8315e-01     0.1285      0.139    1476.49     46.935     4.5907  59.346311     3.2123     27.959  0.000e+00
     27.723     7.0370    32.7862    25.6702 1.8315e-01     0.1285      0.139    1476.49     46.917     4.5890  59.346312     3.2111     27.988  0.000e+00
     27.754     7.0370    32.7869    25.6707 1.8315e-01     0.1285      0.139    1476.49     46.947     4.5919  59.346312     3.2131     28.019  0.000e+00
     27.795     7.0378    32.7903    25.6733 1.9536e-01     0.1285      0.139    1476.50     46.923     4.5894  59.346313     3.2114     28.060  0.000e+00
     27.801     7.0415    32.7938    25.6756 1.8315e-01     0.1273      0.136    1476.52     46.955     4.5920  59.346313     3.2132     28.067  0.000e+00
     27.844     7.0464    32.7959    25.6766 1.8315e-01     0.1285      0.136    1476.54     46.987     4.5946  59.346314     3.2150     28.110  0.000e+00
     27.874     7.0506    32.7968    25.6767 1.8315e-01     0.1273      0.136    1476.56     47.020     4.5974  59.346314     3.2170     28.141  0.000e+00
     27.891     7.0543    32.8005    25.6791 1.8315e-01     0.1285      0.139    1476.58     46.991     4.5940  59.346315     3.2146     28.157  0.000e+00
     27.934     7.0603    32.8048    25.6817 1.8315e-01     0.1285      0.139    1476.61     46.962     4.5904  59.346315     3.2121     28.201  0.000e+00
     27.975     7.0677    32.8084    25.6835 1.8315e-01     0.1285      0.139    1476.64     46.988     4.5921  59.346316     3.2133     28.242  0.000e+00
     27.999     7.0757    32.8118    25.6852 1.8315e-01     0.1285      0.139    1476.68     46.952     4.5876  59.346316     3.2101     28.267  0.000e+00
     28.030     7.0837    32.8142    25.6860 1.8315e-01     0.1273      0.139    1476.71     46.970     4.5885  59.346317     3.2107     28.298  0.000e+00
     28.059     7.0905    32.8140    25.6849 1.8315e-01     0.1298      0.139    1476.74     46.988     4.5895  59.346317     3.2115     28.327  0.000e+00
     28.101     7.0951    32.8152    25.6852 1.8315e-01     0.1285      0.139    1476.76     46.944     4.5847  59.346318     3.2081     28.370  0.000e+00
     28.119     7.0999    32.8187    25.6873 1.8315e-01     0.1285      0.139    1476.78     46.961     4.5857  59.346318     3.2088     28.388  0.000e+00
     28.150     7.1061    32.8221    25.6892 1.8315e-01     0.1285      0.136    1476.81     46.985     4.5873  59.346318     3.2099     28.419  0.000e+00
     28.179     7.1135    32.8244    25.6900 1.8315e-01     0.1285      0.139    1476.84     46.947     4.5827  59.346319     3.2067     28.449  0.000e+00
     28.210     7.1206    32.8267    25.6908 1.8315e-01     0.1285      0.136    1476.87     46.955     4.5827  59.346319     3.2067     28.480  0.000e+00
     28.239     7.1265    32.8253    25.6889 1.8315e-01     0.1285      0.139    1476.90     46.969     4.5835  59.346320     3.2072     28.509  0.000e+00
     28.262     7.1288    32.8224    25.6863 1.8315e-01     0.1285      0.136    1476.90     46.928     4.5793  59.346320     3.2043     28.532  0.000e+00
     28.294     7.1298    32.8243    25.6876 1.8315e-01     0.1285      0.136    1476.91     46.878     4.5743  59.346321     3.2008     28.565  0.000e+00
     28.322     7.1347    32.8307    25.6920 1.8315e-01     0.1285      0.136    1476.94     46.890     4.5747  59.346321     3.2011     28.593  0.000e+00
     28.353     7.1390    32.8283    25.6896 1.8315e-01     0.1285      0.136    1476.95     46.901     4.5754  59.346322     3.2016     28.624  0.000e+00
     28.382     7.1357    32.8230    25.6858 1.8315e-01     0.1285      0.136    1476.93     46.910     4.5769  59.346322     3.2026     28.653  0.000e+00
     28.401     7.1303    32.8253    25.6883 1.8315e-01     0.1285      0.136    1476.91     46.864     4.5728  59.346323     3.1998     28.673  0.000e+00
     28.431     7.1300    32.8280    25.6906 1.9536e-01     0.1285      0.136    1476.92     46.871     4.5735  59.346323     3.2003     28.702  0.000e+00
     28.466     7.1301    32.8257    25.6887 1.8315e-01     0.1285      0.136    1476.91     46.884     4.5748  59.346324     3.2012     28.738  0.000e+00
     28.486     7.1263    32.8208    25.6854 1.8315e-01     0.1285      0.136    1476.89     46.834     4.5705  59.346324     3.1982     28.758  0.000e+00
     28.515     7.1218    32.8201    25.6854 1.8315e-01     0.1273      0.136    1476.88     46.845     4.5720  59.346325     3.1992     28.787  0.000e+00
     28.533     7.1206    32.8277    25.6916 1.8315e-01     0.1285      0.136    1476.88     46.853     4.5728  59.346325     3.1997     28.806  0.000e+00
     28.575     7.1249    32.8297    25.6926 1.8315e-01     0.1285      0.136    1476.90     46.806     4.5677  59.346326     3.1962     28.848  0.000e+00
     28.586     7.1266    32.8228    25.6869 1.8315e-01     0.1285      0.136    1476.90     46.812     4.5682  59.346326     3.1966     28.860  0.000e+00
     28.617     7.1202    32.8137    25.6806 1.9536e-01     0.1285      0.136    1476.86     46.762     4.5643  59.346327     3.1938     28.891  0.000e+00
     28.635     7.1093    32.8067    25.6766 1.9536e-01     0.1285      0.136    1476.81     46.772     4.5667  59.346327     3.1955     28.909  0.000e+00
     28.666     7.0959    32.8033    25.6757 1.9536e-01     0.1285      0.136    1476.76     46.781     4.5691  59.346328     3.1972     28.940  0.000e+00
     28.693     7.0832    32.8076    25.6808 1.8315e-01     0.1285      0.136    1476.71     46.796     4.5717  59.346328     3.1990     28.968  0.000e+00
     28.693     7.0768    32.8107    25.6841 1.8315e-01     0.1285      0.136    1476.69     46.747     4.5675  59.346329     3.1961     28.968  0.000e+00
     28.726     7.0760    32.8076    25.6818 1.8315e-01     0.1285      0.136    1476.69     46.751     4.5680  59.346329     3.1964     29.000  0.000e+00
     28.742     7.0730    32.8001    25.6763 1.8315e-01     0.1285      0.136    1476.66     46.698     4.5634  59.346330     3.1932     29.017  0.000e+00
     28.773     7.0668    32.7947    25.6729 1.8315e-01     0.1273      0.132    1476.63     46.698     4.5642  59.346330     3.1938     29.048  0.000e+00
     28.791     7.0618    32.7933    25.6725 1.8315e-01     0.1273      0.136    1476.61     46.704     4.5653  59.346331     3.1945     29.066  0.000e+00
     28.802     7.0582    32.7933    25.6729 1.8315e-01     0.1285      0.132    1476.60     46.653     4.5607  59.346331     3.1913     29.077  0.000e+00
     28.833     7.0557    32.7924    25.6725 1.8315e-01     0.1273      0.132    1476.59     46.654     4.5612  59.346332     3.1917     29.108  0.000e+00
     28.838     7.0544    32.7910    25.6717 1.8315e-01     0.1285      0.136    1476.58     46.662     4.5621  59.346332     3.1923     29.113  0.000e+00
     28.862     7.0533    32.7916    25.6722 1.8315e-01     0.1273      0.136    1476.58     46.613     4.5574  59.346332     3.1890     29.138  0.000e+00
     28.893     7.0531    32.7930    25.6734 1.8315e-01     0.1285      0.136    1476.58     46.616     4.5577  59.346333     3.1892     29.169  0.000e+00
     28.898     7.0527    32.7923    25.6729 1.8315e-01     0.1285      0.136    1476.58     46.625     4.5587  59.346333     3.1899     29.174  0.000e+00
     28.898     7.0528    32.7918    25.6725 1.8315e-01     0.1273      0.136    1476.58     46.632     4.5594  59.346334     3.1904     29.174  0.000e+00
     28.942     7.0543    32.7942    25.6742 1.9536e-01     0.1285      0.136    1476.59     46.583     4.5543  59.346334     3.1868     29.218  0.000e+00
     28.946     7.0584    32.7973    25.6761 1.9536e-01     0.1273      0.132    1476.61     46.593     4.5548  59.346335     3.1872     29.223  0.000e+00
     28.953     7.0600    32.7977    25.6761 1.9536e-01     0.1285      0.136    1476.61     46.601     4.5554  59.346335     3.1876     29.230  0.000e+00
     28.982     7.0592    32.7970    25.6757 1.9536e-01     0.1285      0.132    1476.61     46.615     4.5568  59.346336     3.1886     29.259  0.000e+00
     28.993     7.0584    32.7970    25.6759 1.9536e-01     0.1273      0.136    1476.61     46.626     4.5580  59.346336     3.1894     29.271  0.000e+00
     29.002     7.0583    32.7970    25.6759 1.9536e-01     0.1285      0.136    1476.61     46.580     4.5535  59.346337     3.1863     29.279  0.000e+00
     29.029     7.0589    32.7949    25.6741 1.9536e-01     0.1285      0.136    1476.61     46.594     4.5549  59.346337     3.1872     29.307  0.000e+00
     29.042     7.0586    32.7912    25.6712 1.9536e-01     0.1285      0.136    1476.60     46.613     4.5569  59.346338     3.1886     29.320  0.000e+00
     29.062     7.0566    32.7892    25.6699 1.9536e-01     0.1285      0.136    1476.59     46.630     4.5588  59.346338     3.1900     29.339  0.000e+00
     29.053     7.0544    32.7882    25.6694 1.9536e-01     0.1285      0.136    1476.58     46.644     4.5604  59.346339     3.1911     29.331  0.000e+00
     29.089     7.0528    32.7881    25.6696 1.9536e-01     0.1285      0.136    1476.58     46.600     4.5563  59.346339     3.1883     29.367  0.000e+00
     29.084     7.0522    32.7903    25.6714 1.9536e-01     0.1285      0.136    1476.58     46.609     4.5571  59.346340     3.1888     29.362  0.000e+00
     29.114     7.0523    32.7917    25.6725 1.9536e-01     0.1285      0.136    1476.58     46.622     4.5584  59.346340     3.1897     29.392  0.000e+00
     29.125     7.0527    32.7921    25.6728 1.9536e-01     0.1285      0.136    1476.58     46.639     4.5600  59.346341     3.1908     29.403  0.000e+00
     29.144     7.0523    32.7934    25.6738 1.9536e-01     0.1285      0.136    1476.58     46.654     4.5614  59.346341     3.1918     29.423  0.000e+00
     29.138     7.0530    32.7930    25.6734 1.9536e-01     0.1285      0.136    1476.58     46.672     4.5632  59.346342     3.1931     29.416  0.000e+00
     29.162     7.0530    32.7920    25.6726 1.9536e-01     0.1273      0.132    1476.58     46.696     4.5655  59.346342     3.1947     29.441  0.000e+00
     29.182     7.0523    32.7908    25.6718 1.9536e-01     0.1285      0.136    1476.58     46.716     4.5676  59.346343     3.1961     29.461  0.000e+00
     29.185     7.0511    32.7908    25.6719 1.9536e-01     0.1285      0.136    1476.58     46.739     4.5700  59.346343     3.1978     29.464  0.000e+00
     29.209     7.0499    32.7909    25.6722 2.0757e-01     0.1285      0.136    1476.57     46.768     4.5729  59.346344     3.1998     29.488  0.000e+00
     29.229     7.0491    32.7901    25.6717 2.1978e-01     0.1285      0.136    1476.57     46.730     4.5693  59.346344     3.1973     29.508  0.000e+00
     29.234     7.0484    32.7886    25.6706 2.0757e-01     0.1285      0.136    1476.56     46.743     4.5707  59.346345     3.1983     29.513  0.000e+00
     29.245     7.0469    32.7887    25.6708 1.9536e-01     0.1285      0.136    1476.56     46.759     4.5725  59.346345     3.1996     29.524  0.000e+00
     29.277     7.0461    32.7882    25.6706 1.9536e-01     0.1285      0.136    1476.55     46.780     4.5746  59.346345     3.2010     29.557  0.000e+00
     29.281     7.0455    32.7880    25.6705 1.8315e-01     0.1285      0.136    1476.55     46.804     4.5770  59.346346     3.2027     29.560  0.000e+00
     29.281     7.0447    32.7884    25.6709 1.9536e-01     0.1285      0.132    1476.55     46.824     4.5791  59.346346     3.2042     29.560  0.000e+00
     29.324     7.0441    32.7894    25.6718 1.9536e-01     0.1285      0.132    1476.55     46.848     4.5814  59.346347     3.2058     29.605  0.000e+00
     29.329     7.0448    32.7898    25.6720 1.9536e-01     0.1285      0.132    1476.55     46.875     4.5840  59.346347     3.2076     29.610  0.000e+00
     29.341     7.0461    32.7901    25.6720 1.9536e-01     0.1273      0.136    1476.56     46.898     4.5860  59.346348     3.2090     29.621  0.000e+00
     29.373     7.0470    32.7905    25.6722 1.8315e-01     0.1285      0.132    1476.56     46.923     4.5885  59.346348     3.2107     29.654  0.000e+00
     29.378     7.0476    32.7904    25.6721 1.9536e-01     0.1285      0.136    1476.56     46.952     4.5912  59.346349     3.2127     29.659  0.000e+00
     29.401     7.0480    32.7903    25.6719 1.8315e-01     0.1285      0.136    1476.57     47.038     4.5996  59.346349     3.2185     29.682  0.000e+00
     29.409     7.0484    32.7893    25.6711 1.9536e-01     0.1285      0.136    1476.57     47.011     4.5969  59.346350     3.2166     29.690  0.000e+00
     29.425     7.0479    32.7900    25.6717 1.9536e-01     0.1285      0.136    1476.57     47.032     4.5990  59.346350     3.2181     29.706  0.000e+00
     29.449     7.0476    32.7899    25.6717 1.9536e-01     0.1285      0.132    1476.56     47.057     4.6014  59.346351     3.2198     29.731  0.000e+00
     29.457     7.0473    32.7908    25.6725 1.9536e-01     0.1285      0.136    1476.56     47.083     4.6041  59.346351     3.2217     29.739  0.000e+00
     29.485     7.0469    32.7974    25.6776 1.8315e-01     0.1285      0.136    1476.57     47.113     4.6068  59.346352     3.2235     29.767  0.000e+00
     29.509     7.0484    32.8090    25.6866 1.8315e-01     0.1285      0.136    1476.59     47.075     4.6025  59.346352     3.2206     29.791  0.000e+00
     29.517     7.0552    32.8188    25.6934 1.8315e-01     0.1273      0.136    1476.63     47.155     4.6094  59.346353     3.2254     29.800  0.000e+00
     29.534     7.0636    32.8261    25.6980 1.8315e-01     0.1285      0.136    1476.67     47.175     4.6103  59.346353     3.2260     29.816  0.000e+00
     29.556     7.0703    32.8364    25.7052 1.8315e-01     0.1285      0.136    1476.71     47.198     4.6114  59.346354     3.2268     29.839  0.000e+00
     29.581     7.0792    32.8511    25.7156 1.8315e-01     0.1285      0.136    1476.77     47.222     4.6124  59.346354     3.2275     29.863  0.000e+00
     29.589     7.0977    32.8613    25.7211 1.8315e-01     0.1285      0.136    1476.85     47.240     4.6119  59.346355     3.2271     29.872  0.000e+00
