RAWDATA/20190228/Bn1_20190228_down.cnv
* Sea-Bird SBE 9 Data File:
* FileName = C:\CTD Brukere\NIVA\IO2019\20190228\Bn1_20190228.hex
* Software Version Seasave V 7.23.2
* Temperature SN = 5352
* Conductivity SN = 3840
* Number of Bytes Per Scan = 28
* Number of Voltage Words = 4
* Number of Scans Averaged by the Deck Unit = 1
* NMEA baud rate = 4800
** Ship: R/V Trygve Braarud
** Cruise:
** Station:
** Operator:
# nquan = 14
# nvalues = 4738                                  
# units = specified
# name 0 = depSM: Depth [salt water, m], lat = 59.60
# name 1 = t090C: Temperature [ITS-90, deg C]
# name 2 = sal00: Salinity, Practical [PSU]
# name 3 = sigma-t00: Density [sigma-t, kg/m^3 ]
# name 4 = flSP: Fluorescence, Seapoint
# name 5 = wetStar: Fluorescence, WET Labs WETstar [mg/m^3]
# name 6 = seaTurbMtr: Turbidity, Seapoint [FTU]
# name 7 = svCM: Sound Velocity [Chen-Millero, m/s]
# name 8 = sbeox0PS: Oxygen, SBE 43 [% saturation]
# name 9 = sbeox0Mg/L: Oxygen, SBE 43 [mg/l]
# name 10 = timeJ: Julian Days
# name 11 = sbeox0ML/L: Oxygen, SBE 43 [ml/l]
# name 12 = prDM: Pressure, Digiquartz [db]
# name 13 = flag:  0.000e+00
# span 0 =     -0.156,     80.582                 
# span 1 =     2.2851,     8.4583                 
# span 2 =    26.4532,    33.7723                 
# span 3 =    21.1148,    26.2501                 
# span 4 = 0.0000e+00, 1.2210e+00                 
# span 5 =     0.1261,     0.1310                 
# span 6 =      0.015,      0.231                 
# span 7 =    1448.17,    1483.79                 
# span 8 =     45.660,     75.725                 
# span 9 =     4.3418,     8.6470                 
# span 10 =  59.345509,  59.347794                
# span 11 =     3.0382,     6.0506                
# span 12 =     -0.157,     81.362                
# span 13 = 0.0000e+00, 0.0000e+00                
# interval = seconds: 0.0416667
# start_time = Feb 28 2019 08:17:32 [System UpLoad Time]
# bad_flag = -9.990e-29
*END*
[from data line 2684]
     51.197     8.3467    33.5824    26.1089 1.4652e-01     0.1298      0.103    1482.87     51.801     4.8928  59.346804     3.4237     51.689  0.000e+00
     51.222     8.3460    33.5832    26.1096 1.4652e-01     0.1298      0.103    1482.87     51.795     4.8923  59.346804     3.4233     51.714  0.000e+00
     51.246     8.3460    33.5829    26.1094 1.4652e-01     0.1285      0.103    1482.87     51.794     4.8922  59.346805     3.4233     51.739  0.000e+00
     51.293     8.3483    33.5809    26.1075 1.4652e-01     0.1285      0.103    1482.88     51.853     4.8976  59.346805     3.4270     51.786  0.000e+00
     51.293     8.3507    33.5784    26.1052 1.4652e-01     0.1298      0.103    1482.89     51.855     4.8976  59.346806     3.4270     51.786  0.000e+00
     51.331     8.3530    33.5764    26.1033 1.4652e-01     0.1285      0.103    1482.89     51.855     4.8974  59.346806     3.4269     51.824  0.000e+00
     51.342     8.3520    33.5776    26.1044 1.4652e-01     0.1298      0.106    1482.89     51.853     4.8973  59.346807     3.4268     51.835  0.000e+00
     51.366     8.3502    33.5788    26.1056 1.4652e-01     0.1285      0.103    1482.89     51.857     4.8978  59.346807     3.4272     51.860  0.000e+00
     51.402     8.3484    33.5807    26.1073 1.4652e-01     0.1298      0.103    1482.88     51.858     4.8981  59.346807     3.4274     51.896  0.000e+00
     51.426     8.3471    33.5817    26.1084 1.4652e-01     0.1298      0.103    1482.88     51.858     4.8982  59.346808     3.4275     51.921  0.000e+00
     51.451     8.3468    33.5827    26.1092 1.4652e-01     0.1285      0.103    1482.88     51.856     4.8980  59.346808     3.4273     51.945  0.000e+00
     51.487     8.3481    33.5815    26.1080 1.4652e-01     0.1298      0.103    1482.88     51.853     4.8976  59.346809     3.4270     51.981  0.000e+00
     51.511     8.3489    33.5806    26.1072 1.4652e-01     0.1285      0.103    1482.88     51.847     4.8970  59.346809     3.4266     52.006  0.000e+00
     51.522     8.3492    33.5795    26.1063 1.4652e-01     0.1285      0.103    1482.88     51.901     4.9021  59.346810     3.4302     52.018  0.000e+00
     51.571     8.3516    33.5760    26.1032 1.4652e-01     0.1285      0.103    1482.89     51.899     4.9017  59.346810     3.4299     52.067  0.000e+00
     51.582     8.3497    33.5772    26.1044 1.4652e-01     0.1285      0.103    1482.88     51.902     4.9022  59.346811     3.4303     52.078  0.000e+00
     51.618     8.3452    33.5816    26.1085 1.4652e-01     0.1285      0.103    1482.87     51.904     4.9027  59.346811     3.4306     52.114  0.000e+00
     51.643     8.3433    33.5830    26.1099 1.4652e-01     0.1285      0.103    1482.87     51.904     4.9029  59.346812     3.4307     52.139  0.000e+00
     51.667     8.3422    33.5840    26.1108 1.4652e-01     0.1298      0.103    1482.87     51.902     4.9028  59.346812     3.4307     52.164  0.000e+00
     51.703     8.3423    33.5840    26.1108 1.4652e-01     0.1298      0.103    1482.87     51.898     4.9024  59.346813     3.4304     52.200  0.000e+00
     51.751     8.3420    33.5838    26.1107 1.4652e-01     0.1285      0.103    1482.87     51.892     4.9019  59.346813     3.4300     52.249  0.000e+00
     51.751     8.3394    33.5849    26.1120 1.4652e-01     0.1285      0.103    1482.86     51.885     4.9014  59.346814     3.4297     52.249  0.000e+00
     51.799     8.3357    33.5871    26.1142 1.4652e-01     0.1285      0.103    1482.85     51.937     4.9067  59.346814     3.4334     52.297  0.000e+00
     51.812     8.3329    33.5892    26.1163 1.4652e-01     0.1298      0.103    1482.84     51.941     4.9073  59.346815     3.4338     52.310  0.000e+00
     51.847     8.3318    33.5903    26.1174 1.4652e-01     0.1298      0.103    1482.84     51.942     4.9075  59.346815     3.4340     52.346  0.000e+00
     51.894     8.3330    33.5890    26.1162 1.4652e-01     0.1285      0.103    1482.84     51.942     4.9074  59.346816     3.4339     52.393  0.000e+00
     51.907     8.3360    33.5862    26.1135 1.4652e-01     0.1285      0.103    1482.85     51.939     4.9069  59.346816     3.4336     52.407  0.000e+00
     51.955     8.3385    33.5845    26.1118 1.4652e-01     0.1285      0.103    1482.86     51.935     4.9063  59.346817     3.4331     52.454  0.000e+00
     51.979     8.3386    33.5847    26.1120 1.4652e-01     0.1298      0.103    1482.86     51.937     4.9064  59.346817     3.4332     52.479  0.000e+00
     51.979     8.3383    33.5856    26.1127 1.4652e-01     0.1298      0.103    1482.86     51.937     4.9064  59.346818     3.4332     52.479  0.000e+00
     52.052     8.3388    33.5856    26.1126 1.4652e-01     0.1298      0.103    1482.86     51.928     4.9056  59.346818     3.4327     52.553  0.000e+00
     52.063     8.3423    33.5817    26.1091 1.4652e-01     0.1298      0.103    1482.87     51.925     4.9050  59.346819     3.4322     52.564  0.000e+00
     52.099     8.3438    33.5800    26.1075 1.4652e-01     0.1285      0.103    1482.87     51.982     4.9103  59.346819     3.4359     52.600  0.000e+00
     52.148     8.3452    33.5784    26.1060 1.4652e-01     0.1285      0.103    1482.88     51.921     4.9044  59.346820     3.4318     52.649  0.000e+00
     52.172     8.3479    33.5756    26.1034 1.4652e-01     0.1285      0.103    1482.89     51.913     4.9035  59.346820     3.4312     52.674  0.000e+00
     52.184     8.3476    33.5753    26.1032 1.4652e-01     0.1298      0.103    1482.88     51.966     4.9085  59.346821     3.4346     52.685  0.000e+00
     52.233     8.3428    33.5792    26.1070 1.4652e-01     0.1298      0.103    1482.87     51.962     4.9085  59.346821     3.4347     52.735  0.000e+00
     52.268     8.3388    33.5815    26.1095 1.4652e-01     0.1298      0.103    1482.86     51.964     4.9091  59.346821     3.4351     52.771  0.000e+00
     52.280     8.3365    33.5808    26.1092 1.3431e-01     0.1285      0.103    1482.85     51.964     4.9094  59.346822     3.4353     52.782  0.000e+00
     52.304     8.3377    33.5781    26.1069 1.4652e-01     0.1285      0.103    1482.85     51.963     4.9092  59.346822     3.4352     52.807  0.000e+00
     52.400     8.3346    33.5788    26.1079 1.4652e-01     0.1298      0.103    1482.84     51.961     4.9093  59.346823     3.4353     52.904  0.000e+00
     52.389     8.3303    33.5803    26.1097 1.4652e-01     0.1285      0.103    1482.83     51.956     4.9093  59.346823     3.4353     52.892  0.000e+00
     52.424     8.3260    33.5798    26.1100 1.4652e-01     0.1285      0.103    1482.81     51.951     4.9093  59.346824     3.4353     52.928  0.000e+00
     52.449     8.3189    33.5823    26.1130 1.4652e-01     0.1273      0.103    1482.79     52.006     4.9152  59.346824     3.4394     52.953  0.000e+00
     52.484     8.3126    33.5851    26.1162 1.4652e-01     0.1298      0.103    1482.77     51.943     4.9098  59.346825     3.4356     52.989  0.000e+00
     52.520     8.3079    33.5870    26.1184 1.4652e-01     0.1298      0.103    1482.76     51.933     4.9093  59.346825     3.4353     53.025  0.000e+00
     52.545     8.3044    33.5887    26.1203 1.4652e-01     0.1298      0.103    1482.74     51.921     4.9086  59.346826     3.4347     53.050  0.000e+00
     52.580     8.3024    33.5889    26.1207 1.4652e-01     0.1285      0.103    1482.74     51.915     4.9082  59.346826     3.4345     53.086  0.000e+00
     52.618     8.3005    33.5896    26.1215 1.4652e-01     0.1298      0.103    1482.73     51.908     4.9077  59.346827     3.4341     53.124  0.000e+00
     52.629     8.2982    33.5895    26.1218 1.4652e-01     0.1298      0.103    1482.72     51.899     4.9072  59.346827     3.4338     53.135  0.000e+00
     52.676     8.2970    33.5906    26.1229 1.4652e-01     0.1298      0.103    1482.72     51.890     4.9064  59.346828     3.4332     53.183  0.000e+00
     52.689     8.2991    33.5887    26.1210 1.4652e-01     0.1298      0.103    1482.73     51.879     4.9052  59.346828     3.4324     53.196  0.000e+00
     52.749     8.2987    33.5875    26.1201 1.4652e-01     0.1285      0.103    1482.73     51.875     4.9049  59.346829     3.4321     53.257  0.000e+00
     52.761     8.2949    33.5904    26.1230 1.4652e-01     0.1285      0.099    1482.71     51.869     4.9047  59.346829     3.4320     53.268  0.000e+00
     52.798     8.2915    33.5931    26.1256 1.4652e-01     0.1298      0.103    1482.71     51.863     4.9044  59.346830     3.4318     53.306  0.000e+00
     52.809     8.2881    33.5956    26.1281 1.4652e-01     0.1285      0.103    1482.70     51.856     4.9040  59.346830     3.4315     53.317  0.000e+00
     52.834     8.2873    33.5980    26.1301 1.4652e-01     0.1298      0.099    1482.70     51.848     4.9033  59.346831     3.4310     53.342  0.000e+00
     52.894     8.2882    33.6001    26.1316 1.4652e-01     0.1285      0.099    1482.70     51.901     4.9081  59.346831     3.4344     53.403  0.000e+00
     52.894     8.2899    33.6004    26.1316 1.4652e-01     0.1285      0.099    1482.71     51.836     4.9017  59.346832     3.4299     53.403  0.000e+00
     52.930     8.2911    33.6016    26.1324 1.4652e-01     0.1298      0.099    1482.72     51.886     4.9063  59.346832     3.4332     53.439  0.000e+00
     52.966     8.2943    33.6006    26.1311 1.4652e-01     0.1285      0.099    1482.73     51.881     4.9055  59.346833     3.4326     53.475  0.000e+00
     52.990     8.2965    33.6003    26.1305 1.4652e-01     0.1285      0.099    1482.74     51.874     4.9047  59.346833     3.4320     53.499  0.000e+00
     53.014     8.2988    33.5996    26.1296 1.4652e-01     0.1298      0.099    1482.74     51.813     4.8986  59.346834     3.4277     53.524  0.000e+00
     53.050     8.3000    33.6001    26.1299 1.4652e-01     0.1298      0.099    1482.75     51.866     4.9035  59.346834     3.4312     53.560  0.000e+00
     53.063     8.3002    33.6020    26.1313 1.4652e-01     0.1285      0.099    1482.75     51.865     4.9033  59.346834     3.4310     53.573  0.000e+00
     53.110     8.2992    33.6047    26.1336 1.4652e-01     0.1298      0.099    1482.75     51.862     4.9031  59.346835     3.4309     53.621  0.000e+00
     53.123     8.2986    33.6060    26.1347 1.4652e-01     0.1285      0.099    1482.75     51.859     4.9028  59.346835     3.4307     53.634  0.000e+00
     53.146     8.2979    33.6076    26.1360 1.4652e-01     0.1285      0.095    1482.75     51.855     4.9024  59.346836     3.4304     53.657  0.000e+00
     53.170     8.2976    33.6088    26.1370 1.4652e-01     0.1298      0.099    1482.75     51.849     4.9019  59.346836     3.4301     53.682  0.000e+00
     53.195     8.2975    33.6107    26.1385 1.4652e-01     0.1298      0.095    1482.76     51.843     4.9013  59.346837     3.4296     53.706  0.000e+00
     53.219     8.2976    33.6124    26.1399 1.4652e-01     0.1285      0.095    1482.76     51.898     4.9064  59.346837     3.4332     53.731  0.000e+00
     53.253     8.2978    33.6148    26.1417 1.4652e-01     0.1298      0.095    1482.76     51.843     4.9011  59.346838     3.4295     53.765  0.000e+00
     53.266     8.2989    33.6164    26.1428 1.4652e-01     0.1298      0.095    1482.77     51.903     4.9066  59.346838     3.4333     53.778  0.000e+00
     53.291     8.3005    33.6164    26.1425 1.4652e-01     0.1298      0.095    1482.78     51.846     4.9010  59.346839     3.4295     53.803  0.000e+00
     53.315     8.3018    33.6173    26.1431 1.4652e-01     0.1298      0.095    1482.78     51.905     4.9064  59.346839     3.4332     53.828  0.000e+00
     53.326     8.3028    33.6196    26.1448 1.4652e-01     0.1298      0.099    1482.79     51.908     4.9066  59.346840     3.4333     53.839  0.000e+00
     53.364     8.3035    33.6211    26.1458 1.4652e-01     0.1285      0.095    1482.79     51.911     4.9067  59.346840     3.4334     53.877  0.000e+00
     53.386     8.3056    33.6202    26.1448 1.4652e-01     0.1285      0.095    1482.80     51.912     4.9066  59.346841     3.4334     53.900  0.000e+00
     53.411     8.3071    33.6187    26.1434 1.4652e-01     0.1285      0.095    1482.81     51.913     4.9066  59.346841     3.4333     53.925  0.000e+00
     53.424     8.3105    33.6133    26.1386 1.4652e-01     0.1298      0.095    1482.81     51.913     4.9063  59.346842     3.4332     53.938  0.000e+00
     53.460     8.3141    33.6087    26.1345 1.4652e-01     0.1285      0.095    1482.82     51.911     4.9060  59.346842     3.4329     53.974  0.000e+00
     53.460     8.3173    33.6053    26.1313 1.4652e-01     0.1298      0.095    1482.83     51.978     4.9120  59.346843     3.4372     53.974  0.000e+00
     53.495     8.3207    33.6012    26.1276 1.4652e-01     0.1285      0.095    1482.84     51.983     4.9122  59.346843     3.4373     54.010  0.000e+00
     53.507     8.3249    33.5968    26.1235 1.4652e-01     0.1298      0.095    1482.85     51.985     4.9121  59.346844     3.4372     54.021  0.000e+00
     53.544     8.3255    33.5978    26.1242 1.4652e-01     0.1298      0.095    1482.85     51.995     4.9129  59.346844     3.4378     54.059  0.000e+00
     53.531     8.3244    33.6014    26.1272 1.4652e-01     0.1285      0.095    1482.85     52.003     4.9137  59.346845     3.4383     54.046  0.000e+00
     53.580     8.3237    33.6032    26.1287 1.4652e-01     0.1285      0.095    1482.85     52.072     4.9203  59.346845     3.4429     54.095  0.000e+00
     53.580     8.3223    33.6059    26.1310 1.4652e-01     0.1298      0.095    1482.85     52.024     4.9158  59.346846     3.4398     54.095  0.000e+00
     53.604     8.3202    33.6076    26.1327 1.4652e-01     0.1285      0.095    1482.85     52.092     4.9223  59.346846     3.4444     54.120  0.000e+00
     53.629     8.3184    33.6096    26.1345 1.4652e-01     0.1298      0.095    1482.84     52.103     4.9236  59.346847     3.4452     54.144  0.000e+00
     53.640     8.3176    33.6133    26.1375 1.4652e-01     0.1298      0.095    1482.84     52.113     4.9245  59.346847     3.4459     54.156  0.000e+00
     53.664     8.3173    33.6190    26.1421 1.4652e-01     0.1285      0.095    1482.85     52.122     4.9252  59.346848     3.4464     54.181  0.000e+00
     53.674     8.3170    33.6241    26.1462 1.4652e-01     0.1298      0.095    1482.85     52.199     4.9324  59.346848     3.4514     54.190  0.000e+00
     53.700     8.3167    33.6273    26.1487 1.4652e-01     0.1285      0.095    1482.86     52.213     4.9336  59.346848     3.4522     54.217  0.000e+00
     53.700     8.3167    33.6296    26.1505 1.4652e-01     0.1298      0.095    1482.86     52.225     4.9347  59.346849     3.4530     54.217  0.000e+00
     53.736     8.3170    33.6304    26.1511 1.4652e-01     0.1285      0.095    1482.86     52.236     4.9357  59.346849     3.4537     54.253  0.000e+00
     53.749     8.3176    33.6289    26.1498 1.4652e-01     0.1298      0.095    1482.86     52.246     4.9365  59.346850     3.4543     54.266  0.000e+00
     53.772     8.3183    33.6280    26.1490 1.4652e-01     0.1298      0.095    1482.87     52.315     4.9430  59.346850     3.4588     54.289  0.000e+00
     53.796     8.3186    33.6272    26.1483 1.4652e-01     0.1298      0.095    1482.87     52.328     4.9443  59.346851     3.4597     54.314  0.000e+00
     53.809     8.3191    33.6250    26.1465 1.4652e-01     0.1298      0.095    1482.87     52.401     4.9512  59.346851     3.4645     54.327  0.000e+00
     53.819     8.3196    33.6245    26.1460 1.4652e-01     0.1298      0.095    1482.87     52.356     4.9469  59.346852     3.4615     54.336  0.000e+00
     53.832     8.3200    33.6244    26.1459 1.4652e-01     0.1298      0.092    1482.87     52.364     4.9475  59.346852     3.4620     54.350  0.000e+00
     53.856     8.3218    33.6219    26.1436 1.4652e-01     0.1285      0.095    1482.87     52.431     4.9538  59.346853     3.4664     54.374  0.000e+00
