RAWDATA/20190228/Cj1_20190228_down_bin.cnv
* Sea-Bird SBE 9 Data File:
* FileName = C:\CTD Brukere\NIVA\IO2019\20190228\Cj1_20190228.hex
* Software Version Seasave V 7.23.2
* Temperature SN = 5352
* Conductivity SN = 3840
* Number of Bytes Per Scan = 28
* Number of Voltage Words = 4
* Number of Scans Averaged by the Deck Unit = 1
* NMEA baud rate = 4800
** Ship: R/V Trygve Braarud
** Cruise:
** Station:
** Operator:
# nquan = 14
# nvalues = 55                          
# units = specified
# name 0 = depSM: Depth [salt water, m], lat = 59.60
# name 1 = t090C: Temperature [ITS-90, deg C]
# name 2 = sal00: Salinity, Practical [PSU]
# name 3 = sigma-t00: Density [sigma-t, kg/m^3 ]
# name 4 = flSP: Fluorescence, Seapoint
# name 5 = wetStar: Fluorescence, WET Labs WETstar [mg/m^3]
# name 6 = seaTurbMtr: Turbidity, Seapoint [FTU]
# name 7 = svCM: Sound Velocity [Chen-Millero, m/s]
# name 8 = sbeox0PS: Oxygen, SBE 43 [% saturation]
# name 9 = sbeox0Mg/L: Oxygen, SBE 43 [mg/l]
# name 10 = timeJ: Julian Days
# name 11 = sbeox0ML/L: Oxygen, SBE 43 [ml/l]
# name 12 = prDM: Pressure, Digiquartz [db]
# name 13 = flag: flag
# span 0 =      0.000,     54.000       
# span 1 =     2.7334,     8.2873       
# span 2 =    26.2307,    33.7213       
# span 3 =    20.9099,    26.2269       
# span 4 = 1.4852e-01, 4.9036e-01       
# span 5 =     0.1280,     0.1304       
# span 6 =      0.014,      0.017       
# span 7 =    1449.87,    1482.87       
# span 8 =     51.327,     77.109       
# span 9 =     4.9158,     8.6794       
# span 10 =  59.588686,  59.590931      
# span 11 =     3.4398,     6.0733      
# span 12 =     -0.000,     54.520      
# span 13 = 0.0000e+00, 0.0000e+00      
# interval = meters: 1                  
# start_time = Feb 28 2019 14:07:34 [System UpLoad Time]
# bad_flag = -9.990e-29
*END*
      0.000     2.7334    26.2307    20.9099 4.8094e-01     0.1280      0.015    1449.87     75.781     8.5924  59.588686     6.0124     -0.000 0.0000e+00
      1.000     2.7874    26.5296    21.1447 4.9036e-01     0.1283      0.015    1450.51     76.809     8.6794  59.588801     6.0733      1.009 0.0000e+00
      2.000     2.7816    26.4914    21.1146 4.5619e-01     0.1283      0.015    1450.45     76.671     8.6674  59.588823     6.0649      2.019 0.0000e+00
      3.000     2.8241    26.7056    21.2825 3.8291e-01     0.1283      0.015    1450.93     76.708     8.6497  59.588843     6.0525      3.029 0.0000e+00
      4.000     2.9663    27.4561    21.8709 3.9890e-01     0.1283      0.015    1452.54     76.816     8.5868  59.588863     6.0085      4.038 0.0000e+00
      5.000     2.9892    27.9150    22.2349 4.0684e-01     0.1284      0.015    1453.25     77.003     8.5759  59.588883     6.0009      5.047 0.0000e+00
      6.000     2.9871    28.0607    22.3512 4.3520e-01     0.1282      0.015    1453.45     77.109     8.5796  59.588903     6.0035      6.057 0.0000e+00
      7.000     3.0024    28.2987    22.5397 4.1924e-01     0.1282      0.015    1453.84     76.735     8.5210  59.588925     5.9625      7.066 0.0000e+00
      8.000     3.0534    28.5296    22.7199 4.7643e-01     0.1282      0.015    1454.38     76.197     8.4371  59.588946     5.9038      8.076 0.0000e+00
      9.000     3.0939    28.6615    22.8220 4.2679e-01     0.1280      0.014    1454.74     75.754     8.3720  59.588967     5.8582      9.086 0.0000e+00
     10.000     3.1265    28.8332    22.9562 4.1812e-01     0.1285      0.015    1455.12     75.352     8.3111  59.588988     5.8156     10.095 0.0000e+00
     11.000     3.1732    29.0801    23.1493 3.9574e-01     0.1288      0.015    1455.66     74.841     8.2313  59.589010     5.7598     11.105 0.0000e+00
     12.000     3.2214    29.2313    23.2659 3.8484e-01     0.1288      0.015    1456.08     74.398     8.1644  59.589030     5.7129     12.114 0.0000e+00
     13.000     3.2917    29.4804    23.4587 4.1486e-01     0.1288      0.015    1456.72     73.744     8.0648  59.589052     5.6433     13.124 0.0000e+00
     14.000     3.3241    29.6170    23.5648 3.6955e-01     0.1288      0.015    1457.05     73.171     7.9883  59.589073     5.5897     14.133 0.0000e+00
     15.000     3.4210    29.9542    23.8253 3.4294e-01     0.1288      0.016    1457.92     72.738     7.9038  59.589094     5.5306     15.143 0.0000e+00
     16.000     3.5973    30.3793    24.1485 3.0199e-01     0.1290      0.016    1459.24     72.309     7.8005  59.589115     5.4583     16.152 0.0000e+00
     17.000     3.7822    30.6601    24.3553 2.9858e-01     0.1290      0.016    1460.40     71.974     7.7146  59.589136     5.3982     17.162 0.0000e+00
     18.000     4.1725    31.1149    24.6803 2.8111e-01     0.1289      0.017    1462.64     71.242     7.5406  59.589158     5.2765     18.172 0.0000e+00
     19.000     4.3846    31.2748    24.7866 2.6027e-01     0.1293      0.017    1463.75     70.412     7.4063  59.589180     5.1825     19.181 0.0000e+00
     20.000     4.9228    31.7343    25.0950 2.4945e-01     0.1292      0.016    1466.58     69.281     7.1716  59.589200     5.0183     20.191 0.0000e+00
     21.000     5.2241    31.9215    25.2106 2.3225e-01     0.1292      0.017    1468.07     67.347     6.9123  59.589222     4.8369     21.200 0.0000e+00
     22.000     5.4148    32.0644    25.3021 2.2319e-01     0.1293      0.017    1469.04     65.858     6.7229  59.589243     4.7043     22.210 0.0000e+00
     23.000     5.7897    32.2832    25.4315 2.2011e-01     0.1295      0.017    1470.85     62.722     6.3369  59.589264     4.4342     23.220 0.0000e+00
     24.000     6.0976    32.4445    25.5218 2.2301e-01     0.1294      0.017    1472.30     61.210     6.1328  59.589286     4.2914     24.229 0.0000e+00
     25.000     6.1011    32.4778    25.5476 2.2406e-01     0.1295      0.017    1472.38     59.327     5.9424  59.589308     4.1582     25.239 0.0000e+00
     26.000     6.2490    32.5633    25.5967 2.1434e-01     0.1295      0.017    1473.09     56.682     5.6547  59.589330     3.9568     26.248 0.0000e+00
     27.000     6.3145    32.6016    25.6188 2.0774e-01     0.1295      0.017    1473.41     55.329     5.5099  59.589352     3.8555     27.258 0.0000e+00
     28.000     6.4151    32.6513    25.6453 2.0354e-01     0.1294      0.017    1473.89     54.866     5.4491  59.589374     3.8130     28.268 0.0000e+00
     29.000     6.5148    32.6985    25.6697 2.0241e-01     0.1295      0.017    1474.36     54.584     5.4069  59.589395     3.7834     29.277 0.0000e+00
     30.000     6.5412    32.7121    25.6771 1.9621e-01     0.1297      0.017    1474.50     54.590     5.4037  59.589417     3.7812     30.287 0.0000e+00
     31.000     6.6668    32.7684    25.7051 1.9036e-01     0.1297      0.017    1475.08     54.324     5.3597  59.589438     3.7504     31.296 0.0000e+00
     32.000     6.7603    32.8134    25.7284 1.8610e-01     0.1295      0.017    1475.52     54.223     5.3367  59.589460     3.7343     32.306 0.0000e+00
     33.000     6.8186    32.8416    25.7429 1.8575e-01     0.1297      0.017    1475.80     54.141     5.3204  59.589482     3.7229     33.316 0.0000e+00
     34.000     6.9486    32.8975    25.7697 1.7569e-01     0.1297      0.017    1476.39     53.856     5.2746  59.589505     3.6909     34.325 0.0000e+00
     35.000     7.0555    32.9503    25.7968 1.7124e-01     0.1297      0.017    1476.89     53.553     5.2303  59.589526     3.6598     35.335 0.0000e+00
     36.000     7.3331    33.0571    25.8430 1.7094e-01     0.1297      0.017    1478.11     53.299     5.1688  59.589548     3.6169     36.345 0.0000e+00
     37.000     7.3957    33.0967    25.8654 1.6877e-01     0.1298      0.017    1478.42     53.082     5.1390  59.589571     3.5960     37.354 0.0000e+00
     38.000     7.5429    33.1445    25.8824 1.6417e-01     0.1297      0.017    1479.06     52.286     5.0434  59.589592     3.5291     38.364 0.0000e+00
     39.000     7.6410    33.1920    25.9058 1.6306e-01     0.1299      0.017    1479.51     51.823     4.9861  59.589613     3.4890     39.374 0.0000e+00
     40.000     7.6784    33.2080    25.9131 1.5871e-01     0.1298      0.017    1479.69     51.576     4.9576  59.589634     3.4691     40.383 0.0000e+00
     41.000     7.8031    33.2616    25.9373 1.6060e-01     0.1298      0.017    1480.25     51.343     4.9196  59.589656     3.4424     41.393 0.0000e+00
     42.000     7.8190    33.2766    25.9468 1.5900e-01     0.1298      0.017    1480.35     51.327     4.9158  59.589678     3.4398     42.403 0.0000e+00
     43.000     7.8724    33.2970    25.9551 1.5845e-01     0.1298      0.017    1480.59     51.457     4.9216  59.589699     3.4438     43.412 0.0000e+00
     44.000     7.9096    33.3225    25.9697 1.5846e-01     0.1298      0.017    1480.78     51.486     4.9194  59.589720     3.4423     44.422 0.0000e+00
     45.000     7.9478    33.3456    25.9823 1.5873e-01     0.1299      0.017    1480.97     51.550     4.9206  59.589741     3.4431     45.432 0.0000e+00
     46.000     7.9808    33.3746    26.0002 1.5901e-01     0.1298      0.017    1481.15     51.611     4.9218  59.589761     3.4440     46.441 0.0000e+00
     47.000     8.0422    33.4288    26.0338 1.5146e-01     0.1298      0.017    1481.47     51.712     4.9229  59.589783     3.4447     47.451 0.0000e+00
     48.000     8.0730    33.4647    26.0574 1.5119e-01     0.1299      0.017    1481.64     51.933     4.9393  59.589807     3.4563     48.461 0.0000e+00
     49.000     8.1233    33.5171    26.0911 1.5265e-01     0.1299      0.017    1481.92     52.376     4.9741  59.589831     3.4806     49.471 0.0000e+00
     50.000     8.2305    33.6420    26.1731 1.5344e-01     0.1301      0.017    1482.49     54.492     5.1585  59.590374     3.6096     50.480 0.0000e+00
     51.000     8.2362    33.6553    26.1827 1.4952e-01     0.1304      0.017    1482.54     54.296     5.1387  59.590800     3.5958     51.490 0.0000e+00
     52.000     8.2552    33.6884    26.2058 1.4852e-01     0.1303      0.016    1482.67     54.308     5.1365  59.590823     3.5942     52.500 0.0000e+00
     53.000     8.2720    33.7055    26.2167 1.5191e-01     0.1304      0.017    1482.77     54.329     5.1361  59.590844     3.5939     53.510 0.0000e+00
     54.000     8.2873    33.7213    26.2269 1.5449e-01     0.1303      0.017    1482.87     54.326     5.1335  59.590931     3.5921     54.520 0.0000e+00
