RAWDATA/20190228/Cp2_20190228_down.cnv
* Sea-Bird SBE 9 Data File:
* FileName = C:\CTD Brukere\NIVA\IO2019\20190228\Cp2_20190228.hex
* Software Version Seasave V 7.23.2
* Temperature SN = 5352
* Conductivity SN = 3840
* Number of Bytes Per Scan = 28
* Number of Voltage Words = 4
* Number of Scans Averaged by the Deck Unit = 1
* NMEA baud rate = 4800
** Ship: R/V Trygve Braarud
** Cruise:
** Station:
** Operator:
# nquan = 14
# nvalues = 4472                                  
# units = specified
# name 0 = depSM: Depth [salt water, m], lat = 59.60
# name 1 = t090C: Temperature [ITS-90, deg C]
# name 2 = sal00: Salinity, Practical [PSU]
# name 3 = sigma-t00: Density [sigma-t, kg/m^3 ]
# name 4 = flSP: Fluorescence, Seapoint
# name 5 = wetStar: Fluorescence, WET Labs WETstar [mg/m^3]
# name 6 = seaTurbMtr: Turbidity, Seapoint [FTU]
# name 7 = svCM: Sound Velocity [Chen-Millero, m/s]
# name 8 = sbeox0PS: Oxygen, SBE 43 [% saturation]
# name 9 = sbeox0Mg/L: Oxygen, SBE 43 [mg/l]
# name 10 = timeJ: Julian Days
# name 11 = sbeox0ML/L: Oxygen, SBE 43 [ml/l]
# name 12 = prDM: Pressure, Digiquartz [db]
# name 13 = flag:  0.000e+00
# span 0 =     -0.159,     80.178                 
# span 1 =     1.6511,     8.5702                 
# span 2 =    25.7162,    33.5867                 
# span 3 =    20.5468,    26.1019                 
# span 4 = 1.3431e-01, 7.5702e-01                 
# span 5 =     0.1249,     0.1310                 
# span 6 =      0.007,      0.018                 
# span 7 =    1444.75,    1483.63                 
# span 8 =     39.354,     76.447                 
# span 9 =     3.7547,     8.8809                 
# span 10 =  59.550752,  59.552908                
# span 11 =     2.6273,     6.2143                
# span 12 =     -0.161,     80.955                
# span 13 = 0.0000e+00, 0.0000e+00                
# interval = seconds: 0.0416667
# start_time = Feb 28 2019 13:13:05 [System UpLoad Time]
# bad_flag = -9.990e-29
*END*
[from data line 4233]
     75.577     8.4316    33.5747    26.0900 1.4652e-01     0.1298      0.015    1483.59     52.055     4.9077  59.552794     3.4341     76.308  0.000e+00
     75.595     8.4306    33.5754    26.0907 1.4652e-01     0.1298      0.015    1483.58     52.114     4.9134  59.552794     3.4381     76.326  0.000e+00
     75.617     8.4303    33.5756    26.0910 1.4652e-01     0.1298      0.018    1483.58     52.120     4.9139  59.552795     3.4385     76.349  0.000e+00
     75.630     8.4301    33.5760    26.0913 1.4652e-01     0.1298      0.018    1483.58     52.063     4.9086  59.552795     3.4347     76.362  0.000e+00
     75.674     8.4305    33.5758    26.0911 1.4652e-01     0.1298      0.018    1483.59     52.062     4.9085  59.552796     3.4347     76.406  0.000e+00
     75.679     8.4306    33.5757    26.0910 1.4652e-01     0.1298      0.018    1483.59     52.062     4.9084  59.552796     3.4346     76.411  0.000e+00
     75.702     8.4306    33.5751    26.0905 1.4652e-01     0.1310      0.015    1483.59     52.062     4.9084  59.552797     3.4346     76.434  0.000e+00
     75.722     8.4308    33.5753    26.0907 1.4652e-01     0.1298      0.018    1483.59     52.063     4.9085  59.552797     3.4347     76.454  0.000e+00
     75.740     8.4308    33.5749    26.0904 1.4652e-01     0.1310      0.015    1483.59     52.064     4.9086  59.552798     3.4348     76.472  0.000e+00
     75.762     8.4311    33.5750    26.0903 1.4652e-01     0.1310      0.018    1483.59     52.128     4.9146  59.552798     3.4389     76.495  0.000e+00
     75.782     8.4317    33.5745    26.0899 1.4652e-01     0.1310      0.015    1483.59     52.075     4.9096  59.552799     3.4354     76.515  0.000e+00
     75.800     8.4322    33.5745    26.0898 1.4652e-01     0.1310      0.018    1483.59     52.140     4.9156  59.552799     3.4397     76.533  0.000e+00
     75.836     8.4326    33.5741    26.0894 1.4652e-01     0.1310      0.018    1483.59     52.088     4.9107  59.552799     3.4362     76.569  0.000e+00
     75.855     8.4330    33.5733    26.0888 1.4652e-01     0.1310      0.018    1483.60     52.085     4.9104  59.552800     3.4360     76.589  0.000e+00
     75.872     8.4335    33.5728    26.0883 1.4652e-01     0.1310      0.018    1483.60     52.089     4.9107  59.552800     3.4362     76.605  0.000e+00
     75.885     8.4332    33.5736    26.0889 1.4652e-01     0.1298      0.018    1483.60     52.086     4.9104  59.552801     3.4360     76.619  0.000e+00
     75.915     8.4327    33.5737    26.0891 1.4652e-01     0.1310      0.015    1483.60     52.091     4.9110  59.552801     3.4364     76.650  0.000e+00
     75.932     8.4320    33.5742    26.0896 1.4652e-01     0.1298      0.018    1483.59     52.089     4.9108  59.552802     3.4363     76.666  0.000e+00
     75.945     8.4320    33.5739    26.0893 1.4652e-01     0.1310      0.018    1483.59     52.094     4.9114  59.552802     3.4367     76.679  0.000e+00
     75.976     8.4308    33.5755    26.0908 1.4652e-01     0.1298      0.018    1483.59     52.094     4.9114  59.552803     3.4367     76.711  0.000e+00
     75.992     8.4299    33.5763    26.0915 1.4652e-01     0.1298      0.015    1483.59     52.100     4.9121  59.552803     3.4372     76.727  0.000e+00
     76.005     8.4293    33.5764    26.0918 1.4652e-01     0.1298      0.018    1483.59     52.107     4.9128  59.552804     3.4377     76.740  0.000e+00
     76.036     8.4293    33.5766    26.0919 1.4652e-01     0.1298      0.018    1483.59     52.108     4.9129  59.552804     3.4377     76.772  0.000e+00
     76.052     8.4293    33.5767    26.0920 1.4652e-01     0.1298      0.018    1483.59     52.171     4.9188  59.552805     3.4419     76.788  0.000e+00
     76.072     8.4290    33.5770    26.0923 1.4652e-01     0.1310      0.015    1483.59     52.117     4.9137  59.552805     3.4383     76.808  0.000e+00
     76.101     8.4290    33.5767    26.0920 1.4652e-01     0.1298      0.018    1483.59     52.125     4.9145  59.552806     3.4389     76.837  0.000e+00
     76.101     8.4285    33.5773    26.0926 1.4652e-01     0.1298      0.018    1483.59     52.127     4.9147  59.552806     3.4390     76.837  0.000e+00
     76.145     8.4288    33.5769    26.0922 1.4652e-01     0.1310      0.018    1483.59     52.129     4.9149  59.552807     3.4391     76.882  0.000e+00
     76.150     8.4287    33.5769    26.0922 1.4652e-01     0.1298      0.015    1483.59     52.131     4.9151  59.552807     3.4393     76.887  0.000e+00
     76.186     8.4289    33.5767    26.0920 1.4652e-01     0.1298      0.018    1483.59     52.133     4.9153  59.552808     3.4395     76.923  0.000e+00
     76.192     8.4285    33.5768    26.0921 1.4652e-01     0.1310      0.018    1483.59     52.136     4.9156  59.552808     3.4397     76.929  0.000e+00
     76.210     8.4287    33.5768    26.0921 1.4652e-01     0.1298      0.018    1483.59     52.139     4.9159  59.552809     3.4399     76.948  0.000e+00
     76.246     8.4287    33.5771    26.0924 1.4652e-01     0.1310      0.018    1483.59     52.143     4.9162  59.552809     3.4401     76.984  0.000e+00
     76.253     8.4287    33.5773    26.0925 1.4652e-01     0.1298      0.018    1483.59     52.146     4.9166  59.552810     3.4403     76.990  0.000e+00
     76.271     8.4286    33.5767    26.0921 1.4652e-01     0.1310      0.015    1483.59     52.150     4.9170  59.552810     3.4406     77.008  0.000e+00
     76.313     8.4285    33.5772    26.0925 1.4652e-01     0.1298      0.018    1483.59     52.155     4.9174  59.552811     3.4409     77.051  0.000e+00
     76.319     8.4284    33.5767    26.0921 1.4652e-01     0.1298      0.018    1483.59     52.159     4.9178  59.552811     3.4412     77.058  0.000e+00
     76.355     8.4282    33.5770    26.0924 1.5873e-01     0.1298      0.018    1483.59     52.157     4.9176  59.552812     3.4410     77.094  0.000e+00
     76.362     8.4285    33.5770    26.0923 1.4652e-01     0.1298      0.015    1483.59     52.154     4.9173  59.552812     3.4409     77.100  0.000e+00
     76.391     8.4280    33.5774    26.0927 1.4652e-01     0.1310      0.018    1483.59     52.159     4.9178  59.552813     3.4412     77.130  0.000e+00
     76.411     8.4282    33.5772    26.0925 1.4652e-01     0.1298      0.018    1483.59     52.164     4.9183  59.552813     3.4415     77.150  0.000e+00
     76.427     8.4283    33.5774    26.0926 1.4652e-01     0.1298      0.018    1483.59     52.163     4.9181  59.552813     3.4414     77.166  0.000e+00
     76.440     8.4282    33.5775    26.0928 1.4652e-01     0.1310      0.018    1483.59     52.161     4.9179  59.552814     3.4413     77.179  0.000e+00
     76.482     8.4272    33.5785    26.0937 1.4652e-01     0.1310      0.018    1483.59     52.159     4.9178  59.552814     3.4412     77.222  0.000e+00
     76.489     8.4268    33.5789    26.0941 1.4652e-01     0.1298      0.018    1483.59     52.095     4.9118  59.552815     3.4370     77.229  0.000e+00
     76.507     8.4266    33.5788    26.0940 1.4652e-01     0.1310      0.015    1483.59     52.148     4.9169  59.552815     3.4405     77.247  0.000e+00
     76.536     8.4268    33.5788    26.0940 1.4652e-01     0.1310      0.015    1483.59     52.146     4.9167  59.552816     3.4404     77.276  0.000e+00
     76.549     8.4274    33.5780    26.0933 1.4652e-01     0.1298      0.018    1483.59     52.152     4.9172  59.552816     3.4408     77.290  0.000e+00
     76.578     8.4280    33.5776    26.0929 1.4652e-01     0.1310      0.018    1483.59     52.158     4.9177  59.552817     3.4411     77.319  0.000e+00
     76.596     8.4284    33.5776    26.0928 1.4652e-01     0.1298      0.018    1483.60     52.095     4.9118  59.552817     3.4370     77.337  0.000e+00
     76.627     8.4287    33.5771    26.0924 1.4652e-01     0.1298      0.018    1483.60     52.157     4.9175  59.552818     3.4410     77.369  0.000e+00
     76.634     8.4287    33.5771    26.0924 1.4652e-01     0.1310      0.015    1483.60     52.164     4.9182  59.552818     3.4414     77.375  0.000e+00
     76.670     8.4292    33.5768    26.0921 1.4652e-01     0.1298      0.018    1483.60     52.164     4.9181  59.552819     3.4414     77.411  0.000e+00
     76.687     8.4285    33.5773    26.0925 1.4652e-01     0.1310      0.015    1483.60     52.163     4.9182  59.552819     3.4414     77.429  0.000e+00
     76.705     8.4280    33.5779    26.0931 1.4652e-01     0.1298      0.015    1483.60     52.163     4.9182  59.552820     3.4415     77.448  0.000e+00
     76.736     8.4279    33.5781    26.0933 1.4652e-01     0.1298      0.018    1483.60     52.163     4.9182  59.552820     3.4415     77.479  0.000e+00
     76.754     8.4274    33.5783    26.0935 1.4652e-01     0.1310      0.018    1483.59     52.163     4.9182  59.552821     3.4415     77.497  0.000e+00
     76.772     8.4272    33.5786    26.0938 1.4652e-01     0.1298      0.018    1483.60     52.163     4.9182  59.552821     3.4415     77.515  0.000e+00
     76.801     8.4271    33.5786    26.0938 1.4652e-01     0.1310      0.018    1483.59     52.170     4.9189  59.552822     3.4420     77.545  0.000e+00
     76.826     8.4272    33.5788    26.0939 1.4652e-01     0.1298      0.015    1483.60     52.170     4.9189  59.552822     3.4420     77.569  0.000e+00
     76.844     8.4276    33.5784    26.0936 1.4652e-01     0.1298      0.018    1483.60     52.178     4.9196  59.552823     3.4424     77.587  0.000e+00
     76.886     8.4273    33.5786    26.0937 1.4652e-01     0.1310      0.018    1483.60     52.178     4.9197  59.552823     3.4425     77.630  0.000e+00
     76.868     8.4271    33.5785    26.0938 1.4652e-01     0.1310      0.015    1483.60     52.179     4.9197  59.552824     3.4425     77.612  0.000e+00
     76.924     8.4268    33.5789    26.0941 1.4652e-01     0.1298      0.018    1483.60     52.179     4.9198  59.552824     3.4426     77.668  0.000e+00
     76.942     8.4259    33.5793    26.0945 1.4652e-01     0.1310      0.018    1483.59     52.180     4.9199  59.552825     3.4427     77.686  0.000e+00
     76.959     8.4255    33.5796    26.0948 1.4652e-01     0.1310      0.015    1483.59     52.118     4.9142  59.552825     3.4387     77.704  0.000e+00
     76.971     8.4245    33.5808    26.0959 1.4652e-01     0.1298      0.018    1483.59     52.174     4.9195  59.552826     3.4424     77.716  0.000e+00
     77.013     8.4245    33.5803    26.0955 1.4652e-01     0.1310      0.018    1483.59     52.175     4.9196  59.552826     3.4424     77.758  0.000e+00
     77.031     8.4247    33.5802    26.0954 1.4652e-01     0.1310      0.018    1483.59     52.175     4.9196  59.552826     3.4425     77.777  0.000e+00
     77.049     8.4250    33.5800    26.0952 1.4652e-01     0.1310      0.015    1483.59     52.176     4.9197  59.552827     3.4425     77.795  0.000e+00
     77.080     8.4255    33.5800    26.0952 1.4652e-01     0.1298      0.018    1483.60     52.177     4.9197  59.552827     3.4425     77.826  0.000e+00
     77.098     8.4253    33.5798    26.0950 1.4652e-01     0.1298      0.015    1483.59     52.178     4.9198  59.552828     3.4426     77.844  0.000e+00
     77.116     8.4255    33.5798    26.0949 1.4652e-01     0.1310      0.018    1483.60     52.186     4.9205  59.552828     3.4431     77.862  0.000e+00
     77.147     8.4253    33.5801    26.0952 1.4652e-01     0.1310      0.015    1483.60     52.187     4.9206  59.552829     3.4432     77.893  0.000e+00
     77.176     8.4252    33.5801    26.0953 1.4652e-01     0.1310      0.015    1483.60     52.250     4.9266  59.552829     3.4473     77.923  0.000e+00
     77.194     8.4248    33.5801    26.0953 1.4652e-01     0.1310      0.015    1483.60     52.196     4.9215  59.552830     3.4438     77.941  0.000e+00
     77.214     8.4245    33.5804    26.0956 1.4652e-01     0.1310      0.018    1483.59     52.258     4.9275  59.552830     3.4480     77.961  0.000e+00
     77.243     8.4242    33.5809    26.0961 1.4652e-01     0.1298      0.018    1483.59     52.204     4.9224  59.552831     3.4444     77.990  0.000e+00
     77.261     8.4241    33.5809    26.0960 1.4652e-01     0.1310      0.015    1483.59     52.205     4.9224  59.552831     3.4444     78.008  0.000e+00
     77.292     8.4243    33.5808    26.0959 1.4652e-01     0.1310      0.015    1483.60     52.267     4.9283  59.552832     3.4485     78.040  0.000e+00
     77.321     8.4245    33.5801    26.0954 1.4652e-01     0.1310      0.018    1483.60     52.213     4.9232  59.552832     3.4449     78.069  0.000e+00
     77.298     8.4249    33.5798    26.0951 1.4652e-01     0.1298      0.015    1483.60     52.274     4.9289  59.552833     3.4490     78.046  0.000e+00
     77.399     8.4251    33.5797    26.0949 1.4652e-01     0.1310      0.018    1483.60     52.220     4.9238  59.552833     3.4454     78.148  0.000e+00
     77.381     8.4250    33.5798    26.0951 1.4652e-01     0.1298      0.015    1483.60     52.219     4.9238  59.552834     3.4454     78.130  0.000e+00
     77.412     8.4246    33.5804    26.0956 1.4652e-01     0.1298      0.018    1483.60     52.281     4.9296  59.552834     3.4494     78.161  0.000e+00
     77.430     8.4248    33.5800    26.0952 1.4652e-01     0.1298      0.018    1483.60     52.226     4.9244  59.552835     3.4458     78.180  0.000e+00
     77.448     8.4245    33.5805    26.0957 1.4652e-01     0.1298      0.018    1483.60     52.226     4.9244  59.552835     3.4458     78.198  0.000e+00
     77.479     8.4245    33.5803    26.0955 1.4652e-01     0.1310      0.015    1483.60     52.225     4.9243  59.552836     3.4458     78.229  0.000e+00
     77.497     8.4246    33.5806    26.0958 1.4652e-01     0.1298      0.018    1483.60     52.225     4.9243  59.552836     3.4457     78.247  0.000e+00
     77.526     8.4250    33.5802    26.0954 1.4652e-01     0.1298      0.015    1483.60     52.224     4.9242  59.552837     3.4457     78.277  0.000e+00
     77.557     8.4256    33.5795    26.0947 1.4652e-01     0.1298      0.015    1483.60     52.224     4.9241  59.552837     3.4456     78.308  0.000e+00
     77.575     8.4255    33.5799    26.0950 1.4652e-01     0.1310      0.015    1483.60     52.223     4.9241  59.552838     3.4456     78.326  0.000e+00
     77.605     8.4258    33.5791    26.0944 1.4652e-01     0.1298      0.018    1483.60     52.223     4.9240  59.552838     3.4455     78.356  0.000e+00
     77.600     8.4258    33.5792    26.0944 1.4652e-01     0.1310      0.015    1483.60     52.277     4.9291  59.552839     3.4491     78.351  0.000e+00
     77.678     8.4256    33.5797    26.0949 1.4652e-01     0.1310      0.018    1483.61     52.221     4.9239  59.552839     3.4454     78.430  0.000e+00
     77.678     8.4256    33.5800    26.0951 1.4652e-01     0.1310      0.018    1483.61     52.282     4.9296  59.552840     3.4494     78.430  0.000e+00
     77.696     8.4253    33.5799    26.0951 1.4652e-01     0.1298      0.018    1483.60     52.226     4.9243  59.552840     3.4458     78.448  0.000e+00
     77.714     8.4250    33.5803    26.0954 1.4652e-01     0.1298      0.015    1483.60     52.225     4.9242  59.552840     3.4457     78.466  0.000e+00
     77.756     8.4242    33.5806    26.0958 1.4652e-01     0.1298      0.018    1483.60     52.216     4.9235  59.552841     3.4452     78.509  0.000e+00
     77.787     8.4239    33.5807    26.0960 1.4652e-01     0.1310      0.018    1483.60     52.215     4.9234  59.552841     3.4451     78.540  0.000e+00
     77.793     8.4236    33.5815    26.0966 1.4652e-01     0.1298      0.018    1483.60     52.213     4.9232  59.552842     3.4450     78.546  0.000e+00
     77.834     8.4231    33.5816    26.0968 1.4652e-01     0.1298      0.015    1483.60     52.211     4.9231  59.552842     3.4449     78.587  0.000e+00
