RAWDATA/20190228/Cp2_20190228_down.cnv
* Sea-Bird SBE 9 Data File:
* FileName = C:\CTD Brukere\NIVA\IO2019\20190228\Cp2_20190228.hex
* Software Version Seasave V 7.23.2
* Temperature SN = 5352
* Conductivity SN = 3840
* Number of Bytes Per Scan = 28
* Number of Voltage Words = 4
* Number of Scans Averaged by the Deck Unit = 1
* NMEA baud rate = 4800
** Ship: R/V Trygve Braarud
** Cruise:
** Station:
** Operator:
# nquan = 14
# nvalues = 4472                                  
# units = specified
# name 0 = depSM: Depth [salt water, m], lat = 59.60
# name 1 = t090C: Temperature [ITS-90, deg C]
# name 2 = sal00: Salinity, Practical [PSU]
# name 3 = sigma-t00: Density [sigma-t, kg/m^3 ]
# name 4 = flSP: Fluorescence, Seapoint
# name 5 = wetStar: Fluorescence, WET Labs WETstar [mg/m^3]
# name 6 = seaTurbMtr: Turbidity, Seapoint [FTU]
# name 7 = svCM: Sound Velocity [Chen-Millero, m/s]
# name 8 = sbeox0PS: Oxygen, SBE 43 [% saturation]
# name 9 = sbeox0Mg/L: Oxygen, SBE 43 [mg/l]
# name 10 = timeJ: Julian Days
# name 11 = sbeox0ML/L: Oxygen, SBE 43 [ml/l]
# name 12 = prDM: Pressure, Digiquartz [db]
# name 13 = flag:  0.000e+00
# span 0 =     -0.159,     80.178                 
# span 1 =     1.6511,     8.5702                 
# span 2 =    25.7162,    33.5867                 
# span 3 =    20.5468,    26.1019                 
# span 4 = 1.3431e-01, 7.5702e-01                 
# span 5 =     0.1249,     0.1310                 
# span 6 =      0.007,      0.018                 
# span 7 =    1444.75,    1483.63                 
# span 8 =     39.354,     76.447                 
# span 9 =     3.7547,     8.8809                 
# span 10 =  59.550752,  59.552908                
# span 11 =     2.6273,     6.2143                
# span 12 =     -0.161,     80.955                
# span 13 = 0.0000e+00, 0.0000e+00                
# interval = seconds: 0.0416667
# start_time = Feb 28 2019 13:13:05 [System UpLoad Time]
# bad_flag = -9.990e-29
*END*
[from data line 1239]
      8.202     2.9537    28.3044    22.5478 5.4945e-01     0.1285      0.015    1453.65     75.345     8.3765  59.551350     5.8614      8.280  0.000e+00
      8.246     2.9606    28.3348    22.5716 5.2503e-01     0.1285      0.015    1453.72     75.406     8.3801  59.551350     5.8639      8.324  0.000e+00
      8.270     2.9625    28.3786    22.6064 5.2503e-01     0.1273      0.015    1453.79     75.405     8.3770  59.551351     5.8618      8.349  0.000e+00
      8.275     2.9624    28.4106    22.6318 5.3724e-01     0.1285      0.015    1453.83     75.341     8.3681  59.551351     5.8555      8.354  0.000e+00
      8.306     2.9626    28.4136    22.6342 5.4945e-01     0.1285      0.015    1453.84     75.396     8.3740  59.551352     5.8596      8.385  0.000e+00
      8.322     2.9645    28.4073    22.6291 5.6166e-01     0.1273      0.015    1453.84     75.332     8.3669  59.551352     5.8546      8.401  0.000e+00
      8.330     2.9675    28.4100    22.6310 5.6166e-01     0.1273      0.015    1453.85     75.324     8.3651  59.551353     5.8534      8.409  0.000e+00
      8.358     2.9711    28.4199    22.6386 5.6166e-01     0.1285      0.015    1453.88     75.316     8.3630  59.551353     5.8519      8.437  0.000e+00
      8.366     2.9712    28.4328    22.6489 5.6166e-01     0.1273      0.015    1453.90     75.310     8.3615  59.551354     5.8509      8.445  0.000e+00
      8.395     2.9697    28.4374    22.6526 5.6166e-01     0.1285      0.015    1453.90     75.304     8.3610  59.551354     5.8505      8.475  0.000e+00
      8.437     2.9714    28.4334    22.6494 5.6166e-01     0.1273      0.015    1453.90     75.300     8.3603  59.551355     5.8501      8.517  0.000e+00
      8.437     2.9751    28.4326    22.6484 5.7387e-01     0.1273      0.015    1453.92     75.295     8.3590  59.551355     5.8492      8.517  0.000e+00
      8.466     2.9781    28.4423    22.6560 5.7387e-01     0.1285      0.015    1453.94     75.291     8.3575  59.551356     5.8481      8.547  0.000e+00
      8.486     2.9754    28.4583    22.6689 5.8608e-01     0.1273      0.015    1453.95     75.299     8.3580  59.551356     5.8484      8.566  0.000e+00
      8.502     2.9722    28.4645    22.6741 5.8608e-01     0.1285      0.015    1453.95     75.298     8.3582  59.551357     5.8486      8.583  0.000e+00
      8.521     2.9725    28.4569    22.6680 5.8608e-01     0.1285      0.015    1453.94     75.297     8.3585  59.551357     5.8488      8.602  0.000e+00
      8.533     2.9748    28.4536    22.6652 5.8608e-01     0.1285      0.015    1453.94     75.297     8.3582  59.551358     5.8485      8.614  0.000e+00
      8.573     2.9793    28.4650    22.6739 5.9829e-01     0.1273      0.015    1453.98     75.297     8.3566  59.551358     5.8475      8.654  0.000e+00
      8.568     2.9803    28.4898    22.6936 5.9829e-01     0.1285      0.015    1454.02     75.298     8.3551  59.551359     5.8464      8.650  0.000e+00
      8.609     2.9784    28.5132    22.7124 6.1050e-01     0.1285      0.015    1454.04     75.238     8.3474  59.551359     5.8411      8.690  0.000e+00
      8.617     2.9766    28.5333    22.7286 6.1050e-01     0.1273      0.015    1454.06     75.296     8.3532  59.551359     5.8450      8.699  0.000e+00
      8.664     2.9757    28.5537    22.7449 6.2271e-01     0.1285      0.015    1454.08     75.301     8.3527  59.551360     5.8447      8.746  0.000e+00
      8.669     2.9751    28.5764    22.7631 7.3260e-01     0.1273      0.015    1454.11     75.297     8.3511  59.551360     5.8436      8.751  0.000e+00
      8.688     2.9750    28.5939    22.7770 7.5702e-01     0.1285      0.015    1454.13     75.238     8.3436  59.551361     5.8384      8.771  0.000e+00
      8.717     2.9751    28.6058    22.7865 6.9597e-01     0.1273      0.015    1454.15     75.236     8.3427  59.551361     5.8377      8.800  0.000e+00
      8.712     2.9750    28.6135    22.7926 6.5934e-01     0.1285      0.015    1454.15     75.234     8.3421  59.551362     5.8373      8.795  0.000e+00
      8.748     2.9731    28.6280    22.8043 6.3492e-01     0.1273      0.015    1454.17     75.235     8.3417  59.551362     5.8370      8.831  0.000e+00
      8.764     2.9697    28.6421    22.8158 6.1050e-01     0.1273      0.015    1454.17     75.236     8.3418  59.551363     5.8371      8.847  0.000e+00
      8.808     2.9658    28.6400    22.8144 5.9829e-01     0.1285      0.015    1454.15     75.239     8.3431  59.551363     5.8380      8.892  0.000e+00
      8.813     2.9636    28.6185    22.7975 5.8608e-01     0.1273      0.015    1454.11     75.233     8.3441  59.551364     5.8387      8.896  0.000e+00
      8.832     2.9614    28.5933    22.7775 5.7387e-01     0.1273      0.015    1454.07     75.302     8.3535  59.551364     5.8453      8.916  0.000e+00
      8.879     2.9604    28.5759    22.7637 5.7387e-01     0.1285      0.015    1454.05     75.252     8.3493  59.551365     5.8423      8.963  0.000e+00
      8.884     2.9595    28.5705    22.7595 5.6166e-01     0.1273      0.015    1454.03     75.249     8.3494  59.551365     5.8424      8.968  0.000e+00
      8.915     2.9588    28.5723    22.7610 5.6166e-01     0.1285      0.015    1454.03     75.246     8.3491  59.551366     5.8422      8.999  0.000e+00
      8.939     2.9585    28.5795    22.7668 5.6166e-01     0.1285      0.015    1454.04     75.244     8.3485  59.551366     5.8418      9.024  0.000e+00
      8.944     2.9576    28.5901    22.7752 5.6166e-01     0.1273      0.015    1454.05     75.243     8.3480  59.551367     5.8414      9.029  0.000e+00
      8.975     2.9565    28.5987    22.7822 5.6166e-01     0.1285      0.015    1454.06     75.316     8.3558  59.551367     5.8469      9.060  0.000e+00
      9.004     2.9562    28.6036    22.7861 5.4945e-01     0.1273      0.015    1454.07     75.261     8.3496  59.551368     5.8426      9.089  0.000e+00
      9.023     2.9568    28.6113    22.7922 5.6166e-01     0.1285      0.015    1454.08     75.262     8.3491  59.551368     5.8422      9.109  0.000e+00
      9.035     2.9571    28.6210    22.8000 5.6166e-01     0.1285      0.015    1454.09     75.264     8.3487  59.551369     5.8419      9.120  0.000e+00
      9.064     2.9591    28.6257    22.8035 5.6166e-01     0.1273      0.015    1454.11     75.266     8.3482  59.551369     5.8416      9.150  0.000e+00
      9.106     2.9658    28.6350    22.8104 5.7387e-01     0.1285      0.015    1454.15     75.268     8.3465  59.551370     5.8404      9.192  0.000e+00
      9.130     2.9722    28.6757    22.8424 5.7387e-01     0.1285      0.015    1454.23     75.271     8.3432  59.551370     5.8381      9.217  0.000e+00
      9.159     2.9752    28.7317    22.8868 5.6166e-01     0.1273      0.015    1454.32     75.275     8.3398  59.551371     5.8357      9.246  0.000e+00
      9.166     2.9759    28.7685    22.9161 5.1282e-01     0.1285      0.015    1454.37     75.280     8.3382  59.551371     5.8346      9.253  0.000e+00
      9.201     2.9751    28.7750    22.9213 4.8840e-01     0.1285      0.015    1454.37     75.287     8.3387  59.551372     5.8349      9.289  0.000e+00
      9.219     2.9756    28.7632    22.9119 4.6398e-01     0.1285      0.015    1454.36     75.294     8.3401  59.551372     5.8359      9.307  0.000e+00
      9.250     2.9768    28.7581    22.9077 4.3956e-01     0.1285      0.015    1454.36     75.292     8.3399  59.551372     5.8358      9.338  0.000e+00
      9.274     2.9804    28.7644    22.9125 4.3956e-01     0.1273      0.015    1454.38     75.300     8.3396  59.551373     5.8356      9.362  0.000e+00
      9.303     2.9823    28.7836    22.9276 4.5177e-01     0.1285      0.015    1454.42     75.299     8.3380  59.551373     5.8345      9.392  0.000e+00
      9.345     2.9835    28.8029    22.9429 4.6398e-01     0.1273      0.015    1454.45     75.308     8.3377  59.551374     5.8342      9.434  0.000e+00
      9.357     2.9843    28.8121    22.9502 4.8840e-01     0.1273      0.015    1454.46     75.318     8.3381  59.551374     5.8345      9.446  0.000e+00
      9.386     2.9864    28.8165    22.9536 4.8840e-01     0.1273      0.015    1454.48     75.319     8.3375  59.551375     5.8341      9.475  0.000e+00
      9.405     2.9880    28.8286    22.9631 5.0061e-01     0.1273      0.015    1454.50     75.330     8.3377  59.551375     5.8342      9.495  0.000e+00
      9.441     2.9900    28.8420    22.9737 5.1282e-01     0.1273      0.015    1454.53     75.332     8.3368  59.551376     5.8336      9.531  0.000e+00
      9.470     2.9929    28.8478    22.9780 5.2503e-01     0.1285      0.015    1454.55     75.334     8.3361  59.551376     5.8331      9.560  0.000e+00
      9.477     2.9982    28.8427    22.9735 5.6166e-01     0.1285      0.015    1454.57     75.336     8.3355  59.551377     5.8327      9.567  0.000e+00
      9.512     3.0072    28.8333    22.9654 5.9829e-01     0.1285      0.015    1454.59     75.274     8.3273  59.551377     5.8270      9.603  0.000e+00
      9.541     3.0116    28.8420    22.9720 6.1050e-01     0.1285      0.015    1454.62     75.333     8.3324  59.551378     5.8305      9.632  0.000e+00
      9.561     3.0118    28.8520    22.9800 5.8608e-01     0.1273      0.015    1454.64     75.274     8.3252  59.551378     5.8255      9.652  0.000e+00
      9.585     3.0114    28.8437    22.9734 5.8608e-01     0.1285      0.011    1454.63     75.270     8.3254  59.551379     5.8256      9.676  0.000e+00
      9.621     3.0111    28.8283    22.9611 5.6166e-01     0.1285      0.015    1454.61     75.267     8.3260  59.551379     5.8261      9.712  0.000e+00
      9.626     3.0113    28.8211    22.9554 5.6166e-01     0.1285      0.015    1454.60     75.329     8.3332  59.551380     5.8311      9.717  0.000e+00
      9.656     3.0104    28.8220    22.9561 5.7387e-01     0.1273      0.015    1454.59     75.273     8.3271  59.551380     5.8268      9.748  0.000e+00
      9.681     3.0099    28.8201    22.9547 5.7387e-01     0.1273      0.015    1454.59     75.272     8.3273  59.551381     5.8269      9.773  0.000e+00
      9.697     3.0104    28.8228    22.9568 5.7387e-01     0.1273      0.015    1454.60     75.272     8.3270  59.551381     5.8267      9.789  0.000e+00
      9.739     3.0104    28.8360    22.9673 5.7387e-01     0.1273      0.015    1454.61     75.273     8.3263  59.551382     5.8263      9.832  0.000e+00
      9.763     3.0102    28.8483    22.9771 5.7387e-01     0.1285      0.015    1454.63     75.274     8.3258  59.551382     5.8259      9.856  0.000e+00
      9.757     3.0107    28.8580    22.9848 5.7387e-01     0.1273      0.015    1454.64     75.266     8.3243  59.551383     5.8249      9.850  0.000e+00
      9.799     3.0123    28.8710    22.9951 5.6166e-01     0.1273      0.015    1454.67     75.269     8.3235  59.551383     5.8243      9.892  0.000e+00
      9.835     3.0134    28.8933    23.0127 5.7387e-01     0.1273      0.015    1454.70     75.272     8.3223  59.551384     5.8235      9.928  0.000e+00
      9.835     3.0139    28.9168    23.0314 5.7387e-01     0.1285      0.015    1454.74     75.275     8.3213  59.551384     5.8228      9.928  0.000e+00
      9.877     3.0138    28.9321    23.0437 5.6166e-01     0.1285      0.015    1454.76     75.271     8.3200  59.551385     5.8218      9.971  0.000e+00
      9.895     3.0129    28.9359    23.0468 5.6166e-01     0.1285      0.015    1454.76     75.267     8.3195  59.551385     5.8215      9.989  0.000e+00
      9.919     3.0121    28.9316    23.0434 5.6166e-01     0.1273      0.015    1454.75     75.263     8.3195  59.551386     5.8215     10.013  0.000e+00
      9.932     3.0130    28.9287    23.0410 5.6166e-01     0.1273      0.015    1454.75     75.259     8.3190  59.551386     5.8212     10.026  0.000e+00
      9.961     3.0144    28.9363    23.0470 5.4945e-01     0.1273      0.015    1454.77     75.192     8.3109  59.551386     5.8155     10.056  0.000e+00
      9.979     3.0159    28.9520    23.0594 5.4945e-01     0.1285      0.015    1454.79     75.180     8.3084  59.551387     5.8137     10.074  0.000e+00
     10.014     3.0169    28.9697    23.0733 5.4945e-01     0.1285      0.015    1454.82     75.169     8.3060  59.551387     5.8120     10.110  0.000e+00
     10.021     3.0169    28.9823    23.0834 5.6166e-01     0.1273      0.015    1454.84     75.232     8.3122  59.551388     5.8164     10.116  0.000e+00
     10.050     3.0182    28.9853    23.0857 5.6166e-01     0.1285      0.015    1454.85     75.232     8.3118  59.551388     5.8161     10.146  0.000e+00
     10.086     3.0200    28.9853    23.0855 5.4945e-01     0.1273      0.015    1454.85     75.168     8.3043  59.551389     5.8109     10.182  0.000e+00
     10.086     3.0219    28.9915    23.0904 5.4945e-01     0.1285      0.015    1454.87     75.160     8.3026  59.551389     5.8097     10.182  0.000e+00
     10.128     3.0224    28.9998    23.0969 5.4945e-01     0.1273      0.015    1454.88     75.152     8.3012  59.551390     5.8087     10.224  0.000e+00
     10.159     3.0216    29.0010    23.0980 5.6166e-01     0.1285      0.015    1454.88     75.146     8.3006  59.551390     5.8083     10.255  0.000e+00
     10.170     3.0222    28.9988    23.0961 5.6166e-01     0.1285      0.015    1454.88     75.149     8.3010  59.551391     5.8086     10.267  0.000e+00
     10.181     3.0251    29.0036    23.0997 5.4945e-01     0.1273      0.015    1454.90     75.144     8.2995  59.551391     5.8075     10.278  0.000e+00
     10.199     3.0275    29.0176    23.1107 5.4945e-01     0.1273      0.015    1454.93     75.140     8.2978  59.551392     5.8063     10.296  0.000e+00
     10.241     3.0306    29.0330    23.1228 5.3724e-01     0.1273      0.015    1454.97     75.136     8.2959  59.551392     5.8050     10.339  0.000e+00
     10.241     3.0320    29.0493    23.1357 5.3724e-01     0.1273      0.015    1454.99     75.133     8.2943  59.551393     5.8039     10.339  0.000e+00
     10.278     3.0310    29.0566    23.1415 5.4945e-01     0.1273      0.015    1455.00     75.068     8.2869  59.551393     5.7987     10.376  0.000e+00
     10.290     3.0307    29.0483    23.1350 5.4945e-01     0.1273      0.015    1454.99     75.058     8.2864  59.551394     5.7983     10.388  0.000e+00
     10.332     3.0314    29.0374    23.1262 5.4945e-01     0.1285      0.015    1454.98     75.114     8.2930  59.551394     5.8029     10.430  0.000e+00
     10.337     3.0321    29.0354    23.1245 5.4945e-01     0.1273      0.015    1454.98     75.115     8.2931  59.551395     5.8030     10.435  0.000e+00
     10.361     3.0337    29.0402    23.1283 5.4945e-01     0.1273      0.015    1454.99     75.117     8.2927  59.551395     5.8027     10.460  0.000e+00
     10.397     3.0354    29.0511    23.1368 5.6166e-01     0.1273      0.015    1455.01     75.119     8.2920  59.551396     5.8022     10.496  0.000e+00
     10.392     3.0351    29.0604    23.1443 5.6166e-01     0.1285      0.015    1455.02     75.059     8.2849  59.551396     5.7973     10.491  0.000e+00
     10.432     3.0346    29.0573    23.1418 5.6166e-01     0.1273      0.015    1455.02     75.055     8.2847  59.551397     5.7971     10.531  0.000e+00
     10.445     3.0342    29.0448    23.1319 5.4945e-01     0.1285      0.015    1455.00     75.052     8.2851  59.551397     5.7975     10.545  0.000e+00
     10.470     3.0356    29.0371    23.1257 5.3724e-01     0.1285      0.015    1455.00     75.113     8.2921  59.551398     5.8023     10.569  0.000e+00
     10.470     3.0368    29.0420    23.1294 5.4945e-01     0.1285      0.015    1455.01     75.120     8.2923  59.551398     5.8025     10.569  0.000e+00
     10.510     3.0392    29.0553    23.1399 5.3724e-01     0.1273      0.015    1455.04     75.129     8.2920  59.551399     5.8023     10.610  0.000e+00
