RAWDATA/20190228/Cp2_20190228_down.cnv
* Sea-Bird SBE 9 Data File:
* FileName = C:\CTD Brukere\NIVA\IO2019\20190228\Cp2_20190228.hex
* Software Version Seasave V 7.23.2
* Temperature SN = 5352
* Conductivity SN = 3840
* Number of Bytes Per Scan = 28
* Number of Voltage Words = 4
* Number of Scans Averaged by the Deck Unit = 1
* NMEA baud rate = 4800
** Ship: R/V Trygve Braarud
** Cruise:
** Station:
** Operator:
# nquan = 14
# nvalues = 4472                                  
# units = specified
# name 0 = depSM: Depth [salt water, m], lat = 59.60
# name 1 = t090C: Temperature [ITS-90, deg C]
# name 2 = sal00: Salinity, Practical [PSU]
# name 3 = sigma-t00: Density [sigma-t, kg/m^3 ]
# name 4 = flSP: Fluorescence, Seapoint
# name 5 = wetStar: Fluorescence, WET Labs WETstar [mg/m^3]
# name 6 = seaTurbMtr: Turbidity, Seapoint [FTU]
# name 7 = svCM: Sound Velocity [Chen-Millero, m/s]
# name 8 = sbeox0PS: Oxygen, SBE 43 [% saturation]
# name 9 = sbeox0Mg/L: Oxygen, SBE 43 [mg/l]
# name 10 = timeJ: Julian Days
# name 11 = sbeox0ML/L: Oxygen, SBE 43 [ml/l]
# name 12 = prDM: Pressure, Digiquartz [db]
# name 13 = flag:  0.000e+00
# span 0 =     -0.159,     80.178                 
# span 1 =     1.6511,     8.5702                 
# span 2 =    25.7162,    33.5867                 
# span 3 =    20.5468,    26.1019                 
# span 4 = 1.3431e-01, 7.5702e-01                 
# span 5 =     0.1249,     0.1310                 
# span 6 =      0.007,      0.018                 
# span 7 =    1444.75,    1483.63                 
# span 8 =     39.354,     76.447                 
# span 9 =     3.7547,     8.8809                 
# span 10 =  59.550752,  59.552908                
# span 11 =     2.6273,     6.2143                
# span 12 =     -0.161,     80.955                
# span 13 = 0.0000e+00, 0.0000e+00                
# interval = seconds: 0.0416667
# start_time = Feb 28 2019 13:13:05 [System UpLoad Time]
# bad_flag = -9.990e-29
*END*
     -0.086     1.9190    25.7230    20.5514 4.0293e-01     0.1261      0.011    1445.58     76.447     8.8809  59.550752     6.2143     -0.087  0.000e+00
     -0.088     1.9193    25.7226    20.5511 4.1514e-01     0.1261      0.011    1445.58     76.447     8.8808  59.550753     6.2143     -0.089  0.000e+00
     -0.086     1.9194    25.7224    20.5509 4.0293e-01     0.1261      0.007    1445.58     76.447     8.8808  59.550753     6.2142     -0.087  0.000e+00
     -0.086     1.9194    25.7226    20.5511 4.1514e-01     0.1261      0.011    1445.58     76.447     8.8808  59.550754     6.2142     -0.087  0.000e+00
     -0.073     1.9195    25.7240    20.5522 4.0293e-01     0.1273      0.011    1445.58     76.383     8.8732  59.550754     6.2089     -0.074  0.000e+00
     -0.088     1.9196    25.7222    20.5507 4.0293e-01     0.1261      0.011    1445.58     76.373     8.8722  59.550755     6.2082     -0.089  0.000e+00
     -0.086     1.9199    25.7223    20.5508 3.9072e-01     0.1273      0.011    1445.58     76.365     8.8711  59.550755     6.2075     -0.087  0.000e+00
     -0.086     1.9200    25.7245    20.5526 4.0293e-01     0.1261      0.011    1445.59     76.292     8.8625  59.550756     6.2014     -0.087  0.000e+00
     -0.086     1.9205    25.7239    20.5521 4.0293e-01     0.1261      0.011    1445.59     76.275     8.8604  59.550756     6.2000     -0.087  0.000e+00
     -0.075     1.9210    25.7232    20.5515 4.0293e-01     0.1261      0.011    1445.59     76.258     8.8585  59.550757     6.1986     -0.076  0.000e+00
     -0.086     1.9213    25.7262    20.5538 4.1514e-01     0.1261      0.011    1445.60     76.243     8.8564  59.550757     6.1972     -0.087  0.000e+00
     -0.073     1.9210    25.7264    20.5540 4.1514e-01     0.1249      0.011    1445.59     76.228     8.8548  59.550758     6.1960     -0.074  0.000e+00
     -0.088     1.9210    25.7240    20.5521 4.1514e-01     0.1261      0.011    1445.59     76.214     8.8533  59.550758     6.1950     -0.089  0.000e+00
     -0.086     1.9208    25.7236    20.5518 4.1514e-01     0.1261      0.015    1445.59     76.137     8.8443  59.550759     6.1887     -0.087  0.000e+00
     -0.073     1.9208    25.7212    20.5499 4.1514e-01     0.1273      0.011    1445.59     76.115     8.8420  59.550759     6.1871     -0.074  0.000e+00
     -0.073     1.9208    25.7193    20.5484 4.1514e-01     0.1261      0.011    1445.58     76.095     8.8397  59.550760     6.1855     -0.074  0.000e+00
     -0.064     1.9211    25.7195    20.5485 4.0293e-01     0.1273      0.011    1445.59     76.011     8.8300  59.550760     6.1787     -0.064  0.000e+00
     -0.086     1.9208    25.7194    20.5485 4.0293e-01     0.1261      0.007    1445.58     75.984     8.8269  59.550761     6.1765     -0.087  0.000e+00
     -0.073     1.9205    25.7194    20.5485 4.0293e-01     0.1261      0.011    1445.58     75.959     8.8240  59.550761     6.1745     -0.074  0.000e+00
     -0.062     1.9204    25.7222    20.5507 4.1514e-01     0.1261      0.011    1445.59     75.871     8.8136  59.550761     6.1673     -0.063  0.000e+00
     -0.075     1.9203    25.7236    20.5518 4.1514e-01     0.1261      0.007    1445.59     75.839     8.8099  59.550762     6.1647     -0.076  0.000e+00
     -0.073     1.9202    25.7253    20.5532 4.1514e-01     0.1261      0.007    1445.59     75.874     8.8139  59.550762     6.1674     -0.074  0.000e+00
     -0.049     1.9204    25.7281    20.5554 4.2735e-01     0.1273      0.011    1445.59     75.792     8.8041  59.550763     6.1606     -0.049  0.000e+00
     -0.075     1.9199    25.7275    20.5550 4.2735e-01     0.1261      0.011    1445.59     75.701     8.7938  59.550763     6.1534     -0.076  0.000e+00
     -0.062     1.9197    25.7265    20.5542 4.1514e-01     0.1261      0.011    1445.59     75.669     8.7900  59.550764     6.1507     -0.063  0.000e+00
     -0.062     1.9200    25.7301    20.5570 4.1514e-01     0.1261      0.011    1445.60     75.573     8.7787  59.550764     6.1428     -0.063  0.000e+00
     -0.062     1.9203    25.7292    20.5563 4.0293e-01     0.1249      0.011    1445.60     75.536     8.7743  59.550765     6.1398     -0.063  0.000e+00
     -0.051     1.9210    25.7280    20.5553 4.0293e-01     0.1261      0.007    1445.60     75.501     8.7702  59.550765     6.1369     -0.051  0.000e+00
     -0.062     1.9216    25.7310    20.5577 3.9072e-01     0.1273      0.011    1445.60     75.469     8.7662  59.550766     6.1341     -0.063  0.000e+00
     -0.062     1.9216    25.7280    20.5553 3.9072e-01     0.1261      0.007    1445.60     75.376     8.7555  59.550766     6.1266     -0.063  0.000e+00
     -0.051     1.9220    25.7269    20.5544 3.9072e-01     0.1261      0.011    1445.60     75.340     8.7514  59.550767     6.1237     -0.051  0.000e+00
     -0.049     1.9224    25.7286    20.5557 3.9072e-01     0.1273      0.011    1445.60     75.308     8.7474  59.550767     6.1209     -0.049  0.000e+00
     -0.049     1.9235    25.7262    20.5537 4.0293e-01     0.1261      0.011    1445.61     75.279     8.7439  59.550768     6.1185     -0.049  0.000e+00
     -0.062     1.9240    25.7266    20.5541 4.0293e-01     0.1273      0.011    1445.61     75.188     8.7333  59.550768     6.1110     -0.063  0.000e+00
     -0.051     1.9241    25.7298    20.5566 4.0293e-01     0.1261      0.011    1445.61     75.157     8.7294  59.550769     6.1083     -0.051  0.000e+00
     -0.049     1.9237    25.7291    20.5561 4.0293e-01     0.1261      0.007    1445.61     75.128     8.7262  59.550769     6.1061     -0.049  0.000e+00
     -0.049     1.9228    25.7295    20.5564 3.9072e-01     0.1273      0.011    1445.61     75.040     8.7161  59.550770     6.0990     -0.049  0.000e+00
     -0.049     1.9226    25.7303    20.5571 4.0293e-01     0.1261      0.011    1445.61     75.009     8.7126  59.550770     6.0966     -0.049  0.000e+00
     -0.051     1.9223    25.7272    20.5546 4.1514e-01     0.1261      0.011    1445.60     74.919     8.7023  59.550771     6.0894     -0.051  0.000e+00
     -0.062     1.9221    25.7264    20.5540 4.1514e-01     0.1261      0.011    1445.60     74.887     8.6988  59.550771     6.0869     -0.063  0.000e+00
     -0.049     1.9217    25.7268    20.5543 4.1514e-01     0.1261      0.011    1445.60     74.860     8.6957  59.550772     6.0847     -0.049  0.000e+00
     -0.051     1.9210    25.7249    20.5528 4.1514e-01     0.1261      0.011    1445.59     74.774     8.6859  59.550772     6.0779     -0.051  0.000e+00
     -0.049     1.9202    25.7242    20.5523 4.1514e-01     0.1261      0.015    1445.59     74.746     8.6829  59.550773     6.0758     -0.049  0.000e+00
     -0.062     1.9190    25.7246    20.5527 4.1514e-01     0.1261      0.011    1445.58     74.659     8.6731  59.550773     6.0689     -0.063  0.000e+00
     -0.049     1.9183    25.7217    20.5504 4.1514e-01     0.1261      0.011    1445.58     74.632     8.6703  59.550774     6.0669     -0.049  0.000e+00
     -0.075     1.9180    25.7219    20.5506 4.0293e-01     0.1273      0.011    1445.58     74.546     8.6603  59.550774     6.0600     -0.076  0.000e+00
     -0.062     1.9174    25.7236    20.5520 4.0293e-01     0.1273      0.011    1445.58     74.520     8.6573  59.550774     6.0579     -0.063  0.000e+00
     -0.062     1.9175    25.7245    20.5527 4.0293e-01     0.1261      0.011    1445.58     74.500     8.6549  59.550775     6.0562     -0.063  0.000e+00
     -0.073     1.9180    25.7299    20.5570 4.1514e-01     0.1261      0.011    1445.59     74.421     8.6452  59.550775     6.0494     -0.074  0.000e+00
     -0.064     1.9180    25.7362    20.5621 4.1514e-01     0.1261      0.011    1445.59     74.338     8.6353  59.550776     6.0425     -0.064  0.000e+00
     -0.073     1.9179    25.7392    20.5645 4.1514e-01     0.1261      0.011    1445.60     74.317     8.6326  59.550776     6.0406     -0.074  0.000e+00
     -0.086     1.9182    25.7460    20.5698 4.0293e-01     0.1273      0.011    1445.61     74.301     8.6304  59.550777     6.0390     -0.087  0.000e+00
     -0.075     1.9182    25.7542    20.5765 4.0293e-01     0.1261      0.007    1445.62     74.293     8.6289  59.550777     6.0380     -0.076  0.000e+00
     -0.086     1.9182    25.7590    20.5802 4.0293e-01     0.1261      0.007    1445.62     74.216     8.6197  59.550778     6.0315     -0.087  0.000e+00
     -0.098     1.9182    25.7625    20.5830 4.0293e-01     0.1261      0.011    1445.63     74.200     8.6177  59.550778     6.0301     -0.099  0.000e+00
     -0.098     1.9183    25.7643    20.5845 4.0293e-01     0.1261      0.011    1445.63     74.127     8.6090  59.550779     6.0241     -0.099  0.000e+00
     -0.088     1.9185    25.7649    20.5850 4.1514e-01     0.1261      0.011    1445.63     74.105     8.6064  59.550779     6.0222     -0.089  0.000e+00
     -0.109     1.9185    25.7681    20.5875 4.0293e-01     0.1261      0.011    1445.64     74.089     8.6044  59.550780     6.0208     -0.110  0.000e+00
     -0.109     1.9186    25.7692    20.5884 4.0293e-01     0.1261      0.007    1445.64     74.016     8.5957  59.550780     6.0148     -0.110  0.000e+00
     -0.111     1.9188    25.7685    20.5878 4.1514e-01     0.1261      0.011    1445.64     74.004     8.5944  59.550781     6.0138     -0.112  0.000e+00
     -0.109     1.9193    25.7723    20.5909 4.0293e-01     0.1261      0.011    1445.65     73.998     8.5934  59.550781     6.0132     -0.110  0.000e+00
     -0.122     1.9194    25.7747    20.5928 4.0293e-01     0.1261      0.011    1445.65     73.935     8.5859  59.550782     6.0079     -0.123  0.000e+00
     -0.122     1.9193    25.7755    20.5934 4.0293e-01     0.1261      0.011    1445.65     73.925     8.5847  59.550782     6.0070     -0.123  0.000e+00
     -0.123     1.9194    25.7762    20.5940 4.0293e-01     0.1261      0.011    1445.65     73.921     8.5841  59.550783     6.0067     -0.125  0.000e+00
     -0.122     1.9191    25.7710    20.5898 4.0293e-01     0.1261      0.011    1445.64     73.859     8.5774  59.550783     6.0019     -0.123  0.000e+00
     -0.133     1.9193    25.7656    20.5855 4.0293e-01     0.1273      0.015    1445.64     73.850     8.5765  59.550784     6.0013     -0.134  0.000e+00
     -0.133     1.9189    25.7653    20.5853 4.0293e-01     0.1261      0.011    1445.64     73.847     8.5763  59.550784     6.0012     -0.134  0.000e+00
     -0.135     1.9174    25.7628    20.5833 4.0293e-01     0.1261      0.007    1445.63     73.787     8.5698  59.550785     5.9966     -0.136  0.000e+00
     -0.145     1.9102    25.7652    20.5856 4.0293e-01     0.1273      0.011    1445.60     73.779     8.5704  59.550785     5.9971     -0.146  0.000e+00
     -0.133     1.9019    25.7725    20.5919 4.0293e-01     0.1273      0.011    1445.57     73.715     8.5643  59.550786     5.9928     -0.134  0.000e+00
     -0.146     1.8924    25.7781    20.5969 4.0293e-01     0.1261      0.011    1445.53     73.722     8.5669  59.550786     5.9946     -0.148  0.000e+00
     -0.145     1.8852    25.7832    20.6013 4.1514e-01     0.1273      0.011    1445.51     73.727     8.5688  59.550787     5.9959     -0.146  0.000e+00
     -0.145     1.8809    25.7899    20.6068 4.2735e-01     0.1261      0.011    1445.50     73.664     8.5620  59.550787     5.9912     -0.146  0.000e+00
     -0.145     1.8777    25.7921    20.6088 4.1514e-01     0.1261      0.007    1445.48     73.663     8.5625  59.550788     5.9915     -0.146  0.000e+00
     -0.146     1.8761    25.7944    20.6107 4.1514e-01     0.1261      0.011    1445.48     73.659     8.5622  59.550788     5.9913     -0.148  0.000e+00
     -0.157     1.8749    25.7995    20.6149 4.1514e-01     0.1273      0.011    1445.48     73.597     8.5550  59.550788     5.9863     -0.159  0.000e+00
     -0.145     1.8741    25.8009    20.6160 4.1514e-01     0.1261      0.011    1445.48     73.597     8.5551  59.550789     5.9863     -0.146  0.000e+00
     -0.159     1.8735    25.8027    20.6175 4.1514e-01     0.1273      0.011    1445.48     73.604     8.5559  59.550789     5.9869     -0.161  0.000e+00
     -0.157     1.8715    25.8094    20.6229 4.1514e-01     0.1273      0.007    1445.48     73.545     8.5491  59.550790     5.9821     -0.159  0.000e+00
     -0.145     1.8681    25.8164    20.6287 4.0293e-01     0.1261      0.007    1445.47     73.547     8.5497  59.550790     5.9826     -0.146  0.000e+00
     -0.157     1.8650    25.8239    20.6349 4.0293e-01     0.1261      0.011    1445.47     73.557     8.5511  59.550791     5.9835     -0.159  0.000e+00
     -0.159     1.8632    25.8304    20.6401 4.0293e-01     0.1261      0.011    1445.47     73.574     8.5530  59.550791     5.9849     -0.161  0.000e+00
     -0.157     1.8634    25.8333    20.6424 4.0293e-01     0.1261      0.011    1445.47     73.523     8.5469  59.550792     5.9806     -0.159  0.000e+00
     -0.157     1.8643    25.8357    20.6444 4.0293e-01     0.1261      0.011    1445.48     73.534     8.5478  59.550792     5.9813     -0.159  0.000e+00
     -0.146     1.8659    25.8357    20.6442 4.0293e-01     0.1261      0.007    1445.49     73.488     8.5421  59.550793     5.9773     -0.148  0.000e+00
     -0.157     1.8676    25.8358    20.6443 4.0293e-01     0.1261      0.007    1445.50     73.494     8.5424  59.550793     5.9775     -0.159  0.000e+00
     -0.145     1.8703    25.8366    20.6447 4.1514e-01     0.1261      0.011    1445.51     73.507     8.5433  59.550794     5.9781     -0.146  0.000e+00
     -0.157     1.8743    25.8356    20.6438 4.0293e-01     0.1273      0.011    1445.53     73.517     8.5437  59.550794     5.9783     -0.159  0.000e+00
     -0.146     1.8780    25.8341    20.6424 4.1514e-01     0.1273      0.011    1445.54     73.534     8.5449  59.550795     5.9792     -0.148  0.000e+00
     -0.133     1.8814    25.8332    20.6415 4.1514e-01     0.1261      0.011    1445.56     73.493     8.5395  59.550795     5.9754     -0.134  0.000e+00
     -0.157     1.8852    25.8301    20.6388 4.0293e-01     0.1261      0.011    1445.57     73.505     8.5401  59.550796     5.9759     -0.159  0.000e+00
     -0.135     1.8882    25.8262    20.6356 4.0293e-01     0.1261      0.011    1445.58     73.523     8.5419  59.550796     5.9771     -0.136  0.000e+00
     -0.122     1.8906    25.8245    20.6340 4.0293e-01     0.1261      0.011    1445.59     73.474     8.5357  59.550797     5.9728     -0.123  0.000e+00
     -0.133     1.8929    25.8186    20.6292 3.9072e-01     0.1261      0.007    1445.59     73.486     8.5370  59.550797     5.9737     -0.134  0.000e+00
     -0.122     1.8952    25.8131    20.6247 4.0293e-01     0.1261      0.011    1445.59     73.495     8.5379  59.550798     5.9743     -0.123  0.000e+00
     -0.123     1.8974    25.8111    20.6230 4.0293e-01     0.1273      0.011    1445.60     73.511     8.5393  59.550798     5.9753     -0.125  0.000e+00
     -0.109     1.8990    25.8075    20.6201 4.0293e-01     0.1261      0.007    1445.60     73.533     8.5418  59.550799     5.9770     -0.110  0.000e+00
     -0.109     1.9008    25.8040    20.6172 4.0293e-01     0.1273      0.011    1445.60     73.487     8.5362  59.550799     5.9732     -0.110  0.000e+00
     -0.111     1.9018    25.8038    20.6169 4.0293e-01     0.1261      0.011    1445.61     73.493     8.5366  59.550800     5.9734     -0.112  0.000e+00
     -0.098     1.9025    25.8012    20.6148 4.1514e-01     0.1261      0.007    1445.61     73.440     8.5305  59.550800     5.9692     -0.099  0.000e+00
     -0.098     1.9034    25.8000    20.6138 4.1514e-01     0.1273      0.011    1445.61     73.448     8.5314  59.550801     5.9697     -0.099  0.000e+00
     -0.098     1.9041    25.8006    20.6143 4.1514e-01     0.1261      0.011    1445.61     73.463     8.5329  59.550801     5.9708     -0.099  0.000e+00
     -0.088     1.9042    25.7974    20.6117 4.0293e-01     0.1261      0.011    1445.61     73.474     8.5343  59.550802     5.9718     -0.089  0.000e+00
