RAWDATA/20190228/Cp2_20190228_down.cnv
* Sea-Bird SBE 9 Data File:
* FileName = C:\CTD Brukere\NIVA\IO2019\20190228\Cp2_20190228.hex
* Software Version Seasave V 7.23.2
* Temperature SN = 5352
* Conductivity SN = 3840
* Number of Bytes Per Scan = 28
* Number of Voltage Words = 4
* Number of Scans Averaged by the Deck Unit = 1
* NMEA baud rate = 4800
** Ship: R/V Trygve Braarud
** Cruise:
** Station:
** Operator:
# nquan = 14
# nvalues = 4472                                  
# units = specified
# name 0 = depSM: Depth [salt water, m], lat = 59.60
# name 1 = t090C: Temperature [ITS-90, deg C]
# name 2 = sal00: Salinity, Practical [PSU]
# name 3 = sigma-t00: Density [sigma-t, kg/m^3 ]
# name 4 = flSP: Fluorescence, Seapoint
# name 5 = wetStar: Fluorescence, WET Labs WETstar [mg/m^3]
# name 6 = seaTurbMtr: Turbidity, Seapoint [FTU]
# name 7 = svCM: Sound Velocity [Chen-Millero, m/s]
# name 8 = sbeox0PS: Oxygen, SBE 43 [% saturation]
# name 9 = sbeox0Mg/L: Oxygen, SBE 43 [mg/l]
# name 10 = timeJ: Julian Days
# name 11 = sbeox0ML/L: Oxygen, SBE 43 [ml/l]
# name 12 = prDM: Pressure, Digiquartz [db]
# name 13 = flag:  0.000e+00
# span 0 =     -0.159,     80.178                 
# span 1 =     1.6511,     8.5702                 
# span 2 =    25.7162,    33.5867                 
# span 3 =    20.5468,    26.1019                 
# span 4 = 1.3431e-01, 7.5702e-01                 
# span 5 =     0.1249,     0.1310                 
# span 6 =      0.007,      0.018                 
# span 7 =    1444.75,    1483.63                 
# span 8 =     39.354,     76.447                 
# span 9 =     3.7547,     8.8809                 
# span 10 =  59.550752,  59.552908                
# span 11 =     2.6273,     6.2143                
# span 12 =     -0.161,     80.955                
# span 13 = 0.0000e+00, 0.0000e+00                
# interval = seconds: 0.0416667
# start_time = Feb 28 2019 13:13:05 [System UpLoad Time]
# bad_flag = -9.990e-29
*END*
[from data line 3201]
     52.271     8.5299    33.5108    26.0250 1.4652e-01     0.1298      0.015    1483.49     51.466     4.8435  59.552296     3.3892     52.774  0.000e+00
     52.320     8.5297    33.5105    26.0248 1.4652e-01     0.1298      0.018    1483.49     51.459     4.8429  59.552296     3.3888     52.823  0.000e+00
     52.320     8.5302    33.5096    26.0240 1.4652e-01     0.1298      0.015    1483.49     51.459     4.8428  59.552297     3.3887     52.823  0.000e+00
     52.356     8.5301    33.5101    26.0244 1.4652e-01     0.1298      0.018    1483.49     51.457     4.8427  59.552297     3.3886     52.859  0.000e+00
     52.392     8.5301    33.5095    26.0239 1.4652e-01     0.1310      0.018    1483.49     51.454     4.8424  59.552298     3.3884     52.895  0.000e+00
     52.405     8.5302    33.5094    26.0238 1.4652e-01     0.1298      0.015    1483.49     51.449     4.8420  59.552298     3.3881     52.909  0.000e+00
     52.440     8.5301    33.5098    26.0242 1.4652e-01     0.1298      0.018    1483.49     51.444     4.8415  59.552299     3.3878     52.945  0.000e+00
     52.452     8.5299    33.5093    26.0238 1.4652e-01     0.1298      0.015    1483.49     51.499     4.8467  59.552299     3.3914     52.956  0.000e+00
     52.489     8.5296    33.5099    26.0243 1.4652e-01     0.1298      0.018    1483.49     51.505     4.8473  59.552300     3.3918     52.994  0.000e+00
     52.512     8.5288    33.5105    26.0249 1.4652e-01     0.1298      0.015    1483.49     51.503     4.8471  59.552300     3.3917     53.017  0.000e+00
     52.525     8.5280    33.5110    26.0254 1.4652e-01     0.1298      0.015    1483.49     51.500     4.8469  59.552301     3.3916     53.030  0.000e+00
     52.561     8.5272    33.5117    26.0261 1.4652e-01     0.1298      0.018    1483.48     51.502     4.8472  59.552301     3.3918     53.066  0.000e+00
     52.585     8.5267    33.5119    26.0263 1.4652e-01     0.1298      0.018    1483.48     51.503     4.8473  59.552302     3.3919     53.091  0.000e+00
     52.621     8.5269    33.5116    26.0261 1.4652e-01     0.1298      0.018    1483.48     51.503     4.8473  59.552302     3.3919     53.127  0.000e+00
     52.632     8.5267    33.5118    26.0262 1.4652e-01     0.1298      0.018    1483.48     51.502     4.8472  59.552303     3.3918     53.138  0.000e+00
     52.657     8.5266    33.5123    26.0267 1.4652e-01     0.1298      0.018    1483.49     51.499     4.8469  59.552303     3.3916     53.163  0.000e+00
     52.681     8.5265    33.5126    26.0269 1.4652e-01     0.1310      0.015    1483.49     51.495     4.8466  59.552304     3.3914     53.188  0.000e+00
     52.705     8.5261    33.5132    26.0275 1.4652e-01     0.1298      0.015    1483.49     51.491     4.8462  59.552304     3.3911     53.212  0.000e+00
     52.741     8.5259    33.5137    26.0279 1.4652e-01     0.1298      0.018    1483.49     51.485     4.8456  59.552305     3.3907     53.248  0.000e+00
     52.753     8.5256    33.5143    26.0284 1.4652e-01     0.1298      0.018    1483.49     51.546     4.8514  59.552305     3.3947     53.260  0.000e+00
     52.790     8.5257    33.5143    26.0284 1.4652e-01     0.1298      0.015    1483.49     51.545     4.8513  59.552306     3.3947     53.298  0.000e+00
     52.801     8.5252    33.5153    26.0292 1.4652e-01     0.1298      0.018    1483.49     51.550     4.8518  59.552306     3.3950     53.309  0.000e+00
     52.837     8.5249    33.5157    26.0296 1.4652e-01     0.1298      0.018    1483.49     51.553     4.8521  59.552307     3.3952     53.345  0.000e+00
     52.861     8.5249    33.5159    26.0298 1.4652e-01     0.1310      0.015    1483.49     51.617     4.8581  59.552307     3.3994     53.370  0.000e+00
     52.873     8.5246    33.5164    26.0302 1.4652e-01     0.1298      0.018    1483.49     51.563     4.8531  59.552308     3.3959     53.381  0.000e+00
     52.897     8.5248    33.5164    26.0301 1.4652e-01     0.1298      0.018    1483.49     51.563     4.8530  59.552308     3.3958     53.406  0.000e+00
     52.910     8.5245    33.5162    26.0300 1.4652e-01     0.1310      0.015    1483.49     51.561     4.8529  59.552309     3.3958     53.419  0.000e+00
     52.957     8.5248    33.5160    26.0299 1.4652e-01     0.1298      0.018    1483.49     51.620     4.8584  59.552309     3.3996     53.467  0.000e+00
     52.957     8.5244    33.5165    26.0303 1.4652e-01     0.1310      0.018    1483.49     51.561     4.8529  59.552310     3.3958     53.467  0.000e+00
     52.995     8.5248    33.5159    26.0297 1.4652e-01     0.1298      0.018    1483.49     51.617     4.8581  59.552310     3.3994     53.504  0.000e+00
     53.018     8.5248    33.5165    26.0302 1.4652e-01     0.1298      0.015    1483.49     51.617     4.8581  59.552310     3.3994     53.527  0.000e+00
     53.029     8.5246    33.5164    26.0302 1.4652e-01     0.1298      0.015    1483.49     51.623     4.8587  59.552311     3.3998     53.539  0.000e+00
     53.055     8.5245    33.5170    26.0307 1.4652e-01     0.1298      0.018    1483.49     51.621     4.8585  59.552311     3.3997     53.565  0.000e+00
     53.078     8.5244    33.5176    26.0311 1.4652e-01     0.1310      0.018    1483.49     51.624     4.8588  59.552312     3.3999     53.588  0.000e+00
     53.102     8.5239    33.5184    26.0319 1.4652e-01     0.1298      0.018    1483.49     51.627     4.8590  59.552312     3.4001     53.613  0.000e+00
     53.126     8.5239    33.5182    26.0317 1.4652e-01     0.1298      0.018    1483.49     51.628     4.8591  59.552313     3.4001     53.637  0.000e+00
     53.151     8.5236    33.5184    26.0319 1.4652e-01     0.1298      0.018    1483.49     51.627     4.8592  59.552313     3.4001     53.662  0.000e+00
     53.162     8.5236    33.5182    26.0317 1.4652e-01     0.1298      0.018    1483.49     51.626     4.8590  59.552314     3.4001     53.673  0.000e+00
     53.175     8.5237    33.5177    26.0314 1.4652e-01     0.1310      0.015    1483.49     51.623     4.8588  59.552314     3.3999     53.687  0.000e+00
     53.211     8.5236    33.5179    26.0316 1.4652e-01     0.1298      0.018    1483.49     51.620     4.8585  59.552315     3.3997     53.723  0.000e+00
     53.235     8.5233    33.5184    26.0320 1.4652e-01     0.1298      0.018    1483.49     51.622     4.8587  59.552315     3.3998     53.747  0.000e+00
     53.258     8.5236    33.5175    26.0312 1.4652e-01     0.1298      0.018    1483.49     51.617     4.8582  59.552316     3.3995     53.770  0.000e+00
     53.271     8.5236    33.5176    26.0313 1.4652e-01     0.1298      0.018    1483.49     51.671     4.8633  59.552316     3.4031     53.783  0.000e+00
     53.283     8.5235    33.5181    26.0317 1.4652e-01     0.1298      0.015    1483.49     51.616     4.8581  59.552317     3.3994     53.795  0.000e+00
     53.307     8.5234    33.5183    26.0318 1.4652e-01     0.1298      0.015    1483.49     51.614     4.8579  59.552317     3.3993     53.820  0.000e+00
     53.343     8.5231    33.5182    26.0318 1.4652e-01     0.1298      0.015    1483.49     51.673     4.8635  59.552318     3.4032     53.856  0.000e+00
     53.343     8.5231    33.5182    26.0318 1.4652e-01     0.1298      0.018    1483.49     51.668     4.8631  59.552318     3.4029     53.856  0.000e+00
     53.367     8.5230    33.5185    26.0321 1.4652e-01     0.1298      0.015    1483.49     51.670     4.8632  59.552319     3.4030     53.880  0.000e+00
     53.403     8.5230    33.5183    26.0320 1.4652e-01     0.1298      0.015    1483.49     51.670     4.8633  59.552319     3.4030     53.916  0.000e+00
     53.416     8.5230    33.5180    26.0317 1.4652e-01     0.1298      0.018    1483.49     51.670     4.8632  59.552320     3.4030     53.930  0.000e+00
     53.439     8.5228    33.5183    26.0320 1.4652e-01     0.1310      0.015    1483.49     51.668     4.8630  59.552320     3.4029     53.953  0.000e+00
     53.452     8.5225    33.5187    26.0323 1.4652e-01     0.1298      0.018    1483.49     51.665     4.8628  59.552321     3.4027     53.966  0.000e+00
     53.476     8.5226    33.5180    26.0318 1.4652e-01     0.1298      0.015    1483.49     51.660     4.8624  59.552321     3.4024     53.990  0.000e+00
     53.499     8.5228    33.5182    26.0319 1.4652e-01     0.1310      0.018    1483.49     51.655     4.8618  59.552322     3.4020     54.013  0.000e+00
     53.512     8.5228    33.5178    26.0316 1.4652e-01     0.1298      0.015    1483.49     51.648     4.8612  59.552322     3.4016     54.026  0.000e+00
     53.536     8.5228    33.5182    26.0318 1.4652e-01     0.1310      0.015    1483.49     51.640     4.8605  59.552323     3.4011     54.051  0.000e+00
     53.559     8.5226    33.5185    26.0322 1.4652e-01     0.1298      0.018    1483.49     51.700     4.8661  59.552323     3.4050     54.074  0.000e+00
     53.583     8.5228    33.5183    26.0319 1.4652e-01     0.1298      0.018    1483.49     51.705     4.8665  59.552323     3.4053     54.099  0.000e+00
     53.583     8.5223    33.5190    26.0326 1.4652e-01     0.1298      0.018    1483.49     51.646     4.8610  59.552324     3.4015     54.099  0.000e+00
     53.621     8.5225    33.5190    26.0325 1.4652e-01     0.1298      0.018    1483.49     51.703     4.8664  59.552324     3.4052     54.136  0.000e+00
     53.632     8.5225    33.5190    26.0325 1.4652e-01     0.1310      0.018    1483.49     51.704     4.8664  59.552325     3.4053     54.148  0.000e+00
     53.656     8.5226    33.5185    26.0322 1.4652e-01     0.1298      0.018    1483.49     51.704     4.8664  59.552325     3.4052     54.172  0.000e+00
     53.681     8.5229    33.5182    26.0319 1.4652e-01     0.1298      0.015    1483.50     51.702     4.8663  59.552326     3.4051     54.197  0.000e+00
     53.692     8.5225    33.5181    26.0318 1.4652e-01     0.1298      0.018    1483.49     51.638     4.8603  59.552326     3.4010     54.209  0.000e+00
     53.717     8.5223    33.5178    26.0317 1.4652e-01     0.1298      0.015    1483.49     51.689     4.8651  59.552327     3.4043     54.233  0.000e+00
     53.739     8.5225    33.5173    26.0313 1.4652e-01     0.1310      0.018    1483.49     51.685     4.8647  59.552327     3.4040     54.256  0.000e+00
     53.752     8.5223    33.5171    26.0311 1.4652e-01     0.1298      0.015    1483.49     51.617     4.8584  59.552328     3.3996     54.269  0.000e+00
     53.777     8.5225    33.5171    26.0311 1.4652e-01     0.1298      0.015    1483.49     51.665     4.8629  59.552328     3.4028     54.294  0.000e+00
     53.801     8.5226    33.5174    26.0312 1.4652e-01     0.1298      0.018    1483.50     51.665     4.8628  59.552329     3.4027     54.319  0.000e+00
     53.824     8.5225    33.5173    26.0312 1.4652e-01     0.1298      0.018    1483.50     51.664     4.8627  59.552329     3.4026     54.342  0.000e+00
     53.837     8.5225    33.5177    26.0315 1.4652e-01     0.1310      0.018    1483.50     51.661     4.8625  59.552330     3.4025     54.355  0.000e+00
     53.861     8.5223    33.5180    26.0318 1.4652e-01     0.1298      0.015    1483.50     51.658     4.8622  59.552330     3.4023     54.379  0.000e+00
     53.848     8.5220    33.5186    26.0323 1.4652e-01     0.1298      0.018    1483.50     51.661     4.8625  59.552331     3.4025     54.366  0.000e+00
     53.944     8.5219    33.5190    26.0326 1.4652e-01     0.1298      0.018    1483.50     51.657     4.8621  59.552331     3.4022     54.463  0.000e+00
     53.921     8.5213    33.5198    26.0334 1.4652e-01     0.1298      0.018    1483.50     51.652     4.8616  59.552332     3.4019     54.440  0.000e+00
     53.944     8.5209    33.5201    26.0336 1.4652e-01     0.1310      0.018    1483.49     51.645     4.8611  59.552332     3.4015     54.463  0.000e+00
     53.969     8.5204    33.5207    26.0342 1.4652e-01     0.1298      0.018    1483.49     51.646     4.8611  59.552333     3.4015     54.488  0.000e+00
     53.993     8.5198    33.5211    26.0346 1.4652e-01     0.1310      0.018    1483.49     51.638     4.8605  59.552333     3.4011     54.512  0.000e+00
     53.993     8.5191    33.5214    26.0350 1.4652e-01     0.1310      0.018    1483.49     51.636     4.8604  59.552334     3.4010     54.512  0.000e+00
     54.040     8.5185    33.5221    26.0356 1.4652e-01     0.1298      0.015    1483.49     51.635     4.8603  59.552334     3.4009     54.560  0.000e+00
     54.053     8.5186    33.5223    26.0357 1.3431e-01     0.1298      0.018    1483.49     51.632     4.8600  59.552335     3.4008     54.573  0.000e+00
     54.077     8.5186    33.5222    26.0356 1.4652e-01     0.1298      0.018    1483.49     51.629     4.8597  59.552335     3.4006     54.598  0.000e+00
     54.089     8.5185    33.5220    26.0355 1.4652e-01     0.1310      0.018    1483.49     51.625     4.8594  59.552336     3.4003     54.609  0.000e+00
     54.138     8.5180    33.5226    26.0360 1.4652e-01     0.1298      0.018    1483.49     51.621     4.8591  59.552336     3.4001     54.658  0.000e+00
     54.138     8.5178    33.5226    26.0361 1.4652e-01     0.1298      0.018    1483.49     51.616     4.8586  59.552337     3.3998     54.658  0.000e+00
     54.138     8.5183    33.5218    26.0354 1.4652e-01     0.1310      0.015    1483.49     51.611     4.8580  59.552337     3.3994     54.658  0.000e+00
     54.207     8.5188    33.5210    26.0347 1.4652e-01     0.1298      0.018    1483.49     51.666     4.8633  59.552337     3.4030     54.729  0.000e+00
     54.209     8.5186    33.5213    26.0349 1.4652e-01     0.1310      0.015    1483.49     51.666     4.8633  59.552338     3.4030     54.731  0.000e+00
     54.233     8.5185    33.5212    26.0349 1.4652e-01     0.1298      0.018    1483.49     51.666     4.8632  59.552338     3.4030     54.755  0.000e+00
     54.258     8.5181    33.5217    26.0353 1.4652e-01     0.1298      0.015    1483.49     51.664     4.8631  59.552339     3.4029     54.780  0.000e+00
     54.269     8.5178    33.5223    26.0359 1.4652e-01     0.1298      0.015    1483.49     51.662     4.8629  59.552339     3.4028     54.791  0.000e+00
     54.292     8.5172    33.5230    26.0365 1.4652e-01     0.1298      0.018    1483.49     51.666     4.8633  59.552340     3.4031     54.814  0.000e+00
     54.318     8.5164    33.5238    26.0372 1.4652e-01     0.1310      0.015    1483.49     51.662     4.8630  59.552340     3.4028     54.841  0.000e+00
     54.342     8.5162    33.5237    26.0372 1.4652e-01     0.1298      0.018    1483.49     51.657     4.8626  59.552341     3.4025     54.865  0.000e+00
     54.367     8.5163    33.5239    26.0374 1.4652e-01     0.1310      0.018    1483.49     51.659     4.8627  59.552341     3.4026     54.890  0.000e+00
     54.390     8.5172    33.5231    26.0365 1.4652e-01     0.1298      0.018    1483.49     51.660     4.8627  59.552342     3.4026     54.913  0.000e+00
     54.414     8.5183    33.5216    26.0353 1.4652e-01     0.1298      0.018    1483.49     51.660     4.8627  59.552342     3.4026     54.937  0.000e+00
     54.437     8.5186    33.5215    26.0351 1.4652e-01     0.1298      0.015    1483.50     51.660     4.8626  59.552343     3.4026     54.960  0.000e+00
     54.463     8.5183    33.5219    26.0354 1.4652e-01     0.1298      0.015    1483.50     51.659     4.8626  59.552343     3.4026     54.987  0.000e+00
     54.474     8.5177    33.5227    26.0362 1.4652e-01     0.1310      0.015    1483.49     51.658     4.8625  59.552344     3.4025     54.998  0.000e+00
     54.498     8.5167    33.5235    26.0370 1.4652e-01     0.1298      0.018    1483.49     51.656     4.8624  59.552344     3.4024     55.023  0.000e+00
     54.534     8.5162    33.5239    26.0373 1.4652e-01     0.1298      0.018    1483.49     51.653     4.8622  59.552345     3.4023     55.059  0.000e+00
