RAWDATA/20190228/Cq1_20190228_down_bin.cnv
* Sea-Bird SBE 9 Data File:
* FileName = C:\CTD Brukere\NIVA\IO2019\20190228\Cq1_20190228.hex
* Software Version Seasave V 7.23.2
* Temperature SN = 5352
* Conductivity SN = 3840
* Number of Bytes Per Scan = 28
* Number of Voltage Words = 4
* Number of Scans Averaged by the Deck Unit = 1
* NMEA baud rate = 4800
** Ship: R/V Trygve Braarud
** Cruise:
** Station:
** Operator:
# nquan = 14
# nvalues = 69                          
# units = specified
# name 0 = depSM: Depth [salt water, m], lat = 59.60
# name 1 = t090C: Temperature [ITS-90, deg C]
# name 2 = sal00: Salinity, Practical [PSU]
# name 3 = sigma-t00: Density [sigma-t, kg/m^3 ]
# name 4 = flSP: Fluorescence, Seapoint
# name 5 = wetStar: Fluorescence, WET Labs WETstar [mg/m^3]
# name 6 = seaTurbMtr: Turbidity, Seapoint [FTU]
# name 7 = svCM: Sound Velocity [Chen-Millero, m/s]
# name 8 = sbeox0PS: Oxygen, SBE 43 [% saturation]
# name 9 = sbeox0Mg/L: Oxygen, SBE 43 [mg/l]
# name 10 = timeJ: Julian Days
# name 11 = sbeox0ML/L: Oxygen, SBE 43 [ml/l]
# name 12 = prDM: Pressure, Digiquartz [db]
# name 13 = flag: flag
# span 0 =      0.000,     68.000       
# span 1 =     2.5456,     8.4186       
# span 2 =    26.1623,    33.3644       
# span 3 =    20.8669,    25.9273       
# span 4 = 1.4997e-01, 9.3356e-01       
# span 5 =     0.1274,     0.1400       
# span 6 =      0.015,      0.018       
# span 7 =    1448.95,    1483.14       
# span 8 =     41.568,     77.277       
# span 9 =     3.9811,     8.7275       
# span 10 =  59.417692,  59.419443      
# span 11 =     2.7858,     6.1070      
# span 12 =     -0.000,     68.656      
# span 13 = 0.0000e+00, 0.0000e+00      
# interval = meters: 1                  
# start_time = Feb 28 2019 10:01:05 [System UpLoad Time]
# bad_flag = -9.990e-29
*END*
      0.000     2.5456    26.1623    20.8669 9.3356e-01     0.1274      0.015    1448.95     76.570     8.7275  59.417692     6.1070     -0.000 0.0000e+00
      1.000     2.7406    26.7106    21.2920 6.7787e-01     0.1276      0.015    1450.54     76.698     8.6664  59.418005     6.0643      1.010 0.0000e+00
      2.000     2.8360    27.0536    21.5591 5.8732e-01     0.1275      0.015    1451.42     77.277     8.6904  59.418021     6.0810      2.019 0.0000e+00
      3.000     2.9044    27.4083    21.8372 5.2349e-01     0.1278      0.016    1452.19     77.207     8.6467  59.418043     6.0505      3.028 0.0000e+00
      4.000     2.9484    27.8805    22.2103 6.0623e-01     0.1279      0.015    1453.01     76.708     8.5538  59.418063     5.9855      4.038 0.0000e+00
      5.000     2.9707    28.1181    22.3981 6.0887e-01     0.1279      0.015    1453.43     76.246     8.4837  59.418085     5.9364      5.048 0.0000e+00
      6.000     2.9790    28.3811    22.6071 5.1468e-01     0.1278      0.016    1453.83     75.851     8.4230  59.418105     5.8939      6.057 0.0000e+00
      7.000     2.9681    28.5245    22.7222 5.3963e-01     0.1278      0.016    1453.98     75.690     8.3991  59.418125     5.8772      7.066 0.0000e+00
      8.000     2.9774    28.7191    22.8766 5.1431e-01     0.1279      0.016    1454.29     75.569     8.3727  59.418146     5.8587      8.076 0.0000e+00
      9.000     2.9858    28.8640    22.9915 5.3471e-01     0.1280      0.016    1454.53     75.133     8.3144  59.418166     5.8179      9.086 0.0000e+00
     10.000     3.0076    28.9891    23.0895 4.4937e-01     0.1286      0.016    1454.80     74.716     8.2567  59.418186     5.7776     10.095 0.0000e+00
     11.000     3.0870    29.1828    23.2378 4.6195e-01     0.1313      0.016    1455.42     74.359     8.1902  59.418206     5.7310     11.105 0.0000e+00
     12.000     3.1156    29.3457    23.3654 4.5213e-01     0.1337      0.017    1455.77     74.200     8.1578  59.418227     5.7083     12.114 0.0000e+00
     13.000     3.1411    29.4284    23.4293 4.1625e-01     0.1353      0.017    1456.00     73.847     8.1093  59.418247     5.6744     13.124 0.0000e+00
     14.000     3.1784    29.5349    23.5112 3.4960e-01     0.1369      0.016    1456.32     73.372     8.0437  59.418268     5.6285     14.133 0.0000e+00
     15.000     3.4075    29.9028    23.7854 3.0867e-01     0.1381      0.017    1457.79     73.022     7.9402  59.418288     5.5561     15.143 0.0000e+00
     16.000     3.8024    30.4607    24.1950 2.9723e-01     0.1392      0.017    1460.21     73.010     7.8323  59.418309     5.4806     16.152 0.0000e+00
     17.000     4.2667    31.0638    24.6305 2.8122e-01     0.1398      0.017    1462.96     72.886     7.6996  59.418330     5.3878     17.162 0.0000e+00
     18.000     4.6882    31.3982    24.8536 2.5901e-01     0.1400      0.017    1465.15     71.594     7.4695  59.418350     5.2267     18.172 0.0000e+00
     19.000     5.2523    31.7340    25.0586 2.1940e-01     0.1398      0.017    1467.91     69.589     7.1474  59.418370     5.0014     19.181 0.0000e+00
     20.000     5.9514    32.1042    25.2706 2.0821e-01     0.1397      0.017    1471.22     67.127     6.7644  59.418391     4.7333     20.191 0.0000e+00
     21.000     6.5657    32.3483    25.3868 1.8786e-01     0.1397      0.017    1473.98     64.795     6.4262  59.418412     4.4967     21.200 0.0000e+00
     22.000     7.1822    32.5410    25.4575 1.7282e-01     0.1395      0.017    1476.65     60.614     5.9191  59.418433     4.1418     22.210 0.0000e+00
     23.000     7.3340    32.6003    25.4835 1.7124e-01     0.1394      0.017    1477.33     55.977     5.4449  59.418453     3.8100     23.220 0.0000e+00
     24.000     7.5246    32.6922    25.5293 1.7205e-01     0.1390      0.017    1478.20     51.328     4.9681  59.418474     3.4764     24.229 0.0000e+00
     25.000     7.7201    32.8012    25.5876 1.7182e-01     0.1385      0.017    1479.10     48.315     4.6522  59.418495     3.2553     25.239 0.0000e+00
     26.000     7.7605    32.8289    25.6035 1.7210e-01     0.1379      0.017    1479.30     47.102     4.5304  59.418515     3.1701     26.248 0.0000e+00
     27.000     7.7879    32.8521    25.6178 1.7094e-01     0.1374      0.017    1479.45     45.571     4.3797  59.418536     3.0646     27.258 0.0000e+00
     28.000     7.7909    32.8698    25.6313 1.7263e-01     0.1369      0.017    1479.50     44.484     4.2744  59.418558     2.9910     28.268 0.0000e+00
     29.000     7.7570    32.8872    25.6498 1.7150e-01     0.1363      0.017    1479.41     44.103     4.2406  59.418578     2.9673     29.277 0.0000e+00
     30.000     7.6514    32.8954    25.6713 1.7175e-01     0.1354      0.017    1479.03     43.696     4.2113  59.418600     2.9468     30.287 0.0000e+00
     31.000     7.5714    32.9247    25.7056 1.7380e-01     0.1348      0.017    1478.78     43.223     4.1726  59.418621     2.9197     31.296 0.0000e+00
     32.000     7.5631    32.9443    25.7222 1.7180e-01     0.1344      0.017    1478.79     42.783     4.1303  59.418642     2.8901     32.306 0.0000e+00
     33.000     7.5739    32.9769    25.7463 1.7358e-01     0.1334      0.017    1478.89     42.569     4.1078  59.418664     2.8744     33.316 0.0000e+00
     34.000     7.5977    32.9985    25.7599 1.7180e-01     0.1325      0.017    1479.02     42.436     4.0921  59.418685     2.8634     34.325 0.0000e+00
     35.000     7.6340    33.0187    25.7706 1.7094e-01     0.1318      0.017    1479.20     42.269     4.0721  59.418706     2.8494     35.335 0.0000e+00
     36.000     7.6837    33.0399    25.7803 1.7011e-01     0.1314      0.017    1479.44     42.033     4.0443  59.418727     2.8300     36.345 0.0000e+00
     37.000     7.7046    33.0543    25.7886 1.7094e-01     0.1308      0.017    1479.55     41.952     4.0341  59.418748     2.8228     37.354 0.0000e+00
     38.000     7.7211    33.0642    25.7940 1.7151e-01     0.1304      0.017    1479.64     42.130     4.0496  59.418768     2.8336     38.364 0.0000e+00
     39.000     7.7438    33.0754    25.7995 1.7042e-01     0.1302      0.017    1479.76     42.067     4.0411  59.418790     2.8278     39.374 0.0000e+00
     40.000     7.7472    33.0806    25.8032 1.7064e-01     0.1301      0.017    1479.80     41.787     4.0137  59.418811     2.8086     40.383 0.0000e+00
     41.000     7.7982    33.1036    25.8139 1.6809e-01     0.1299      0.017    1480.04     41.706     4.0007  59.418832     2.7995     41.393 0.0000e+00
     42.000     7.8384    33.1185    25.8198 1.6678e-01     0.1299      0.017    1480.22     41.621     3.9885  59.418852     2.7909     42.403 0.0000e+00
     43.000     7.8608    33.1308    25.8262 1.6737e-01     0.1299      0.017    1480.34     41.568     3.9811  59.418873     2.7858     43.412 0.0000e+00
     44.000     7.8910    33.1458    25.8337 1.6274e-01     0.1299      0.018    1480.49     41.693     3.9900  59.418893     2.7920     44.422 0.0000e+00
     45.000     7.9334    33.1625    25.8407 1.6115e-01     0.1298      0.017    1480.69     41.732     3.9895  59.418915     2.7916     45.432 0.0000e+00
     46.000     7.9552    33.1722    25.8451 1.5934e-01     0.1297      0.017    1480.80     41.885     4.0019  59.418935     2.8003     46.442 0.0000e+00
     47.000     8.0279    33.2031    25.8587 1.5901e-01     0.1298      0.017    1481.13     41.991     4.0046  59.418956     2.8022     47.451 0.0000e+00
     48.000     8.0960    33.2305    25.8702 1.5873e-01     0.1298      0.017    1481.44     42.153     4.0131  59.418977     2.8082     48.461 0.0000e+00
     49.000     8.1465    33.2507    25.8786 1.5873e-01     0.1297      0.017    1481.67     42.515     4.0425  59.418998     2.8287     49.471 0.0000e+00
     50.000     8.1684    33.2607    25.8832 1.5846e-01     0.1298      0.017    1481.78     43.022     4.0884  59.419018     2.8608     50.480 0.0000e+00
     51.000     8.2210    33.2826    25.8926 1.5539e-01     0.1298      0.017    1482.03     43.620     4.1398  59.419040     2.8968     51.490 0.0000e+00
     52.000     8.2832    33.3069    25.9023 1.5380e-01     0.1298      0.017    1482.31     44.082     4.1771  59.419061     2.9229     52.500 0.0000e+00
     53.000     8.3022    33.3133    25.9046 1.5362e-01     0.1299      0.017    1482.40     44.449     4.2099  59.419081     2.9458     53.510 0.0000e+00
     54.000     8.3166    33.3191    25.9069 1.5317e-01     0.1298      0.017    1482.48     44.920     4.2530  59.419103     2.9760     54.519 0.0000e+00
     55.000     8.3297    33.3257    25.9101 1.4997e-01     0.1298      0.017    1482.55     45.011     4.2602  59.419123     2.9810     55.529 0.0000e+00
     56.000     8.3444    33.3305    25.9117 1.5289e-01     0.1298      0.017    1482.63     45.156     4.2724  59.419144     2.9896     56.539 0.0000e+00
     57.000     8.3540    33.3353    25.9140 1.5175e-01     0.1299      0.017    1482.69     45.349     4.2896  59.419166     3.0016     57.549 0.0000e+00
     58.000     8.3673    33.3409    25.9165 1.5117e-01     0.1299      0.017    1482.77     45.505     4.3029  59.419186     3.0109     58.558 0.0000e+00
     59.000     8.3798    33.3464    25.9188 1.5263e-01     0.1299      0.017    1482.84     45.625     4.3129  59.419206     3.0179     59.568 0.0000e+00
     60.000     8.3953    33.3526    25.9214 1.5591e-01     0.1299      0.017    1482.92     45.747     4.3227  59.419228     3.0248     60.578 0.0000e+00
     61.000     8.4001    33.3541    25.9218 1.5525e-01     0.1300      0.017    1482.95     45.866     4.3335  59.419248     3.0323     61.588 0.0000e+00
     62.000     8.4028    33.3559    25.9228 1.5793e-01     0.1299      0.017    1482.98     45.763     4.3234  59.419269     3.0252     62.598 0.0000e+00
     63.000     8.4100    33.3590    25.9242 1.5756e-01     0.1300      0.017    1483.03     45.676     4.3144  59.419291     3.0190     63.607 0.0000e+00
     64.000     8.4126    33.3605    25.9250 1.5873e-01     0.1300      0.018    1483.06     45.643     4.3110  59.419311     3.0166     64.617 0.0000e+00
     65.000     8.4163    33.3628    25.9262 1.5073e-01     0.1301      0.017    1483.09     45.447     4.2921  59.419332     3.0033     65.627 0.0000e+00
     66.000     8.4172    33.3636    25.9267 1.5276e-01     0.1301      0.017    1483.11     45.286     4.2767  59.419353     2.9926     66.637 0.0000e+00
     67.000     8.4186    33.3644    25.9271 1.5416e-01     0.1300      0.017    1483.14     45.073     4.2565  59.419374     2.9784     67.647 0.0000e+00
     68.000     8.4164    33.3642    25.9273 1.5726e-01     0.1301      0.017    1483.14     44.816     4.2324  59.419443     2.9616     68.656 0.0000e+00
