RAWDATA/20190228/Dk1_20190228_down.cnv
* Sea-Bird SBE 9 Data File:
* FileName = C:\CTD Brukere\NIVA\IO2019\20190228\Dk1_20190228.hex
* Software Version Seasave V 7.23.2
* Temperature SN = 5352
* Conductivity SN = 3840
* Number of Bytes Per Scan = 28
* Number of Voltage Words = 4
* Number of Scans Averaged by the Deck Unit = 1
* NMEA baud rate = 4800
** Ship: R/V Trygve Braarud
** Cruise:
** Station:
** Operator:
# nquan = 14
# nvalues = 4971                                  
# units = specified
# name 0 = depSM: Depth [salt water, m], lat = 59.60
# name 1 = t090C: Temperature [ITS-90, deg C]
# name 2 = sal00: Salinity, Practical [PSU]
# name 3 = sigma-t00: Density [sigma-t, kg/m^3 ]
# name 4 = flSP: Fluorescence, Seapoint
# name 5 = wetStar: Fluorescence, WET Labs WETstar [mg/m^3]
# name 6 = seaTurbMtr: Turbidity, Seapoint [FTU]
# name 7 = svCM: Sound Velocity [Chen-Millero, m/s]
# name 8 = sbeox0PS: Oxygen, SBE 43 [% saturation]
# name 9 = sbeox0Mg/L: Oxygen, SBE 43 [mg/l]
# name 10 = timeJ: Julian Days
# name 11 = sbeox0ML/L: Oxygen, SBE 43 [ml/l]
# name 12 = prDM: Pressure, Digiquartz [db]
# name 13 = flag:  0.000e+00
# span 0 =     -0.165,     95.210                 
# span 1 =     3.1130,     8.1293                 
# span 2 =    26.9384,    33.8645                 
# span 3 =    21.4455,    26.3633                 
# span 4 = 0.0000e+00, 4.0659e+00                 
# span 5 =     0.1261,     0.1310                 
# span 6 =      0.007,      0.018                 
# span 7 =    1452.60,    1483.13                 
# span 8 =     51.314,     75.801                 
# span 9 =     4.9662,     8.4471                 
# span 10 =  59.605648,  59.608045                
# span 11 =     3.4751,     5.9107                
# span 12 =     -0.166,     96.135                
# span 13 = 0.0000e+00, 0.0000e+00                
# interval = seconds: 0.0416667
# start_time = Feb 28 2019 14:32:08 [System UpLoad Time]
# bad_flag = -9.990e-29
*END*
[from data line 2375]
     49.524     7.9092    33.5048    26.1129 1.4652e-01     0.1298      0.015    1481.10     55.079     5.2566  59.606793     3.6782     49.999  0.000e+00
     49.546     7.9093    33.5055    26.1134 1.4652e-01     0.1298      0.018    1481.10     55.078     5.2564  59.606794     3.6781     50.022  0.000e+00
     49.572     7.9093    33.5055    26.1135 1.4652e-01     0.1298      0.015    1481.10     55.137     5.2620  59.606794     3.6820     50.049  0.000e+00
     49.595     7.9092    33.5055    26.1135 1.4652e-01     0.1298      0.018    1481.10     55.138     5.2621  59.606795     3.6821     50.072  0.000e+00
     49.620     7.9085    33.5062    26.1141 1.4652e-01     0.1298      0.015    1481.10     55.136     5.2620  59.606795     3.6820     50.096  0.000e+00
     49.654     7.9081    33.5076    26.1153 1.4652e-01     0.1298      0.018    1481.10     55.139     5.2623  59.606796     3.6823     50.131  0.000e+00
     49.655     7.9077    33.5091    26.1165 1.4652e-01     0.1298      0.018    1481.10     55.194     5.2676  59.606796     3.6859     50.132  0.000e+00
     49.704     7.9074    33.5105    26.1177 1.4652e-01     0.1298      0.018    1481.10     55.200     5.2680  59.606797     3.6863     50.182  0.000e+00
     49.714     7.9066    33.5134    26.1200 1.4652e-01     0.1298      0.018    1481.10     55.202     5.2683  59.606797     3.6864     50.191  0.000e+00
     49.728     7.9057    33.5180    26.1238 1.4652e-01     0.1298      0.015    1481.10     55.201     5.2682  59.606798     3.6864     50.206  0.000e+00
     49.764     7.9039    33.5254    26.1299 1.4652e-01     0.1298      0.018    1481.11     55.198     5.2678  59.606798     3.6861     50.242  0.000e+00
     49.776     7.9036    33.5311    26.1344 1.4652e-01     0.1310      0.018    1481.11     55.254     5.2730  59.606799     3.6897     50.254  0.000e+00
     49.798     7.9039    33.5336    26.1363 1.4652e-01     0.1298      0.015    1481.12     55.253     5.2727  59.606799     3.6895     50.277  0.000e+00
     49.824     7.9045    33.5327    26.1355 1.4652e-01     0.1298      0.018    1481.12     55.248     5.2722  59.606800     3.6892     50.303  0.000e+00
     49.860     7.9052    33.5296    26.1330 1.4652e-01     0.1298      0.018    1481.12     55.248     5.2723  59.606800     3.6892     50.339  0.000e+00
     49.873     7.9063    33.5270    26.1308 1.4652e-01     0.1298      0.018    1481.12     55.245     5.2719  59.606801     3.6890     50.352  0.000e+00
     49.894     7.9076    33.5245    26.1286 1.4652e-01     0.1298      0.018    1481.12     55.239     5.2713  59.606801     3.6886     50.374  0.000e+00
     49.909     7.9087    33.5225    26.1269 1.4652e-01     0.1298      0.015    1481.12     55.238     5.2712  59.606802     3.6885     50.388  0.000e+00
     49.933     7.9095    33.5225    26.1268 1.4652e-01     0.1298      0.018    1481.13     55.297     5.2767  59.606802     3.6923     50.413  0.000e+00
     49.969     7.9100    33.5257    26.1292 1.4652e-01     0.1298      0.018    1481.13     55.298     5.2766  59.606803     3.6923     50.449  0.000e+00
     49.992     7.9098    33.5282    26.1312 1.4652e-01     0.1298      0.018    1481.14     55.297     5.2764  59.606803     3.6921     50.472  0.000e+00
     50.005     7.9098    33.5294    26.1321 1.4652e-01     0.1298      0.018    1481.14     55.293     5.2760  59.606804     3.6918     50.485  0.000e+00
     50.040     7.9090    33.5329    26.1350 1.4652e-01     0.1298      0.015    1481.14     55.286     5.2753  59.606804     3.6914     50.521  0.000e+00
     50.040     7.9079    33.5368    26.1382 1.4652e-01     0.1298      0.015    1481.14     55.284     5.2751  59.606805     3.6912     50.521  0.000e+00
     50.075     7.9071    33.5398    26.1407 1.4652e-01     0.1298      0.018    1481.14     55.342     5.2806  59.606805     3.6951     50.556  0.000e+00
     50.101     7.9066    33.5433    26.1435 1.4652e-01     0.1298      0.018    1481.15     55.342     5.2806  59.606806     3.6950     50.582  0.000e+00
     50.114     7.9058    33.5461    26.1458 1.4652e-01     0.1298      0.018    1481.15     55.339     5.2803  59.606806     3.6949     50.595  0.000e+00
     50.136     7.9057    33.5469    26.1465 1.4652e-01     0.1298      0.015    1481.15     55.342     5.2805  59.606807     3.6950     50.618  0.000e+00
     50.172     7.9057    33.5462    26.1460 1.4652e-01     0.1310      0.018    1481.15     55.341     5.2806  59.606807     3.6950     50.654  0.000e+00
     50.185     7.9054    33.5455    26.1454 1.4652e-01     0.1298      0.018    1481.14     55.401     5.2863  59.606807     3.6990     50.667  0.000e+00
     50.221     7.9057    33.5437    26.1440 1.4652e-01     0.1298      0.018    1481.14     55.403     5.2865  59.606808     3.6992     50.703  0.000e+00
     50.234     7.9057    33.5435    26.1438 1.4652e-01     0.1298      0.015    1481.14     55.402     5.2864  59.606808     3.6991     50.717  0.000e+00
     50.268     7.9061    33.5436    26.1438 1.4652e-01     0.1298      0.015    1481.15     55.398     5.2860  59.606809     3.6989     50.751  0.000e+00
     50.281     7.9065    33.5448    26.1447 1.4652e-01     0.1310      0.015    1481.15     55.400     5.2861  59.606809     3.6989     50.764  0.000e+00
     50.305     7.9065    33.5456    26.1454 1.4652e-01     0.1298      0.015    1481.15     55.399     5.2860  59.606810     3.6988     50.789  0.000e+00
     50.330     7.9061    33.5464    26.1460 1.4652e-01     0.1298      0.015    1481.15     55.457     5.2915  59.606810     3.7027     50.813  0.000e+00
     50.341     7.9057    33.5469    26.1465 1.4652e-01     0.1298      0.018    1481.15     55.520     5.2976  59.606811     3.7069     50.825  0.000e+00
     50.388     7.9049    33.5478    26.1474 1.4652e-01     0.1298      0.015    1481.15     55.525     5.2982  59.606811     3.7073     50.872  0.000e+00
     50.390     7.9047    33.5495    26.1487 1.4652e-01     0.1298      0.015    1481.15     55.528     5.2983  59.606812     3.7075     50.874  0.000e+00
     50.426     7.9039    33.5509    26.1499 1.4652e-01     0.1298      0.018    1481.15     55.527     5.2983  59.606812     3.7075     50.910  0.000e+00
     50.450     7.9034    33.5501    26.1494 1.4652e-01     0.1298      0.018    1481.15     55.538     5.2995  59.606813     3.7083     50.935  0.000e+00
     50.461     7.9028    33.5501    26.1494 1.4652e-01     0.1298      0.018    1481.15     55.540     5.2997  59.606813     3.7084     50.946  0.000e+00
     50.508     7.9023    33.5504    26.1498 1.4652e-01     0.1298      0.015    1481.14     55.600     5.3055  59.606814     3.7125     50.994  0.000e+00
     50.521     7.9020    33.5506    26.1500 1.4652e-01     0.1310      0.018    1481.14     55.541     5.2999  59.606814     3.7086     51.007  0.000e+00
     50.534     7.9013    33.5511    26.1504 1.4652e-01     0.1298      0.018    1481.14     55.534     5.2993  59.606815     3.7082     51.020  0.000e+00
     50.582     7.9012    33.5516    26.1509 1.4652e-01     0.1298      0.018    1481.14     55.594     5.3050  59.606815     3.7121     51.068  0.000e+00
     50.595     7.9007    33.5523    26.1515 1.4652e-01     0.1298      0.018    1481.14     55.596     5.3053  59.606816     3.7123     51.081  0.000e+00
     50.604     7.9000    33.5529    26.1521 1.4652e-01     0.1298      0.015    1481.14     55.658     5.3112  59.606816     3.7165     51.091  0.000e+00
     50.655     7.8992    33.5549    26.1537 1.4652e-01     0.1298      0.015    1481.14     55.600     5.3057  59.606817     3.7126     51.142  0.000e+00
     50.666     7.8996    33.5558    26.1544 1.4652e-01     0.1298      0.015    1481.14     55.655     5.3109  59.606817     3.7163     51.153  0.000e+00
     50.702     7.8996    33.5559    26.1545 1.4652e-01     0.1310      0.015    1481.14     55.654     5.3107  59.606818     3.7161     51.189  0.000e+00
     50.702     7.8996    33.5554    26.1540 1.4652e-01     0.1298      0.018    1481.14     55.656     5.3110  59.606818     3.7163     51.189  0.000e+00
     50.738     7.8994    33.5565    26.1549 1.4652e-01     0.1298      0.015    1481.14     55.718     5.3169  59.606819     3.7204     51.225  0.000e+00
     50.775     7.8999    33.5576    26.1557 1.4652e-01     0.1310      0.018    1481.15     55.722     5.3172  59.606819     3.7206     51.263  0.000e+00
     50.786     7.8997    33.5596    26.1574 1.4652e-01     0.1298      0.015    1481.15     55.661     5.3113  59.606820     3.7165     51.275  0.000e+00
     50.811     7.8997    33.5607    26.1582 1.4652e-01     0.1298      0.015    1481.15     55.722     5.3170  59.606820     3.7206     51.299  0.000e+00
     50.835     7.9002    33.5590    26.1568 1.4652e-01     0.1298      0.018    1481.15     55.725     5.3173  59.606821     3.7208     51.324  0.000e+00
     50.871     7.9002    33.5568    26.1551 1.4652e-01     0.1298      0.018    1481.15     55.725     5.3175  59.606821     3.7209     51.360  0.000e+00
     50.882     7.8996    33.5546    26.1535 1.4652e-01     0.1298      0.018    1481.15     55.723     5.3174  59.606821     3.7208     51.371  0.000e+00
     50.907     7.8989    33.5540    26.1530 1.4652e-01     0.1298      0.018    1481.14     55.780     5.3229  59.606822     3.7247     51.396  0.000e+00
     50.931     7.8989    33.5536    26.1527 1.4652e-01     0.1298      0.015    1481.14     55.787     5.3236  59.606822     3.7251     51.421  0.000e+00
     50.955     7.8984    33.5542    26.1533 1.4652e-01     0.1298      0.018    1481.14     55.791     5.3240  59.606823     3.7255     51.445  0.000e+00
     50.978     7.8978    33.5553    26.1543 1.4652e-01     0.1298      0.018    1481.14     55.792     5.3242  59.606823     3.7256     51.468  0.000e+00
     50.991     7.8976    33.5575    26.1560 1.4652e-01     0.1298      0.018    1481.14     55.791     5.3240  59.606824     3.7254     51.481  0.000e+00
     51.027     7.9000    33.5600    26.1576 1.4652e-01     0.1298      0.018    1481.16     55.787     5.3233  59.606824     3.7249     51.517  0.000e+00
     51.038     7.9031    33.5595    26.1567 1.4652e-01     0.1298      0.018    1481.17     55.841     5.3281  59.606825     3.7283     51.529  0.000e+00
     51.076     7.9039    33.5580    26.1555 1.4652e-01     0.1298      0.018    1481.17     55.839     5.3278  59.606825     3.7281     51.567  0.000e+00
     51.087     7.9061    33.5578    26.1550 1.4652e-01     0.1298      0.018    1481.18     55.841     5.3277  59.606826     3.7280     51.578  0.000e+00
     51.123     7.9069    33.5623    26.1584 1.4652e-01     0.1298      0.018    1481.19     55.840     5.3274  59.606826     3.7278     51.614  0.000e+00
     51.123     7.9074    33.5598    26.1564 1.4652e-01     0.1298      0.018    1481.19     55.836     5.3271  59.606827     3.7276     51.614  0.000e+00
     51.172     7.9057    33.5545    26.1524 1.4652e-01     0.1298      0.015    1481.17     55.892     5.3328  59.606827     3.7316     51.663  0.000e+00
     51.196     7.9031    33.5525    26.1513 1.4652e-01     0.1298      0.018    1481.16     55.829     5.3271  59.606828     3.7276     51.688  0.000e+00
     51.194     7.9007    33.5538    26.1526 1.4652e-01     0.1298      0.015    1481.15     55.878     5.3321  59.606828     3.7311     51.686  0.000e+00
     51.219     7.8998    33.5548    26.1536 1.4652e-01     0.1298      0.018    1481.15     55.878     5.3322  59.606829     3.7312     51.711  0.000e+00
     51.256     7.8991    33.5570    26.1554 1.4652e-01     0.1298      0.018    1481.15     55.876     5.3320  59.606829     3.7310     51.749  0.000e+00
     51.279     7.8988    33.5591    26.1571 1.4652e-01     0.1298      0.018    1481.15     55.870     5.3314  59.606830     3.7306     51.772  0.000e+00
     51.292     7.8991    33.5602    26.1579 1.4652e-01     0.1298      0.018    1481.16     55.924     5.3364  59.606830     3.7341     51.785  0.000e+00
     51.316     7.8991    33.5620    26.1593 1.4652e-01     0.1298      0.018    1481.16     55.858     5.3301  59.606831     3.7297     51.809  0.000e+00
     51.328     7.8999    33.5636    26.1605 1.4652e-01     0.1298      0.015    1481.17     55.913     5.3352  59.606831     3.7332     51.821  0.000e+00
     51.352     7.8999    33.5659    26.1623 1.4652e-01     0.1298      0.015    1481.17     55.911     5.3349  59.606832     3.7331     51.846  0.000e+00
     51.363     7.8999    33.5672    26.1633 1.4652e-01     0.1298      0.015    1481.17     55.906     5.3344  59.606832     3.7327     51.857  0.000e+00
     51.399     7.8999    33.5685    26.1643 1.4652e-01     0.1298      0.018    1481.17     55.899     5.3337  59.606833     3.7322     51.893  0.000e+00
     51.423     7.9007    33.5686    26.1642 1.4652e-01     0.1298      0.018    1481.18     55.950     5.3385  59.606833     3.7356     51.918  0.000e+00
     51.436     7.9012    33.5694    26.1648 1.4652e-01     0.1298      0.015    1481.18     55.944     5.3378  59.606834     3.7351     51.931  0.000e+00
     51.459     7.9020    33.5707    26.1657 1.4652e-01     0.1298      0.018    1481.18     55.943     5.3376  59.606834     3.7349     51.954  0.000e+00
     51.484     7.9025    33.5719    26.1666 1.4652e-01     0.1298      0.018    1481.19     55.946     5.3378  59.606834     3.7351     51.979  0.000e+00
     51.508     7.9026    33.5731    26.1675 1.4652e-01     0.1298      0.015    1481.19     55.948     5.3378  59.606835     3.7351     52.003  0.000e+00
     51.532     7.9036    33.5747    26.1686 1.4652e-01     0.1298      0.015    1481.20     56.008     5.3434  59.606835     3.7390     52.028  0.000e+00
     51.544     7.9047    33.5749    26.1686 1.4652e-01     0.1298      0.015    1481.20     55.949     5.3377  59.606836     3.7350     52.039  0.000e+00
     51.557     7.9052    33.5757    26.1692 1.4652e-01     0.1298      0.015    1481.20     55.943     5.3370  59.606836     3.7345     52.052  0.000e+00
     51.593     7.9057    33.5762    26.1695 1.4652e-01     0.1298      0.015    1481.21     55.995     5.3419  59.606837     3.7380     52.088  0.000e+00
     51.604     7.9057    33.5768    26.1700 1.4652e-01     0.1298      0.018    1481.21     55.999     5.3422  59.606837     3.7382     52.100  0.000e+00
     51.628     7.9057    33.5776    26.1706 1.4652e-01     0.1298      0.018    1481.21     56.054     5.3474  59.606838     3.7418     52.125  0.000e+00
     51.653     7.9057    33.5801    26.1726 1.4652e-01     0.1298      0.015    1481.21     56.051     5.3471  59.606838     3.7416     52.149  0.000e+00
     51.677     7.9063    33.5845    26.1759 1.4652e-01     0.1298      0.015    1481.22     56.053     5.3471  59.606839     3.7416     52.174  0.000e+00
     51.688     7.9089    33.5877    26.1781 1.4652e-01     0.1298      0.018    1481.24     56.052     5.3465  59.606839     3.7412     52.185  0.000e+00
     51.713     7.9114    33.5886    26.1784 1.4652e-01     0.1298      0.018    1481.25     56.056     5.3466  59.606840     3.7412     52.210  0.000e+00
     51.749     7.9127    33.5924    26.1812 1.4652e-01     0.1298      0.018    1481.26     56.112     5.3516  59.606840     3.7447     52.246  0.000e+00
     51.760     7.9170    33.5958    26.1832 1.4652e-01     0.1298      0.018    1481.28     56.117     5.3515  59.606841     3.7446     52.258  0.000e+00
     51.784     7.9201    33.5959    26.1829 1.4652e-01     0.1298      0.018    1481.29     56.120     5.3514  59.606841     3.7446     52.282  0.000e+00
     51.797     7.9218    33.5926    26.1800 1.4652e-01     0.1298      0.018    1481.29     56.182     5.3572  59.606842     3.7487     52.295  0.000e+00
     51.820     7.9203    33.5893    26.1776 1.4652e-01     0.1298      0.018    1481.28     56.195     5.3587  59.606842     3.7497     52.318  0.000e+00
