RAWDATA/20190228/Dk1_20190228_down.cnv
* Sea-Bird SBE 9 Data File:
* FileName = C:\CTD Brukere\NIVA\IO2019\20190228\Dk1_20190228.hex
* Software Version Seasave V 7.23.2
* Temperature SN = 5352
* Conductivity SN = 3840
* Number of Bytes Per Scan = 28
* Number of Voltage Words = 4
* Number of Scans Averaged by the Deck Unit = 1
* NMEA baud rate = 4800
** Ship: R/V Trygve Braarud
** Cruise:
** Station:
** Operator:
# nquan = 14
# nvalues = 4971                                  
# units = specified
# name 0 = depSM: Depth [salt water, m], lat = 59.60
# name 1 = t090C: Temperature [ITS-90, deg C]
# name 2 = sal00: Salinity, Practical [PSU]
# name 3 = sigma-t00: Density [sigma-t, kg/m^3 ]
# name 4 = flSP: Fluorescence, Seapoint
# name 5 = wetStar: Fluorescence, WET Labs WETstar [mg/m^3]
# name 6 = seaTurbMtr: Turbidity, Seapoint [FTU]
# name 7 = svCM: Sound Velocity [Chen-Millero, m/s]
# name 8 = sbeox0PS: Oxygen, SBE 43 [% saturation]
# name 9 = sbeox0Mg/L: Oxygen, SBE 43 [mg/l]
# name 10 = timeJ: Julian Days
# name 11 = sbeox0ML/L: Oxygen, SBE 43 [ml/l]
# name 12 = prDM: Pressure, Digiquartz [db]
# name 13 = flag:  0.000e+00
# span 0 =     -0.165,     95.210                 
# span 1 =     3.1130,     8.1293                 
# span 2 =    26.9384,    33.8645                 
# span 3 =    21.4455,    26.3633                 
# span 4 = 0.0000e+00, 4.0659e+00                 
# span 5 =     0.1261,     0.1310                 
# span 6 =      0.007,      0.018                 
# span 7 =    1452.60,    1483.13                 
# span 8 =     51.314,     75.801                 
# span 9 =     4.9662,     8.4471                 
# span 10 =  59.605648,  59.608045                
# span 11 =     3.4751,     5.9107                
# span 12 =     -0.166,     96.135                
# span 13 = 0.0000e+00, 0.0000e+00                
# interval = seconds: 0.0416667
# start_time = Feb 28 2019 14:32:08 [System UpLoad Time]
# bad_flag = -9.990e-29
*END*
[from data line 4749]
     95.161     8.1269    33.8640    26.3628 1.3431e-01     0.1298      0.018    1483.12     58.777     5.5689  59.607938     3.8968     96.086  0.000e+00
     95.174     8.1269    33.8637    26.3626 1.3431e-01     0.1310      0.018    1483.12     58.831     5.5741  59.607939     3.9004     96.099  0.000e+00
     95.154     8.1270    33.8639    26.3628 1.4652e-01     0.1310      0.015    1483.12     58.830     5.5739  59.607939     3.9003     96.079  0.000e+00
     95.161     8.1269    33.8640    26.3628 1.4652e-01     0.1310      0.015    1483.12     58.828     5.5738  59.607940     3.9002     96.086  0.000e+00
     95.161     8.1270    33.8638    26.3627 1.4652e-01     0.1298      0.018    1483.12     58.834     5.5743  59.607940     3.9006     96.086  0.000e+00
     95.161     8.1269    33.8639    26.3628 1.3431e-01     0.1310      0.015    1483.12     58.832     5.5742  59.607941     3.9005     96.086  0.000e+00
     95.154     8.1271    33.8635    26.3624 1.4652e-01     0.1298      0.018    1483.12     58.830     5.5739  59.607941     3.9003     96.079  0.000e+00
     95.161     8.1267    33.8637    26.3627 1.3431e-01     0.1310      0.018    1483.12     58.827     5.5738  59.607942     3.9002     96.086  0.000e+00
     95.149     8.1267    33.8639    26.3628 1.3431e-01     0.1298      0.018    1483.12     58.825     5.5735  59.607942     3.9000     96.074  0.000e+00
     95.161     8.1269    33.8637    26.3626 1.3431e-01     0.1298      0.018    1483.12     58.760     5.5673  59.607943     3.8957     96.086  0.000e+00
     95.143     8.1267    33.8640    26.3628 1.3431e-01     0.1310      0.015    1483.12     58.811     5.5722  59.607943     3.8991     96.068  0.000e+00
     95.161     8.1269    33.8641    26.3629 1.3431e-01     0.1298      0.018    1483.12     58.808     5.5719  59.607944     3.8989     96.086  0.000e+00
     95.161     8.1269    33.8640    26.3628 1.4652e-01     0.1310      0.015    1483.12     58.812     5.5723  59.607944     3.8991     96.086  0.000e+00
     95.143     8.1269    33.8641    26.3630 1.3431e-01     0.1310      0.015    1483.12     58.816     5.5726  59.607945     3.8994     96.068  0.000e+00
     95.149     8.1270    33.8639    26.3627 1.4652e-01     0.1298      0.015    1483.12     58.820     5.5730  59.607945     3.8996     96.074  0.000e+00
     95.149     8.1267    33.8641    26.3629 1.4652e-01     0.1298      0.015    1483.12     58.824     5.5734  59.607946     3.8999     96.074  0.000e+00
     95.149     8.1269    33.8639    26.3628 1.3431e-01     0.1298      0.018    1483.12     58.828     5.5737  59.607946     3.9002     96.074  0.000e+00
     95.143     8.1269    33.8639    26.3628 1.3431e-01     0.1298      0.018    1483.12     58.824     5.5734  59.607947     3.8999     96.068  0.000e+00
     95.149     8.1270    33.8638    26.3627 1.3431e-01     0.1298      0.018    1483.12     58.820     5.5730  59.607947     3.8997     96.074  0.000e+00
     95.149     8.1269    33.8641    26.3629 1.4652e-01     0.1298      0.018    1483.12     58.823     5.5733  59.607948     3.8999     96.074  0.000e+00
     95.149     8.1270    33.8639    26.3627 1.3431e-01     0.1310      0.018    1483.12     58.819     5.5729  59.607948     3.8996     96.074  0.000e+00
     95.143     8.1269    33.8639    26.3628 1.3431e-01     0.1298      0.018    1483.12     58.815     5.5725  59.607948     3.8993     96.068  0.000e+00
     95.149     8.1272    33.8641    26.3628 1.3431e-01     0.1298      0.018    1483.12     58.817     5.5727  59.607949     3.8995     96.074  0.000e+00
     95.136     8.1270    33.8642    26.3630 1.3431e-01     0.1298      0.015    1483.12     58.820     5.5730  59.607949     3.8997     96.061  0.000e+00
     95.149     8.1270    33.8641    26.3629 1.4652e-01     0.1298      0.018    1483.12     58.815     5.5725  59.607950     3.8993     96.074  0.000e+00
     95.143     8.1272    33.8637    26.3625 1.3431e-01     0.1310      0.018    1483.12     58.818     5.5728  59.607950     3.8995     96.068  0.000e+00
     95.136     8.1272    33.8638    26.3626 1.3431e-01     0.1298      0.018    1483.12     58.812     5.5723  59.607951     3.8991     96.061  0.000e+00
     95.149     8.1270    33.8641    26.3629 1.3431e-01     0.1310      0.018    1483.12     58.815     5.5725  59.607951     3.8993     96.074  0.000e+00
     95.136     8.1274    33.8635    26.3624 1.3431e-01     0.1310      0.018    1483.12     58.817     5.5727  59.607952     3.8994     96.061  0.000e+00
     95.143     8.1271    33.8637    26.3626 1.4652e-01     0.1298      0.018    1483.12     58.819     5.5729  59.607952     3.8996     96.068  0.000e+00
     95.149     8.1270    33.8638    26.3627 1.3431e-01     0.1298      0.018    1483.12     58.821     5.5731  59.607953     3.8997     96.074  0.000e+00
     95.136     8.1272    33.8638    26.3626 1.4652e-01     0.1298      0.018    1483.12     58.815     5.5725  59.607953     3.8993     96.061  0.000e+00
     95.143     8.1269    33.8640    26.3628 1.3431e-01     0.1298      0.015    1483.12     58.817     5.5728  59.607954     3.8995     96.068  0.000e+00
     95.149     8.1272    33.8638    26.3626 1.3431e-01     0.1298      0.015    1483.12     58.819     5.5729  59.607954     3.8996     96.074  0.000e+00
     95.136     8.1269    33.8640    26.3629 1.4652e-01     0.1298      0.015    1483.12     58.813     5.5724  59.607955     3.8992     96.061  0.000e+00
     95.136     8.1272    33.8638    26.3626 1.3431e-01     0.1310      0.015    1483.12     58.753     5.5666  59.607955     3.8952     96.061  0.000e+00
     95.143     8.1269    33.8643    26.3631 1.3431e-01     0.1298      0.018    1483.12     58.809     5.5720  59.607956     3.8990     96.068  0.000e+00
     95.136     8.1272    33.8637    26.3625 1.3431e-01     0.1310      0.018    1483.12     58.811     5.5721  59.607956     3.8991     96.061  0.000e+00
     95.149     8.1272    33.8636    26.3625 1.3431e-01     0.1298      0.015    1483.12     58.813     5.5723  59.607957     3.8992     96.074  0.000e+00
     95.136     8.1272    33.8636    26.3625 1.4652e-01     0.1298      0.018    1483.12     58.815     5.5725  59.607957     3.8993     96.061  0.000e+00
     95.143     8.1272    33.8636    26.3625 1.3431e-01     0.1298      0.018    1483.12     58.817     5.5727  59.607958     3.8994     96.068  0.000e+00
     95.136     8.1272    33.8633    26.3623 1.4652e-01     0.1298      0.018    1483.12     58.811     5.5721  59.607958     3.8991     96.061  0.000e+00
     95.136     8.1272    33.8637    26.3626 1.4652e-01     0.1298      0.015    1483.12     58.812     5.5723  59.607959     3.8991     96.061  0.000e+00
     95.136     8.1270    33.8639    26.3627 1.4652e-01     0.1310      0.018    1483.12     58.806     5.5717  59.607959     3.8988     96.061  0.000e+00
     95.143     8.1271    33.8639    26.3628 1.4652e-01     0.1298      0.018    1483.12     58.800     5.5711  59.607960     3.8983     96.068  0.000e+00
     95.136     8.1272    33.8637    26.3625 1.4652e-01     0.1298      0.018    1483.12     58.801     5.5712  59.607960     3.8984     96.061  0.000e+00
     95.136     8.1269    33.8639    26.3628 1.4652e-01     0.1298      0.018    1483.12     58.802     5.5713  59.607961     3.8985     96.061  0.000e+00
     95.136     8.1272    33.8636    26.3625 1.3431e-01     0.1310      0.018    1483.12     58.803     5.5713  59.607961     3.8985     96.061  0.000e+00
     95.143     8.1267    33.8641    26.3629 1.3431e-01     0.1298      0.018    1483.12     58.804     5.5715  59.607962     3.8986     96.068  0.000e+00
     95.136     8.1270    33.8638    26.3627 1.3431e-01     0.1298      0.018    1483.12     58.797     5.5708  59.607962     3.8981     96.061  0.000e+00
     95.136     8.1272    33.8636    26.3625 1.4652e-01     0.1298      0.018    1483.12     58.797     5.5709  59.607962     3.8982     96.061  0.000e+00
     95.130     8.1270    33.8638    26.3627 1.4652e-01     0.1298      0.018    1483.12     58.798     5.5709  59.607963     3.8982     96.054  0.000e+00
     95.136     8.1271    33.8638    26.3626 1.3431e-01     0.1298      0.018    1483.12     58.799     5.5710  59.607963     3.8982     96.061  0.000e+00
     95.149     8.1272    33.8636    26.3625 1.4652e-01     0.1298      0.018    1483.12     58.799     5.5710  59.607964     3.8983     96.074  0.000e+00
     95.136     8.1270    33.8635    26.3625 1.3431e-01     0.1310      0.018    1483.12     58.800     5.5711  59.607964     3.8983     96.061  0.000e+00
     95.130     8.1270    33.8639    26.3628 1.4652e-01     0.1298      0.015    1483.12     58.801     5.5712  59.607965     3.8984     96.054  0.000e+00
     95.149     8.1270    33.8636    26.3625 1.4652e-01     0.1298      0.015    1483.12     58.801     5.5712  59.607965     3.8984     96.074  0.000e+00
     95.125     8.1270    33.8639    26.3628 1.4652e-01     0.1310      0.015    1483.12     58.802     5.5713  59.607966     3.8984     96.049  0.000e+00
     95.136     8.1269    33.8637    26.3626 1.4652e-01     0.1298      0.015    1483.12     58.795     5.5706  59.607966     3.8980     96.061  0.000e+00
     95.143     8.1272    33.8633    26.3622 1.4652e-01     0.1298      0.018    1483.12     58.795     5.5706  59.607967     3.8980     96.068  0.000e+00
     95.125     8.1267    33.8638    26.3627 1.4652e-01     0.1310      0.015    1483.12     58.795     5.5707  59.607967     3.8981     96.049  0.000e+00
     95.149     8.1269    33.8638    26.3627 1.4652e-01     0.1310      0.015    1483.12     58.796     5.5707  59.607968     3.8981     96.074  0.000e+00
     95.136     8.1270    33.8640    26.3628 1.3431e-01     0.1310      0.018    1483.12     58.796     5.5707  59.607968     3.8981     96.061  0.000e+00
     95.130     8.1269    33.8640    26.3629 1.3431e-01     0.1298      0.015    1483.12     58.796     5.5708  59.607969     3.8981     96.054  0.000e+00
     95.136     8.1269    33.8639    26.3628 1.3431e-01     0.1310      0.015    1483.12     58.797     5.5708  59.607969     3.8981     96.061  0.000e+00
     95.136     8.1269    33.8637    26.3626 1.4652e-01     0.1298      0.015    1483.12     58.797     5.5708  59.607970     3.8981     96.061  0.000e+00
     95.136     8.1269    33.8638    26.3627 1.3431e-01     0.1298      0.015    1483.12     58.797     5.5709  59.607970     3.8982     96.061  0.000e+00
     95.130     8.1271    33.8635    26.3624 1.4652e-01     0.1298      0.018    1483.12     58.797     5.5709  59.607971     3.8982     96.054  0.000e+00
     95.149     8.1270    33.8635    26.3624 1.4652e-01     0.1298      0.018    1483.12     58.798     5.5709  59.607971     3.8982     96.074  0.000e+00
     95.136     8.1270    33.8637    26.3626 1.3431e-01     0.1298      0.018    1483.12     58.798     5.5709  59.607972     3.8982     96.061  0.000e+00
     95.136     8.1267    33.8641    26.3629 1.3431e-01     0.1298      0.018    1483.12     58.798     5.5710  59.607972     3.8983     96.061  0.000e+00
     95.143     8.1270    33.8640    26.3628 1.3431e-01     0.1310      0.018    1483.12     58.799     5.5710  59.607973     3.8983     96.068  0.000e+00
     95.136     8.1269    33.8637    26.3626 1.4652e-01     0.1298      0.018    1483.12     58.799     5.5710  59.607973     3.8983     96.061  0.000e+00
     95.149     8.1270    33.8637    26.3626 1.3431e-01     0.1298      0.018    1483.12     58.799     5.5711  59.607974     3.8983     96.074  0.000e+00
     95.143     8.1269    33.8641    26.3630 1.3431e-01     0.1310      0.018    1483.12     58.800     5.5711  59.607974     3.8983     96.068  0.000e+00
     95.136     8.1269    33.8637    26.3626 1.4652e-01     0.1298      0.018    1483.12     58.800     5.5711  59.607975     3.8983     96.061  0.000e+00
     95.149     8.1269    33.8638    26.3627 1.4652e-01     0.1310      0.018    1483.12     58.800     5.5712  59.607975     3.8984     96.074  0.000e+00
     95.136     8.1270    33.8638    26.3627 1.4652e-01     0.1298      0.018    1483.12     58.801     5.5712  59.607976     3.8984     96.061  0.000e+00
     95.154     8.1270    33.8638    26.3627 1.4652e-01     0.1298      0.015    1483.12     58.801     5.5712  59.607976     3.8984     96.079  0.000e+00
     95.136     8.1267    33.8641    26.3629 1.4652e-01     0.1298      0.018    1483.12     58.801     5.5713  59.607976     3.8984     96.061  0.000e+00
     95.149     8.1269    33.8639    26.3628 1.4652e-01     0.1298      0.015    1483.12     58.802     5.5713  59.607977     3.8985     96.074  0.000e+00
     95.149     8.1269    33.8639    26.3628 1.4652e-01     0.1298      0.015    1483.12     58.802     5.5713  59.607977     3.8985     96.074  0.000e+00
     95.154     8.1267    33.8643    26.3631 1.4652e-01     0.1310      0.018    1483.12     58.802     5.5713  59.607978     3.8985     96.079  0.000e+00
     95.149     8.1269    33.8637    26.3626 1.4652e-01     0.1298      0.015    1483.12     58.803     5.5714  59.607978     3.8985     96.074  0.000e+00
     95.161     8.1267    33.8637    26.3627 1.4652e-01     0.1298      0.015    1483.12     58.795     5.5707  59.607979     3.8981     96.086  0.000e+00
     95.161     8.1267    33.8639    26.3628 1.4652e-01     0.1310      0.015    1483.12     58.795     5.5707  59.607979     3.8980     96.086  0.000e+00
     95.154     8.1267    33.8638    26.3627 1.4652e-01     0.1298      0.018    1483.12     58.795     5.5707  59.607980     3.8980     96.079  0.000e+00
     95.161     8.1269    33.8636    26.3625 1.4652e-01     0.1298      0.018    1483.12     58.795     5.5707  59.607980     3.8980     96.086  0.000e+00
     95.161     8.1270    33.8637    26.3626 1.4652e-01     0.1310      0.015    1483.12     58.795     5.5707  59.607981     3.8980     96.086  0.000e+00
     95.136     8.1269    33.8641    26.3630 1.4652e-01     0.1310      0.018    1483.12     58.795     5.5707  59.607981     3.8980     96.061  0.000e+00
     95.203     8.1269    33.8637    26.3626 1.4652e-01     0.1298      0.018    1483.12     58.796     5.5707  59.607982     3.8981     96.128  0.000e+00
     95.161     8.1269    33.8636    26.3625 1.4652e-01     0.1298      0.015    1483.12     58.795     5.5707  59.607982     3.8980     96.086  0.000e+00
     95.174     8.1270    33.8636    26.3625 1.4652e-01     0.1298      0.018    1483.12     58.795     5.5707  59.607983     3.8980     96.099  0.000e+00
     95.165     8.1269    33.8639    26.3628 1.4652e-01     0.1298      0.018    1483.12     58.795     5.5707  59.607983     3.8980     96.091  0.000e+00
     95.185     8.1270    33.8638    26.3626 1.4652e-01     0.1298      0.015    1483.12     58.795     5.5707  59.607984     3.8980     96.110  0.000e+00
     95.174     8.1270    33.8640    26.3628 1.4652e-01     0.1298      0.018    1483.12     58.795     5.5707  59.607984     3.8980     96.099  0.000e+00
     95.174     8.1269    33.8640    26.3628 1.4652e-01     0.1310      0.018    1483.12     58.795     5.5707  59.607985     3.8980     96.099  0.000e+00
     95.179     8.1269    33.8639    26.3628 1.4652e-01     0.1298      0.018    1483.12     58.795     5.5707  59.607985     3.8980     96.104  0.000e+00
     95.185     8.1267    33.8638    26.3627 1.4652e-01     0.1310      0.015    1483.12     58.796     5.5707  59.607986     3.8981     96.110  0.000e+00
     95.174     8.1269    33.8636    26.3625 1.4652e-01     0.1298      0.015    1483.12     58.795     5.5707  59.607986     3.8981     96.099  0.000e+00
     95.185     8.1269    33.8636    26.3625 1.5873e-01     0.1298      0.015    1483.12     58.796     5.5707  59.607987     3.8981     96.110  0.000e+00
     95.190     8.1267    33.8639    26.3628 1.5873e-01     0.1310      0.018    1483.12     58.796     5.5707  59.607987     3.8981     96.115  0.000e+00
