RAWDATA/20190228/Dk1_20190228_down.cnv
* Sea-Bird SBE 9 Data File:
* FileName = C:\CTD Brukere\NIVA\IO2019\20190228\Dk1_20190228.hex
* Software Version Seasave V 7.23.2
* Temperature SN = 5352
* Conductivity SN = 3840
* Number of Bytes Per Scan = 28
* Number of Voltage Words = 4
* Number of Scans Averaged by the Deck Unit = 1
* NMEA baud rate = 4800
** Ship: R/V Trygve Braarud
** Cruise:
** Station:
** Operator:
# nquan = 14
# nvalues = 4971                                  
# units = specified
# name 0 = depSM: Depth [salt water, m], lat = 59.60
# name 1 = t090C: Temperature [ITS-90, deg C]
# name 2 = sal00: Salinity, Practical [PSU]
# name 3 = sigma-t00: Density [sigma-t, kg/m^3 ]
# name 4 = flSP: Fluorescence, Seapoint
# name 5 = wetStar: Fluorescence, WET Labs WETstar [mg/m^3]
# name 6 = seaTurbMtr: Turbidity, Seapoint [FTU]
# name 7 = svCM: Sound Velocity [Chen-Millero, m/s]
# name 8 = sbeox0PS: Oxygen, SBE 43 [% saturation]
# name 9 = sbeox0Mg/L: Oxygen, SBE 43 [mg/l]
# name 10 = timeJ: Julian Days
# name 11 = sbeox0ML/L: Oxygen, SBE 43 [ml/l]
# name 12 = prDM: Pressure, Digiquartz [db]
# name 13 = flag:  0.000e+00
# span 0 =     -0.165,     95.210                 
# span 1 =     3.1130,     8.1293                 
# span 2 =    26.9384,    33.8645                 
# span 3 =    21.4455,    26.3633                 
# span 4 = 0.0000e+00, 4.0659e+00                 
# span 5 =     0.1261,     0.1310                 
# span 6 =      0.007,      0.018                 
# span 7 =    1452.60,    1483.13                 
# span 8 =     51.314,     75.801                 
# span 9 =     4.9662,     8.4471                 
# span 10 =  59.605648,  59.608045                
# span 11 =     3.4751,     5.9107                
# span 12 =     -0.166,     96.135                
# span 13 = 0.0000e+00, 0.0000e+00                
# interval = seconds: 0.0416667
# start_time = Feb 28 2019 14:32:08 [System UpLoad Time]
# bad_flag = -9.990e-29
*END*
[from data line 3407]
     73.100     8.1253    33.8103    26.3209 1.3431e-01     0.1310      0.015    1482.69     58.565     5.5510  59.607291     3.8843     73.807  0.000e+00
     73.113     8.1256    33.8100    26.3206 1.3431e-01     0.1310      0.018    1482.69     58.509     5.5457  59.607292     3.8805     73.820  0.000e+00
     73.136     8.1259    33.8104    26.3209 1.3431e-01     0.1298      0.018    1482.69     58.508     5.5455  59.607292     3.8804     73.843  0.000e+00
     73.160     8.1262    33.8106    26.3210 1.4652e-01     0.1310      0.018    1482.69     58.507     5.5454  59.607293     3.8804     73.868  0.000e+00
     73.196     8.1262    33.8114    26.3217 1.3431e-01     0.1298      0.015    1482.69     58.569     5.5512  59.607293     3.8844     73.904  0.000e+00
     73.221     8.1266    33.8115    26.3217 1.3431e-01     0.1298      0.015    1482.69     58.576     5.5518  59.607294     3.8848     73.929  0.000e+00
     73.221     8.1267    33.8113    26.3215 1.3431e-01     0.1298      0.018    1482.69     58.521     5.5466  59.607294     3.8812     73.929  0.000e+00
     73.257     8.1267    33.8120    26.3220 1.3431e-01     0.1298      0.018    1482.70     58.521     5.5465  59.607295     3.8811     73.965  0.000e+00
     73.270     8.1266    33.8126    26.3225 1.3431e-01     0.1298      0.018    1482.70     58.583     5.5524  59.607295     3.8853     73.978  0.000e+00
     73.305     8.1262    33.8122    26.3223 1.3431e-01     0.1298      0.015    1482.69     58.528     5.5473  59.607296     3.8817     74.014  0.000e+00
     73.305     8.1264    33.8123    26.3224 1.3431e-01     0.1298      0.018    1482.70     58.528     5.5473  59.607296     3.8817     74.014  0.000e+00
     73.375     8.1264    33.8127    26.3227 1.3431e-01     0.1298      0.018    1482.70     58.530     5.5474  59.607296     3.8818     74.085  0.000e+00
     73.379     8.1269    33.8131    26.3229 1.3431e-01     0.1310      0.015    1482.70     58.592     5.5533  59.607297     3.8859     74.088  0.000e+00
     73.401     8.1272    33.8138    26.3234 1.4652e-01     0.1310      0.018    1482.70     58.601     5.5540  59.607297     3.8864     74.111  0.000e+00
     73.426     8.1277    33.8136    26.3232 1.3431e-01     0.1310      0.018    1482.70     58.609     5.5548  59.607298     3.8869     74.136  0.000e+00
     73.439     8.1277    33.8133    26.3230 1.4652e-01     0.1298      0.018    1482.70     58.617     5.5555  59.607298     3.8874     74.149  0.000e+00
     73.486     8.1277    33.8129    26.3226 1.3431e-01     0.1310      0.018    1482.70     58.626     5.5564  59.607299     3.8880     74.197  0.000e+00
     73.486     8.1277    33.8134    26.3230 1.3431e-01     0.1298      0.018    1482.70     58.634     5.5571  59.607299     3.8885     74.197  0.000e+00
     73.535     8.1277    33.8133    26.3229 1.3431e-01     0.1298      0.018    1482.71     58.642     5.5579  59.607300     3.8891     74.246  0.000e+00
     73.546     8.1279    33.8133    26.3229 1.3431e-01     0.1298      0.018    1482.71     58.589     5.5528  59.607300     3.8855     74.257  0.000e+00
     73.571     8.1278    33.8131    26.3228 1.3431e-01     0.1298      0.018    1482.71     58.645     5.5581  59.607301     3.8892     74.282  0.000e+00
     73.603     8.1274    33.8142    26.3237 1.3431e-01     0.1298      0.018    1482.71     58.653     5.5589  59.607301     3.8898     74.315  0.000e+00
     73.631     8.1270    33.8153    26.3246 1.4652e-01     0.1298      0.015    1482.71     58.661     5.5597  59.607302     3.8904     74.343  0.000e+00
     73.644     8.1266    33.8154    26.3247 1.3431e-01     0.1298      0.018    1482.71     58.662     5.5599  59.607302     3.8905     74.356  0.000e+00
     73.680     8.1261    33.8159    26.3252 1.4652e-01     0.1298      0.018    1482.70     58.663     5.5600  59.607303     3.8905     74.392  0.000e+00
     73.716     8.1259    33.8159    26.3253 1.4652e-01     0.1298      0.018    1482.70     58.670     5.5607  59.607303     3.8911     74.428  0.000e+00
     73.729     8.1261    33.8154    26.3248 1.4652e-01     0.1310      0.018    1482.70     58.678     5.5614  59.607304     3.8916     74.442  0.000e+00
     73.740     8.1262    33.8152    26.3246 1.3431e-01     0.1298      0.018    1482.71     58.678     5.5614  59.607304     3.8916     74.453  0.000e+00
     73.789     8.1264    33.8152    26.3246 1.3431e-01     0.1310      0.018    1482.71     58.686     5.5621  59.607305     3.8921     74.502  0.000e+00
     73.809     8.1262    33.8155    26.3249 1.3431e-01     0.1298      0.018    1482.71     58.686     5.5621  59.607305     3.8921     74.522  0.000e+00
     73.849     8.1264    33.8153    26.3247 1.4652e-01     0.1310      0.018    1482.71     58.693     5.5628  59.607306     3.8925     74.563  0.000e+00
     73.861     8.1262    33.8157    26.3250 1.3431e-01     0.1310      0.018    1482.71     58.700     5.5635  59.607306     3.8930     74.575  0.000e+00
     73.896     8.1264    33.8152    26.3246 1.3431e-01     0.1298      0.015    1482.71     58.638     5.5576  59.607307     3.8889     74.611  0.000e+00
     73.896     8.1264    33.8150    26.3244 1.3431e-01     0.1298      0.018    1482.71     58.692     5.5627  59.607307     3.8925     74.611  0.000e+00
     73.945     8.1261    33.8152    26.3247 1.3431e-01     0.1298      0.018    1482.71     58.691     5.5627  59.607308     3.8924     74.660  0.000e+00
     73.958     8.1261    33.8152    26.3247 1.4652e-01     0.1298      0.018    1482.71     58.690     5.5626  59.607308     3.8924     74.673  0.000e+00
     73.989     8.1258    33.8150    26.3245 1.3431e-01     0.1298      0.018    1482.71     58.689     5.5625  59.607309     3.8923     74.705  0.000e+00
     74.006     8.1256    33.8152    26.3247 1.4652e-01     0.1298      0.015    1482.71     58.687     5.5624  59.607309     3.8922     74.721  0.000e+00
     74.041     8.1254    33.8157    26.3251 1.4652e-01     0.1298      0.015    1482.71     58.685     5.5622  59.607310     3.8921     74.757  0.000e+00
     74.054     8.1256    33.8157    26.3251 1.3431e-01     0.1298      0.015    1482.71     58.691     5.5627  59.607310     3.8924     74.770  0.000e+00
     74.079     8.1254    33.8161    26.3254 1.4652e-01     0.1298      0.015    1482.71     58.696     5.5632  59.607310     3.8928     74.795  0.000e+00
     74.115     8.1254    33.8158    26.3253 1.4652e-01     0.1310      0.018    1482.71     58.694     5.5630  59.607311     3.8927     74.831  0.000e+00
     74.134     8.1254    33.8155    26.3250 1.3431e-01     0.1298      0.018    1482.71     58.691     5.5628  59.607311     3.8925     74.851  0.000e+00
     74.164     8.1253    33.8153    26.3249 1.3431e-01     0.1310      0.018    1482.71     58.688     5.5625  59.607312     3.8923     74.881  0.000e+00
     74.186     8.1248    33.8149    26.3246 1.3431e-01     0.1298      0.018    1482.71     58.685     5.5623  59.607312     3.8922     74.904  0.000e+00
     74.211     8.1253    33.8148    26.3244 1.3431e-01     0.1298      0.018    1482.71     58.682     5.5619  59.607313     3.8919     74.928  0.000e+00
     74.224     8.1248    33.8156    26.3252 1.3431e-01     0.1310      0.018    1482.71     58.686     5.5623  59.607313     3.8922     74.941  0.000e+00
     74.260     8.1251    33.8158    26.3253 1.4652e-01     0.1310      0.018    1482.71     58.682     5.5619  59.607314     3.8919     74.978  0.000e+00
     74.279     8.1250    33.8166    26.3259 1.3431e-01     0.1310      0.018    1482.71     58.616     5.5556  59.607314     3.8875     74.997  0.000e+00
     74.295     8.1253    33.8165    26.3258 1.4652e-01     0.1298      0.015    1482.71     58.612     5.5552  59.607315     3.8872     75.014  0.000e+00
     74.331     8.1254    33.8168    26.3260 1.4652e-01     0.1298      0.018    1482.71     58.601     5.5542  59.607315     3.8865     75.050  0.000e+00
     74.344     8.1256    33.8171    26.3262 1.4652e-01     0.1298      0.018    1482.72     58.590     5.5531  59.607316     3.8857     75.063  0.000e+00
     74.369     8.1256    33.8172    26.3263 1.3431e-01     0.1298      0.018    1482.72     58.579     5.5521  59.607316     3.8850     75.088  0.000e+00
     74.369     8.1259    33.8169    26.3260 1.3431e-01     0.1298      0.018    1482.72     58.575     5.5517  59.607317     3.8847     75.088  0.000e+00
     74.460     8.1259    33.8170    26.3261 1.3431e-01     0.1298      0.018    1482.72     58.573     5.5514  59.607317     3.8846     75.180  0.000e+00
     74.440     8.1259    33.8174    26.3264 1.3431e-01     0.1310      0.018    1482.72     58.562     5.5504  59.607318     3.8838     75.160  0.000e+00
     74.465     8.1259    33.8175    26.3265 1.3431e-01     0.1298      0.018    1482.72     58.614     5.5553  59.607318     3.8873     75.185  0.000e+00
     74.476     8.1258    33.8176    26.3266 1.4652e-01     0.1298      0.015    1482.72     58.556     5.5498  59.607319     3.8834     75.196  0.000e+00
     74.514     8.1258    33.8178    26.3268 1.4652e-01     0.1298      0.018    1482.72     58.546     5.5488  59.607319     3.8827     75.234  0.000e+00
     74.533     8.1259    33.8181    26.3269 1.4652e-01     0.1298      0.018    1482.72     58.535     5.5478  59.607320     3.8820     75.254  0.000e+00
     74.561     8.1256    33.8182    26.3271 1.3431e-01     0.1298      0.018    1482.72     58.587     5.5527  59.607320     3.8855     75.282  0.000e+00
     74.574     8.1256    33.8183    26.3272 1.3431e-01     0.1298      0.018    1482.72     58.529     5.5472  59.607321     3.8816     75.295  0.000e+00
     74.598     8.1258    33.8184    26.3272 1.4652e-01     0.1298      0.015    1482.72     58.526     5.5469  59.607321     3.8814     75.320  0.000e+00
     74.618     8.1253    33.8195    26.3282 1.3431e-01     0.1298      0.015    1482.72     58.523     5.5467  59.607322     3.8813     75.339  0.000e+00
     74.646     8.1249    33.8200    26.3286 1.3431e-01     0.1298      0.018    1482.72     58.521     5.5465  59.607322     3.8811     75.367  0.000e+00
     74.659     8.1246    33.8206    26.3291 1.3431e-01     0.1310      0.018    1482.72     58.519     5.5464  59.607323     3.8810     75.381  0.000e+00
     74.694     8.1248    33.8208    26.3292 1.3431e-01     0.1298      0.018    1482.72     58.518     5.5462  59.607323     3.8809     75.417  0.000e+00
     74.694     8.1246    33.8213    26.3296 1.4652e-01     0.1298      0.015    1482.72     58.516     5.5461  59.607323     3.8808     75.417  0.000e+00
     74.725     8.1246    33.8215    26.3298 1.3431e-01     0.1310      0.018    1482.72     58.508     5.5452  59.607324     3.8802     75.448  0.000e+00
     74.755     8.1246    33.8221    26.3303 1.4652e-01     0.1298      0.018    1482.72     58.507     5.5451  59.607324     3.8801     75.478  0.000e+00
     74.755     8.1243    33.8228    26.3309 1.4652e-01     0.1310      0.018    1482.72     58.506     5.5450  59.607325     3.8801     75.478  0.000e+00
     74.779     8.1240    33.8235    26.3315 1.4652e-01     0.1298      0.018    1482.72     58.505     5.5450  59.607325     3.8801     75.502  0.000e+00
     74.810     8.1238    33.8240    26.3319 1.4652e-01     0.1298      0.015    1482.72     58.505     5.5450  59.607326     3.8801     75.533  0.000e+00
     74.839     8.1238    33.8245    26.3323 1.3431e-01     0.1298      0.015    1482.73     58.506     5.5450  59.607326     3.8801     75.563  0.000e+00
     74.851     8.1235    33.8251    26.3328 1.4652e-01     0.1298      0.015    1482.73     58.506     5.5451  59.607327     3.8801     75.575  0.000e+00
     74.888     8.1232    33.8253    26.3331 1.4652e-01     0.1310      0.018    1482.73     58.507     5.5452  59.607327     3.8802     75.612  0.000e+00
     74.864     8.1232    33.8256    26.3332 1.4652e-01     0.1298      0.015    1482.73     58.508     5.5453  59.607328     3.8802     75.588  0.000e+00
     74.944     8.1232    33.8251    26.3329 1.4652e-01     0.1298      0.015    1482.73     58.509     5.5455  59.607328     3.8804     75.668  0.000e+00
     74.935     8.1230    33.8256    26.3333 1.3431e-01     0.1310      0.018    1482.73     58.511     5.5456  59.607329     3.8805     75.660  0.000e+00
     74.960     8.1228    33.8260    26.3336 1.4652e-01     0.1298      0.018    1482.73     58.513     5.5458  59.607329     3.8806     75.685  0.000e+00
     74.971     8.1229    33.8264    26.3339 1.3431e-01     0.1310      0.018    1482.73     58.515     5.5460  59.607330     3.8807     75.696  0.000e+00
     75.015     8.1229    33.8266    26.3341 1.3431e-01     0.1298      0.018    1482.73     58.510     5.5455  59.607330     3.8804     75.741  0.000e+00
     75.009     8.1230    33.8264    26.3339 1.3431e-01     0.1310      0.018    1482.73     58.575     5.5516  59.607331     3.8847     75.734  0.000e+00
     75.056     8.1230    33.8264    26.3339 1.4652e-01     0.1310      0.015    1482.73     58.523     5.5467  59.607331     3.8812     75.782  0.000e+00
     75.064     8.1229    33.8257    26.3334 1.4652e-01     0.1298      0.018    1482.73     58.525     5.5470  59.607332     3.8815     75.790  0.000e+00
     75.080     8.1225    33.8256    26.3334 1.4652e-01     0.1310      0.015    1482.73     58.529     5.5473  59.607332     3.8817     75.806  0.000e+00
     75.105     8.1225    33.8255    26.3333 1.4652e-01     0.1298      0.015    1482.73     58.594     5.5535  59.607333     3.8860     75.831  0.000e+00
     75.129     8.1225    33.8250    26.3329 1.3431e-01     0.1298      0.018    1482.73     58.605     5.5546  59.607333     3.8868     75.856  0.000e+00
     75.136     8.1225    33.8249    26.3328 1.4652e-01     0.1310      0.018    1482.73     58.615     5.5556  59.607334     3.8875     75.862  0.000e+00
     75.165     8.1222    33.8251    26.3330 1.4652e-01     0.1298      0.015    1482.73     58.564     5.5508  59.607334     3.8841     75.892  0.000e+00
     75.176     8.1225    33.8248    26.3328 1.3431e-01     0.1298      0.015    1482.73     58.568     5.5511  59.607335     3.8843     75.904  0.000e+00
     75.214     8.1222    33.8248    26.3328 1.3431e-01     0.1298      0.015    1482.73     58.634     5.5574  59.607335     3.8887     75.941  0.000e+00
     75.220     8.1220    33.8254    26.3333 1.3431e-01     0.1310      0.015    1482.73     58.583     5.5526  59.607336     3.8854     75.948  0.000e+00
     75.238     8.1219    33.8258    26.3336 1.3431e-01     0.1310      0.018    1482.73     58.650     5.5589  59.607336     3.8898     75.966  0.000e+00
     75.274     8.1221    33.8256    26.3334 1.3431e-01     0.1298      0.015    1482.73     58.661     5.5600  59.607337     3.8906     76.002  0.000e+00
     75.299     8.1219    33.8255    26.3333 1.3431e-01     0.1310      0.018    1482.73     58.673     5.5611  59.607337     3.8913     76.027  0.000e+00
     75.318     8.1214    33.8258    26.3337 1.4652e-01     0.1298      0.015    1482.73     58.685     5.5623  59.607337     3.8922     76.047  0.000e+00
     75.321     8.1217    33.8258    26.3336 1.4652e-01     0.1310      0.018    1482.73     58.689     5.5626  59.607338     3.8924     76.050  0.000e+00
     75.359     8.1217    33.8259    26.3337 1.3431e-01     0.1298      0.018    1482.73     58.631     5.5571  59.607338     3.8885     76.088  0.000e+00
     75.378     8.1216    33.8257    26.3336 1.3431e-01     0.1298      0.018    1482.73     58.689     5.5627  59.607339     3.8924     76.107  0.000e+00
     75.395     8.1219    33.8258    26.3336 1.3431e-01     0.1298      0.015    1482.73     58.693     5.5630  59.607339     3.8926     76.124  0.000e+00
     75.431     8.1216    33.8260    26.3338 1.3431e-01     0.1298      0.018    1482.73     58.696     5.5633  59.607340     3.8929     76.160  0.000e+00
