RAWDATA/20190228/Dk1_20190228_down.cnv
* Sea-Bird SBE 9 Data File:
* FileName = C:\CTD Brukere\NIVA\IO2019\20190228\Dk1_20190228.hex
* Software Version Seasave V 7.23.2
* Temperature SN = 5352
* Conductivity SN = 3840
* Number of Bytes Per Scan = 28
* Number of Voltage Words = 4
* Number of Scans Averaged by the Deck Unit = 1
* NMEA baud rate = 4800
** Ship: R/V Trygve Braarud
** Cruise:
** Station:
** Operator:
# nquan = 14
# nvalues = 4971                                  
# units = specified
# name 0 = depSM: Depth [salt water, m], lat = 59.60
# name 1 = t090C: Temperature [ITS-90, deg C]
# name 2 = sal00: Salinity, Practical [PSU]
# name 3 = sigma-t00: Density [sigma-t, kg/m^3 ]
# name 4 = flSP: Fluorescence, Seapoint
# name 5 = wetStar: Fluorescence, WET Labs WETstar [mg/m^3]
# name 6 = seaTurbMtr: Turbidity, Seapoint [FTU]
# name 7 = svCM: Sound Velocity [Chen-Millero, m/s]
# name 8 = sbeox0PS: Oxygen, SBE 43 [% saturation]
# name 9 = sbeox0Mg/L: Oxygen, SBE 43 [mg/l]
# name 10 = timeJ: Julian Days
# name 11 = sbeox0ML/L: Oxygen, SBE 43 [ml/l]
# name 12 = prDM: Pressure, Digiquartz [db]
# name 13 = flag:  0.000e+00
# span 0 =     -0.165,     95.210                 
# span 1 =     3.1130,     8.1293                 
# span 2 =    26.9384,    33.8645                 
# span 3 =    21.4455,    26.3633                 
# span 4 = 0.0000e+00, 4.0659e+00                 
# span 5 =     0.1261,     0.1310                 
# span 6 =      0.007,      0.018                 
# span 7 =    1452.60,    1483.13                 
# span 8 =     51.314,     75.801                 
# span 9 =     4.9662,     8.4471                 
# span 10 =  59.605648,  59.608045                
# span 11 =     3.4751,     5.9107                
# span 12 =     -0.166,     96.135                
# span 13 = 0.0000e+00, 0.0000e+00                
# interval = seconds: 0.0416667
# start_time = Feb 28 2019 14:32:08 [System UpLoad Time]
# bad_flag = -9.990e-29
*END*
[from data line 517]
      7.301     3.1271    28.2860    22.5203 4.3956e-01     0.1285      0.015    1454.37     74.814     8.2824  59.605897     5.7956      7.370  0.000e+00
      7.309     3.1267    28.2887    22.5225 4.3956e-01     0.1285      0.015    1454.37     74.794     8.2801  59.605898     5.7939      7.378  0.000e+00
      7.337     3.1268    28.2922    22.5253 4.5177e-01     0.1285      0.015    1454.38     74.834     8.2843  59.605898     5.7969      7.406  0.000e+00
      7.356     3.1267    28.2969    22.5290 4.5177e-01     0.1298      0.015    1454.38     74.824     8.2830  59.605899     5.7960      7.426  0.000e+00
      7.372     3.1267    28.3042    22.5349 4.3956e-01     0.1285      0.015    1454.39     74.811     8.2811  59.605899     5.7946      7.442  0.000e+00
      7.405     3.1269    28.3094    22.5390 4.2735e-01     0.1298      0.015    1454.40     74.794     8.2789  59.605900     5.7931      7.475  0.000e+00
      7.408     3.1270    28.3153    22.5437 4.2735e-01     0.1285      0.015    1454.41     74.782     8.2773  59.605900     5.7919      7.478  0.000e+00
      7.440     3.1270    28.3230    22.5498 4.2735e-01     0.1285      0.015    1454.42     74.767     8.2752  59.605901     5.7905      7.511  0.000e+00
      7.456     3.1271    28.3312    22.5563 4.6398e-01     0.1298      0.015    1454.43     74.749     8.2727  59.605901     5.7887      7.527  0.000e+00
      7.464     3.1270    28.3390    22.5625 4.7619e-01     0.1285      0.015    1454.44     74.801     8.2780  59.605902     5.7924      7.535  0.000e+00
      7.492     3.1274    28.3443    22.5668 4.5177e-01     0.1298      0.018    1454.45     74.794     8.2768  59.605902     5.7916      7.563  0.000e+00
      7.524     3.1277    28.3490    22.5705 4.1514e-01     0.1298      0.018    1454.46     74.730     8.2694  59.605903     5.7865      7.596  0.000e+00
      7.539     3.1288    28.3567    22.5765 4.1514e-01     0.1285      0.018    1454.47     74.781     8.2744  59.605903     5.7899      7.611  0.000e+00
      7.547     3.1331    28.3853    22.5989 4.2735e-01     0.1298      0.015    1454.53     74.774     8.2711  59.605904     5.7877      7.619  0.000e+00
      7.588     3.1343    28.4222    22.6283 4.2735e-01     0.1285      0.015    1454.58     74.764     8.2678  59.605904     5.7853      7.660  0.000e+00
      7.620     3.1352    28.4338    22.6375 4.2735e-01     0.1298      0.015    1454.60     74.752     8.2656  59.605905     5.7838      7.692  0.000e+00
      7.623     3.1371    28.4374    22.6401 4.1514e-01     0.1285      0.015    1454.61     74.746     8.2643  59.605905     5.7829      7.696  0.000e+00
      7.667     3.1383    28.4470    22.6477 4.1514e-01     0.1285      0.015    1454.63     74.737     8.2625  59.605906     5.7816      7.740  0.000e+00
      7.683     3.1404    28.4582    22.6565 4.1514e-01     0.1285      0.015    1454.65     74.726     8.2602  59.605906     5.7800      7.756  0.000e+00
      7.703     3.1420    28.4686    22.6647 4.1514e-01     0.1285      0.015    1454.68     74.775     8.2648  59.605907     5.7832      7.776  0.000e+00
      7.732     3.1435    28.4803    22.6738 4.2735e-01     0.1285      0.015    1454.70     74.767     8.2629  59.605907     5.7819      7.805  0.000e+00
      7.762     3.1448    28.4921    22.6831 4.5177e-01     0.1298      0.018    1454.72     74.766     8.2618  59.605908     5.7811      7.836  0.000e+00
      7.779     3.1450    28.4999    22.6893 4.5177e-01     0.1285      0.015    1454.73     74.752     8.2599  59.605908     5.7798      7.853  0.000e+00
      7.787     3.1449    28.5013    22.6905 4.2735e-01     0.1285      0.015    1454.73     74.745     8.2590  59.605909     5.7792      7.861  0.000e+00
      7.814     3.1446    28.4952    22.6856 4.1514e-01     0.1298      0.015    1454.72     74.736     8.2584  59.605909     5.7787      7.889  0.000e+00
      7.858     3.1438    28.4884    22.6803 4.1514e-01     0.1298      0.015    1454.71     74.734     8.2587  59.605910     5.7789      7.933  0.000e+00
      7.887     3.1426    28.4876    22.6797 4.1514e-01     0.1298      0.018    1454.71     74.729     8.2585  59.605910     5.7788      7.962  0.000e+00
      7.894     3.1435    28.4905    22.6820 4.1514e-01     0.1285      0.015    1454.71     74.721     8.2573  59.605910     5.7779      7.969  0.000e+00
      7.934     3.1455    28.4955    22.6858 4.1514e-01     0.1285      0.018    1454.73     74.775     8.2625  59.605911     5.7816      8.009  0.000e+00
      7.942     3.1484    28.5057    22.6937 4.2735e-01     0.1285      0.018    1454.76     74.771     8.2609  59.605911     5.7805      8.018  0.000e+00
      8.005     3.1518    28.5310    22.7136 4.0293e-01     0.1298      0.018    1454.80     74.701     8.2511  59.605912     5.7736      8.081  0.000e+00
      7.989     3.1555    28.5601    22.7365 3.9072e-01     0.1285      0.015    1454.86     74.747     8.2537  59.605912     5.7754      8.065  0.000e+00
      8.030     3.1574    28.5837    22.7551 4.0293e-01     0.1298      0.015    1454.90     74.745     8.2518  59.605913     5.7741      8.106  0.000e+00
      8.049     3.1571    28.5901    22.7603 4.1514e-01     0.1285      0.018    1454.90     74.742     8.2511  59.605913     5.7737      8.126  0.000e+00
      8.098     3.1563    28.5864    22.7574 4.2735e-01     0.1285      0.015    1454.90     74.736     8.2509  59.605914     5.7735      8.175  0.000e+00
      8.114     3.1549    28.5800    22.7524 4.2735e-01     0.1285      0.015    1454.88     74.729     8.2507  59.605914     5.7733      8.191  0.000e+00
      8.133     3.1542    28.5741    22.7478 4.2735e-01     0.1285      0.018    1454.87     74.718     8.2501  59.605915     5.7729      8.211  0.000e+00
      8.174     3.1543    28.5724    22.7464 4.1514e-01     0.1298      0.015    1454.87     74.715     8.2498  59.605915     5.7727      8.251  0.000e+00
      8.204     3.1544    28.5730    22.7468 4.1514e-01     0.1285      0.015    1454.87     74.710     8.2492  59.605916     5.7723      8.282  0.000e+00
      8.209     3.1563    28.5737    22.7473 4.0293e-01     0.1285      0.015    1454.88     74.703     8.2479  59.605916     5.7714      8.287  0.000e+00
      8.264     3.1588    28.5813    22.7531 4.0293e-01     0.1285      0.018    1454.90     74.694     8.2460  59.605917     5.7701      8.343  0.000e+00
      8.281     3.1613    28.5957    22.7644 3.9072e-01     0.1285      0.015    1454.93     74.746     8.2505  59.605917     5.7732      8.359  0.000e+00
      8.300     3.1638    28.6162    22.7806 3.9072e-01     0.1298      0.015    1454.97     74.742     8.2483  59.605918     5.7717      8.379  0.000e+00
      8.324     3.1648    28.6333    22.7941 4.0293e-01     0.1285      0.015    1455.00     74.736     8.2464  59.605918     5.7704      8.403  0.000e+00
      8.365     3.1663    28.6412    22.8002 3.9072e-01     0.1285      0.018    1455.01     74.736     8.2458  59.605919     5.7699      8.444  0.000e+00
      8.384     3.1665    28.6421    22.8010 4.0293e-01     0.1298      0.018    1455.02     74.726     8.2445  59.605919     5.7690      8.464  0.000e+00
      8.425     3.1658    28.6414    22.8004 4.0293e-01     0.1285      0.015    1455.01     74.787     8.2514  59.605920     5.7739      8.505  0.000e+00
      8.431     3.1639    28.6385    22.7983 4.1514e-01     0.1298      0.015    1455.00     74.791     8.2524  59.605920     5.7746      8.511  0.000e+00
      8.460     3.1623    28.6322    22.7934 4.0293e-01     0.1285      0.015    1454.99     74.729     8.2463  59.605921     5.7703      8.541  0.000e+00
      8.491     3.1599    28.6234    22.7865 3.9072e-01     0.1285      0.015    1454.97     74.720     8.2463  59.605921     5.7703      8.572  0.000e+00
      8.515     3.1569    28.6134    22.7789 4.0293e-01     0.1285      0.015    1454.94     74.773     8.2533  59.605922     5.7752      8.596  0.000e+00
      8.545     3.1548    28.6048    22.7722 4.0293e-01     0.1285      0.015    1454.92     74.778     8.2548  59.605922     5.7762      8.626  0.000e+00
      8.562     3.1539    28.5981    22.7669 4.1514e-01     0.1298      0.015    1454.91     74.781     8.2557  59.605923     5.7768      8.644  0.000e+00
      8.592     3.1544    28.5946    22.7641 4.1514e-01     0.1285      0.015    1454.91     74.782     8.2559  59.605923     5.7770      8.673  0.000e+00
      8.611     3.1558    28.5966    22.7655 4.6398e-01     0.1285      0.015    1454.92     74.781     8.2553  59.605924     5.7766      8.693  0.000e+00
      8.647     3.1586    28.6037    22.7710 4.8840e-01     0.1285      0.015    1454.94     74.777     8.2540  59.605924     5.7757      8.729  0.000e+00
      8.663     3.1621    28.6156    22.7802 4.7619e-01     0.1285      0.015    1454.97     74.772     8.2520  59.605924     5.7743      8.745  0.000e+00
      8.695     3.1642    28.6291    22.7908 4.3956e-01     0.1285      0.015    1455.00     74.765     8.2501  59.605925     5.7729      8.778  0.000e+00
      8.711     3.1633    28.6365    22.7967 4.2735e-01     0.1285      0.018    1455.00     74.766     8.2499  59.605925     5.7728      8.794  0.000e+00
      8.742     3.1613    28.6368    22.7972 4.1514e-01     0.1285      0.015    1454.99     74.766     8.2503  59.605926     5.7731      8.825  0.000e+00
      8.753     3.1633    28.6291    22.7908 4.0293e-01     0.1298      0.015    1454.99     74.754     8.2490  59.605926     5.7722      8.837  0.000e+00
      8.771     3.1681    28.6306    22.7917 4.0293e-01     0.1285      0.015    1455.02     74.749     8.2474  59.605927     5.7711      8.855  0.000e+00
      8.802     3.1722    28.6549    22.8108 4.0293e-01     0.1285      0.015    1455.07     74.743     8.2445  59.605927     5.7690      8.886  0.000e+00
      8.838     3.1755    28.6794    22.8299 4.1514e-01     0.1298      0.018    1455.11     74.736     8.2417  59.605928     5.7670      8.922  0.000e+00
      8.854     3.1775    28.6976    22.8443 4.3956e-01     0.1285      0.015    1455.14     74.790     8.2463  59.605928     5.7702      8.938  0.000e+00
      8.886     3.1782    28.7050    22.8502 4.2735e-01     0.1298      0.015    1455.16     74.789     8.2456  59.605929     5.7698      8.971  0.000e+00
      8.902     3.1763    28.7085    22.8531 4.2735e-01     0.1285      0.015    1455.15     74.786     8.2454  59.605929     5.7697      8.987  0.000e+00
      8.922     3.1745    28.7118    22.8559 4.1514e-01     0.1285      0.015    1455.15     74.782     8.2451  59.605930     5.7694      9.007  0.000e+00
      8.946     3.1732    28.7120    22.8561 4.1514e-01     0.1298      0.015    1455.15     74.784     8.2457  59.605930     5.7698      9.031  0.000e+00
      8.962     3.1727    28.7081    22.8531 4.1514e-01     0.1285      0.015    1455.14     74.785     8.2461  59.605931     5.7701      9.048  0.000e+00
      8.982     3.1718    28.7058    22.8513 4.1514e-01     0.1285      0.015    1455.13     74.785     8.2464  59.605931     5.7703      9.067  0.000e+00
      9.004     3.1721    28.7053    22.8509 4.1514e-01     0.1285      0.018    1455.13     74.783     8.2461  59.605932     5.7701      9.090  0.000e+00
      9.009     3.1714    28.7075    22.8526 4.0293e-01     0.1285      0.015    1455.13     74.779     8.2457  59.605932     5.7699      9.095  0.000e+00
      9.042     3.1712    28.7085    22.8535 4.0293e-01     0.1285      0.015    1455.13     74.774     8.2452  59.605933     5.7695      9.128  0.000e+00
      9.034     3.1708    28.7071    22.8524 4.0293e-01     0.1285      0.018    1455.13     74.768     8.2446  59.605933     5.7691      9.120  0.000e+00
      9.100     3.1699    28.7014    22.8480 3.9072e-01     0.1285      0.015    1455.12     74.760     8.2443  59.605934     5.7689      9.187  0.000e+00
      9.089     3.1699    28.6921    22.8405 3.9072e-01     0.1285      0.018    1455.11     74.814     8.2507  59.605934     5.7734      9.175  0.000e+00
      9.129     3.1700    28.6829    22.8332 3.9072e-01     0.1298      0.015    1455.10     74.757     8.2450  59.605935     5.7694      9.216  0.000e+00
      9.124     3.1690    28.6769    22.8285 4.1514e-01     0.1285      0.015    1455.09     74.754     8.2452  59.605935     5.7695      9.211  0.000e+00
      9.149     3.1690    28.6714    22.8241 4.5177e-01     0.1298      0.015    1455.08     74.804     8.2510  59.605936     5.7736      9.236  0.000e+00
      9.165     3.1702    28.6692    22.8223 4.5177e-01     0.1285      0.018    1455.08     74.807     8.2512  59.605936     5.7737      9.252  0.000e+00
      9.184     3.1727    28.6751    22.8268 4.3956e-01     0.1285      0.015    1455.10     74.744     8.2434  59.605937     5.7682      9.272  0.000e+00
      9.209     3.1732    28.6876    22.8367 4.1514e-01     0.1285      0.015    1455.12     74.799     8.2486  59.605937     5.7719      9.296  0.000e+00
      9.225     3.1731    28.6964    22.8437 4.1514e-01     0.1285      0.018    1455.13     74.797     8.2480  59.605938     5.7715      9.312  0.000e+00
      9.256     3.1728    28.7008    22.8472 4.0293e-01     0.1298      0.015    1455.13     74.795     8.2475  59.605938     5.7711      9.344  0.000e+00
      9.256     3.1724    28.7054    22.8509 4.0293e-01     0.1285      0.015    1455.14     74.790     8.2469  59.605938     5.7707      9.344  0.000e+00
      9.285     3.1720    28.7106    22.8551 4.0293e-01     0.1298      0.018    1455.14     74.785     8.2461  59.605939     5.7701      9.373  0.000e+00
      9.304     3.1716    28.7163    22.8597 4.0293e-01     0.1285      0.015    1455.15     74.778     8.2450  59.605939     5.7694      9.393  0.000e+00
      9.328     3.1735    28.7219    22.8640 4.2735e-01     0.1298      0.015    1455.17     74.768     8.2433  59.605940     5.7682      9.417  0.000e+00
      9.333     3.1769    28.7288    22.8692 4.3956e-01     0.1285      0.015    1455.19     74.757     8.2410  59.605940     5.7665      9.422  0.000e+00
      9.364     3.1803    28.7376    22.8760 4.3956e-01     0.1298      0.015    1455.22     74.754     8.2394  59.605941     5.7655      9.453  0.000e+00
      9.375     3.1813    28.7476    22.8839 4.3956e-01     0.1285      0.015    1455.23     74.750     8.2383  59.605941     5.7647      9.465  0.000e+00
      9.393     3.1821    28.7540    22.8889 4.2735e-01     0.1285      0.015    1455.25     74.745     8.2372  59.605942     5.7639      9.483  0.000e+00
      9.424     3.1836    28.7560    22.8904 4.2735e-01     0.1285      0.015    1455.26     74.739     8.2361  59.605942     5.7631      9.514  0.000e+00
      9.447     3.1858    28.7593    22.8928 4.1514e-01     0.1285      0.015    1455.27     74.732     8.2347  59.605943     5.7621      9.536  0.000e+00
      9.453     3.1873    28.7706    22.9017 4.1514e-01     0.1285      0.015    1455.29     74.733     8.2338  59.605943     5.7616      9.543  0.000e+00
      9.484     3.1882    28.7853    22.9133 4.1514e-01     0.1298      0.015    1455.31     74.733     8.2329  59.605944     5.7609      9.574  0.000e+00
      9.495     3.1887    28.7987    22.9240 4.3956e-01     0.1298      0.015    1455.33     74.724     8.2310  59.605944     5.7595      9.586  0.000e+00
      9.524     3.1883    28.8089    22.9321 4.5177e-01     0.1285      0.015    1455.35     74.713     8.2293  59.605945     5.7584      9.615  0.000e+00
      9.531     3.1868    28.8139    22.9363 4.3956e-01     0.1285      0.018    1455.35     74.711     8.2291  59.605945     5.7582      9.621  0.000e+00
      9.555     3.1873    28.8129    22.9354 4.2735e-01     0.1298      0.015    1455.35     74.708     8.2287  59.605946     5.7579      9.646  0.000e+00
      9.566     3.1886    28.8178    22.9392 4.2735e-01     0.1285      0.015    1455.36     74.703     8.2277  59.605946     5.7572      9.657  0.000e+00
