RAWDATA/20190228/Ep1_20190228_down_bin.cnv
* Sea-Bird SBE 9 Data File:
* FileName = C:\CTD Brukere\NIVA\IO2019\20190228\Ep1_20190228.hex
* Software Version Seasave V 7.23.2
* Temperature SN = 5352
* Conductivity SN = 3840
* Number of Bytes Per Scan = 28
* Number of Voltage Words = 4
* Number of Scans Averaged by the Deck Unit = 1
* NMEA baud rate = 4800
** Ship: R/V Trygve Braarud
** Cruise:
** Station:
** Operator:
# nquan = 14
# nvalues = 151                         
# units = specified
# name 0 = depSM: Depth [salt water, m], lat = 59.60
# name 1 = t090C: Temperature [ITS-90, deg C]
# name 2 = sal00: Salinity, Practical [PSU]
# name 3 = sigma-t00: Density [sigma-t, kg/m^3 ]
# name 4 = flSP: Fluorescence, Seapoint
# name 5 = wetStar: Fluorescence, WET Labs WETstar [mg/m^3]
# name 6 = seaTurbMtr: Turbidity, Seapoint [FTU]
# name 7 = svCM: Sound Velocity [Chen-Millero, m/s]
# name 8 = sbeox0PS: Oxygen, SBE 43 [% saturation]
# name 9 = sbeox0Mg/L: Oxygen, SBE 43 [mg/l]
# name 10 = timeJ: Julian Days
# name 11 = sbeox0ML/L: Oxygen, SBE 43 [ml/l]
# name 12 = prDM: Pressure, Digiquartz [db]
# name 13 = flag: flag
# span 0 =      0.000,    150.000       
# span 1 =     2.0112,     8.6193       
# span 2 =    25.8862,    33.6121       
# span 3 =    20.6776,    26.1164       
# span 4 = 1.4100e-01, 9.6094e-01       
# span 5 =     0.1270,     0.1304       
# span 6 =      0.013,      0.018       
# span 7 =    1446.21,    1484.96       
# span 8 =     38.734,     77.507       
# span 9 =     3.6831,     8.6578       
# span 10 =  59.464928,  59.468047      
# span 11 =     2.5772,     6.0582      
# span 12 =      0.000,    151.479      
# span 13 = 0.0000e+00, 0.0000e+00      
# interval = meters: 1                  
# start_time = Feb 28 2019 11:08:56 [System UpLoad Time]
# bad_flag = -9.990e-29
*END*
[from data line 104]
    104.000     8.4944    33.6035    26.1031 1.4487e-01     0.1302      0.017    1484.33     54.192     5.1010  59.467052     3.5694    105.013 0.0000e+00
    105.000     8.4925    33.6036    26.1034 1.4303e-01     0.1303      0.017    1484.34     54.223     5.1042  59.467073     3.5716    106.023 0.0000e+00
    106.000     8.4909    33.6036    26.1037 1.4263e-01     0.1303      0.017    1484.35     54.163     5.0987  59.467094     3.5678    107.033 0.0000e+00
    107.000     8.4903    33.6037    26.1039 1.4347e-01     0.1302      0.017    1484.36     54.158     5.0983  59.467115     3.5675    108.043 0.0000e+00
    108.000     8.4900    33.6042    26.1043 1.4245e-01     0.1304      0.017    1484.38     54.061     5.0891  59.467136     3.5611    109.053 0.0000e+00
    109.000     8.4908    33.6045    26.1044 1.4407e-01     0.1302      0.017    1484.40     54.005     5.0838  59.467156     3.5574    110.063 0.0000e+00
    110.000     8.4890    33.6047    26.1048 1.4347e-01     0.1302      0.017    1484.41     53.963     5.0801  59.467178     3.5548    111.073 0.0000e+00
    111.000     8.4865    33.6046    26.1052 1.4425e-01     0.1301      0.017    1484.42     53.998     5.0836  59.467199     3.5572    112.083 0.0000e+00
    112.000     8.4846    33.6047    26.1055 1.4273e-01     0.1302      0.018    1484.43     54.062     5.0899  59.467220     3.5616    113.093 0.0000e+00
    113.000     8.4811    33.6046    26.1060 1.4347e-01     0.1304      0.017    1484.43     53.936     5.0784  59.467242     3.5535    114.103 0.0000e+00
    114.000     8.4790    33.6045    26.1062 1.4453e-01     0.1303      0.017    1484.44     53.858     5.0714  59.467263     3.5486    115.114 0.0000e+00
    115.000     8.4789    33.6046    26.1063 1.4482e-01     0.1301      0.017    1484.46     53.812     5.0670  59.467284     3.5456    116.123 0.0000e+00
    116.000     8.4790    33.6048    26.1065 1.4517e-01     0.1302      0.017    1484.47     53.643     5.0511  59.467305     3.5345    117.134 0.0000e+00
    117.000     8.4780    33.6051    26.1069 1.4623e-01     0.1303      0.017    1484.49     53.525     5.0400  59.467326     3.5267    118.144 0.0000e+00
    118.000     8.4765    33.6052    26.1071 1.4424e-01     0.1303      0.017    1484.50     53.664     5.0533  59.467347     3.5360    119.154 0.0000e+00
    119.000     8.4752    33.6051    26.1073 1.4375e-01     0.1304      0.017    1484.51     53.681     5.0551  59.467368     3.5372    120.164 0.0000e+00
    120.000     8.4753    33.6054    26.1075 1.4311e-01     0.1303      0.017    1484.53     53.556     5.0432  59.467389     3.5290    121.174 0.0000e+00
    121.000     8.4766    33.6056    26.1075 1.4402e-01     0.1302      0.017    1484.55     53.498     5.0377  59.467410     3.5251    122.184 0.0000e+00
    122.000     8.4784    33.6062    26.1076 1.4346e-01     0.1301      0.017    1484.57     53.473     5.0351  59.467431     3.5233    123.194 0.0000e+00
    123.000     8.4806    33.6069    26.1078 1.4486e-01     0.1303      0.017    1484.60     53.599     5.0466  59.467452     3.5313    124.204 0.0000e+00
    124.000     8.4819    33.6074    26.1080 1.4513e-01     0.1302      0.017    1484.62     53.522     5.0392  59.467474     3.5262    125.214 0.0000e+00
    125.000     8.4823    33.6077    26.1082 1.4462e-01     0.1304      0.017    1484.64     53.664     5.0525  59.467495     3.5355    126.224 0.0000e+00
    126.000     8.4819    33.6080    26.1085 1.4489e-01     0.1304      0.017    1484.65     53.709     5.0568  59.467517     3.5385    127.234 0.0000e+00
    127.000     8.4835    33.6086    26.1088 1.4353e-01     0.1304      0.017    1484.68     53.683     5.0542  59.467539     3.5367    128.245 0.0000e+00
    128.000     8.4852    33.6092    26.1090 1.4244e-01     0.1303      0.017    1484.70     53.570     5.0433  59.467560     3.5290    129.255 0.0000e+00
    129.000     8.4869    33.6099    26.1092 1.4430e-01     0.1302      0.017    1484.72     53.463     5.0330  59.467582     3.5218    130.265 0.0000e+00
    130.000     8.4864    33.6101    26.1095 1.4430e-01     0.1302      0.017    1484.74     53.353     5.0228  59.467603     3.5146    131.275 0.0000e+00
    131.000     8.4840    33.6100    26.1098 1.4196e-01     0.1302      0.017    1484.75     53.339     5.0217  59.467624     3.5139    132.285 0.0000e+00
    132.000     8.4811    33.6098    26.1100 1.4519e-01     0.1304      0.017    1484.75     53.418     5.0295  59.467645     3.5193    133.295 0.0000e+00
    133.000     8.4797    33.6096    26.1101 1.4462e-01     0.1302      0.017    1484.76     53.458     5.0334  59.467667     3.5221    134.305 0.0000e+00
    134.000     8.4787    33.6095    26.1102 1.4335e-01     0.1302      0.017    1484.78     53.368     5.0251  59.467689     3.5163    135.315 0.0000e+00
    135.000     8.4775    33.6094    26.1103 1.4489e-01     0.1301      0.017    1484.79     53.501     5.0377  59.467711     3.5251    136.326 0.0000e+00
    136.000     8.4762    33.6091    26.1102 1.4516e-01     0.1302      0.017    1484.80     53.449     5.0329  59.467732     3.5217    137.336 0.0000e+00
    137.000     8.4747    33.6091    26.1104 1.4321e-01     0.1303      0.017    1484.81     53.380     5.0266  59.467754     3.5173    138.346 0.0000e+00
    138.000     8.4746    33.6090    26.1104 1.4333e-01     0.1302      0.017    1484.83     53.382     5.0268  59.467776     3.5175    139.356 0.0000e+00
    139.000     8.4743    33.6092    26.1106 1.4402e-01     0.1302      0.017    1484.84     53.457     5.0339  59.467797     3.5225    140.366 0.0000e+00
    140.000     8.4745    33.6100    26.1112 1.4444e-01     0.1302      0.017    1484.86     53.442     5.0325  59.467819     3.5214    141.376 0.0000e+00
    141.000     8.4740    33.6101    26.1114 1.4518e-01     0.1301      0.017    1484.87     53.427     5.0312  59.467841     3.5205    142.387 0.0000e+00
    142.000     8.4734    33.6102    26.1115 1.4434e-01     0.1302      0.017    1484.89     53.301     5.0193  59.467864     3.5122    143.397 0.0000e+00
    143.000     8.4724    33.6102    26.1117 1.4601e-01     0.1303      0.017    1484.90     53.227     5.0124  59.467886     3.5074    144.407 0.0000e+00
    144.000     8.4722    33.6102    26.1117 1.4398e-01     0.1303      0.017    1484.92     53.145     5.0048  59.467908     3.5020    145.417 0.0000e+00
    145.000     8.4715    33.6104    26.1120 1.4568e-01     0.1302      0.017    1484.93     52.959     4.9873  59.467929     3.4898    146.427 0.0000e+00
    146.000     8.4706    33.6105    26.1122 1.4624e-01     0.1302      0.017    1484.95     52.834     4.9756  59.467950     3.4816    147.438 0.0000e+00
    147.000     8.4687    33.6110    26.1129 1.4624e-01     0.1302      0.017    1484.96     52.679     4.9612  59.467971     3.4716    148.448 0.0000e+00
    148.000     8.4530    33.6118    26.1159 1.4681e-01     0.1304      0.017    1484.92     52.447     4.9411  59.467992     3.4575    149.458 0.0000e+00
    149.000     8.4515    33.6121    26.1164 1.4858e-01     0.1304      0.017    1484.93     52.147     4.9130  59.468013     3.4378    150.468 0.0000e+00
    150.000     8.4512    33.6121    26.1164 1.5065e-01     0.1298      0.016    1484.94     49.301     4.6448  59.468047     3.2502    151.479 0.0000e+00
