RAWDATA/20190228/Fl1_20190228_down.cnv
* Sea-Bird SBE 9 Data File:
* FileName = C:\CTD Brukere\NIVA\IO2019\20190228\Fl1_20190228.hex
* Software Version Seasave V 7.23.2
* Temperature SN = 5352
* Conductivity SN = 3840
* Number of Bytes Per Scan = 28
* Number of Voltage Words = 4
* Number of Scans Averaged by the Deck Unit = 1
* NMEA baud rate = 4800
** Ship: R/V Trygve Braarud
** Cruise:
** Station:
** Operator:
# nquan = 14
# nvalues = 8551                                  
# units = specified
# name 0 = depSM: Depth [salt water, m], lat = 59.60
# name 1 = t090C: Temperature [ITS-90, deg C]
# name 2 = sal00: Salinity, Practical [PSU]
# name 3 = sigma-t00: Density [sigma-t, kg/m^3 ]
# name 4 = flSP: Fluorescence, Seapoint
# name 5 = wetStar: Fluorescence, WET Labs WETstar [mg/m^3]
# name 6 = seaTurbMtr: Turbidity, Seapoint [FTU]
# name 7 = svCM: Sound Velocity [Chen-Millero, m/s]
# name 8 = sbeox0PS: Oxygen, SBE 43 [% saturation]
# name 9 = sbeox0Mg/L: Oxygen, SBE 43 [mg/l]
# name 10 = timeJ: Julian Days
# name 11 = sbeox0ML/L: Oxygen, SBE 43 [ml/l]
# name 12 = prDM: Pressure, Digiquartz [db]
# name 13 = flag:  0.000e+00
# span 0 =     -0.109,    166.087                 
# span 1 =     3.1343,     8.0097                 
# span 2 =    26.7819,    33.8617                 
# span 3 =    21.3150,    26.3802                 
# span 4 = 1.3431e-01, 6.3492e-01                 
# span 5 =     0.1273,     0.1310                 
# span 6 =      0.011,      0.018                 
# span 7 =    1452.76,    1483.82                 
# span 8 =     53.787,     73.813                 
# span 9 =     5.2721,     8.1940                 
# span 10 =  59.758576,  59.762700                
# span 11 =     3.6891,     5.7337                
# span 12 =     -0.110,    167.730                
# span 13 = 0.0000e+00, 0.0000e+00                
# interval = seconds: 0.0416667
# start_time = Feb 28 2019 18:12:21 [System UpLoad Time]
# bad_flag = -9.990e-29
*END*
[from data line 6710]
    146.580     7.9976    33.8613    26.3799 1.3431e-01     0.1298      0.018    1483.48     60.164     5.7171  59.761812     4.0005    148.024  0.000e+00
    146.646     7.9978    33.8609    26.3796 1.4652e-01     0.1298      0.015    1483.49     60.170     5.7177  59.761813     4.0009    148.090  0.000e+00
    146.641     7.9978    33.8607    26.3794 1.3431e-01     0.1285      0.015    1483.49     60.176     5.7182  59.761813     4.0013    148.085  0.000e+00
    146.682     7.9978    33.8607    26.3794 1.3431e-01     0.1298      0.015    1483.49     60.119     5.7128  59.761814     3.9975    148.127  0.000e+00
    146.677     7.9978    33.8609    26.3795 1.3431e-01     0.1298      0.015    1483.49     60.179     5.7185  59.761814     4.0015    148.122  0.000e+00
    146.702     7.9978    33.8606    26.3793 1.3431e-01     0.1298      0.015    1483.49     60.185     5.7190  59.761815     4.0018    148.146  0.000e+00
    146.731     7.9978    33.8606    26.3793 1.4652e-01     0.1298      0.015    1483.49     60.127     5.7135  59.761815     3.9980    148.176  0.000e+00
    146.751     7.9978    33.8603    26.3791 1.3431e-01     0.1298      0.015    1483.49     60.124     5.7133  59.761816     3.9978    148.196  0.000e+00
    146.767     7.9980    33.8603    26.3791 1.3431e-01     0.1298      0.018    1483.49     60.184     5.7190  59.761816     4.0018    148.213  0.000e+00
    146.787     7.9976    33.8607    26.3794 1.3431e-01     0.1298      0.015    1483.49     60.189     5.7194  59.761817     4.0021    148.233  0.000e+00
    146.811     7.9976    33.8609    26.3796 1.3431e-01     0.1298      0.018    1483.49     60.193     5.7198  59.761817     4.0024    148.257  0.000e+00
    146.828     7.9976    33.8608    26.3795 1.4652e-01     0.1298      0.018    1483.49     60.197     5.7202  59.761818     4.0027    148.274  0.000e+00
    146.849     7.9975    33.8607    26.3795 1.3431e-01     0.1285      0.015    1483.49     60.138     5.7146  59.761818     3.9987    148.295  0.000e+00
    146.866     7.9976    33.8607    26.3794 1.3431e-01     0.1298      0.018    1483.49     60.134     5.7142  59.761819     3.9985    148.312  0.000e+00
    146.897     7.9975    33.8613    26.3799 1.3431e-01     0.1285      0.018    1483.49     60.130     5.7138  59.761819     3.9982    148.343  0.000e+00
    146.902     7.9974    33.8613    26.3799 1.3431e-01     0.1298      0.018    1483.49     60.189     5.7194  59.761820     4.0021    148.348  0.000e+00
    146.946     7.9976    33.8609    26.3796 1.4652e-01     0.1298      0.018    1483.49     60.192     5.7198  59.761820     4.0023    148.393  0.000e+00
    146.946     7.9976    33.8607    26.3794 1.3431e-01     0.1298      0.018    1483.49     60.195     5.7200  59.761821     4.0025    148.393  0.000e+00
    146.962     7.9976    33.8609    26.3796 1.3431e-01     0.1298      0.018    1483.49     60.198     5.7203  59.761821     4.0027    148.410  0.000e+00
    147.006     7.9978    33.8606    26.3793 1.3431e-01     0.1298      0.015    1483.49     60.137     5.7145  59.761821     3.9987    148.454  0.000e+00
    147.011     7.9976    33.8606    26.3793 1.4652e-01     0.1298      0.015    1483.49     60.132     5.7141  59.761822     3.9984    148.459  0.000e+00
    147.044     7.9975    33.8607    26.3795 1.3431e-01     0.1298      0.018    1483.49     60.127     5.7136  59.761822     3.9980    148.492  0.000e+00
    147.072     7.9976    33.8609    26.3796 1.3431e-01     0.1298      0.018    1483.49     60.122     5.7131  59.761823     3.9977    148.520  0.000e+00
    147.069     7.9975    33.8608    26.3795 1.3431e-01     0.1298      0.018    1483.49     60.179     5.7186  59.761823     4.0015    148.517  0.000e+00
    147.118     7.9976    33.8608    26.3795 1.3431e-01     0.1298      0.018    1483.49     60.182     5.7188  59.761824     4.0017    148.567  0.000e+00
    147.121     7.9973    33.8612    26.3799 1.3431e-01     0.1298      0.015    1483.49     60.183     5.7189  59.761824     4.0018    148.570  0.000e+00
    147.141     7.9975    33.8608    26.3795 1.3431e-01     0.1298      0.015    1483.49     60.185     5.7191  59.761825     4.0019    148.590  0.000e+00
    147.183     7.9976    33.8608    26.3795 1.3431e-01     0.1298      0.018    1483.49     60.186     5.7192  59.761825     4.0019    148.633  0.000e+00
    147.190     7.9976    33.8608    26.3795 1.4652e-01     0.1298      0.018    1483.49     60.187     5.7192  59.761826     4.0020    148.640  0.000e+00
    147.206     7.9974    33.8610    26.3797 1.3431e-01     0.1285      0.018    1483.49     60.187     5.7193  59.761826     4.0020    148.656  0.000e+00
    147.239     7.9975    33.8612    26.3798 1.3431e-01     0.1298      0.015    1483.50     60.187     5.7193  59.761827     4.0020    148.689  0.000e+00
    147.255     7.9976    33.8610    26.3796 1.3431e-01     0.1298      0.015    1483.50     60.187     5.7193  59.761827     4.0020    148.706  0.000e+00
    147.288     7.9976    33.8607    26.3794 1.3431e-01     0.1298      0.015    1483.50     60.124     5.7133  59.761828     3.9978    148.739  0.000e+00
    147.300     7.9978    33.8609    26.3796 1.3431e-01     0.1298      0.018    1483.50     60.179     5.7185  59.761828     4.0014    148.751  0.000e+00
    147.329     7.9978    33.8607    26.3794 1.3431e-01     0.1298      0.018    1483.50     60.178     5.7184  59.761829     4.0014    148.780  0.000e+00
    147.349     7.9976    33.8608    26.3795 1.3431e-01     0.1298      0.018    1483.50     60.114     5.7124  59.761829     3.9972    148.800  0.000e+00
    147.378     7.9978    33.8608    26.3795 1.3431e-01     0.1298      0.015    1483.50     60.106     5.7115  59.761830     3.9966    148.830  0.000e+00
    147.398     7.9976    33.8608    26.3795 1.3431e-01     0.1298      0.015    1483.50     60.105     5.7115  59.761830     3.9966    148.850  0.000e+00
    147.428     7.9976    33.8610    26.3797 1.4652e-01     0.1298      0.018    1483.50     60.097     5.7107  59.761831     3.9960    148.880  0.000e+00
    147.434     7.9978    33.8607    26.3794 1.3431e-01     0.1298      0.018    1483.50     60.096     5.7106  59.761831     3.9960    148.886  0.000e+00
    147.475     7.9976    33.8609    26.3796 1.3431e-01     0.1298      0.015    1483.50     60.088     5.7099  59.761832     3.9955    148.928  0.000e+00
    147.483     7.9976    33.8607    26.3795 1.3431e-01     0.1298      0.015    1483.50     60.080     5.7091  59.761832     3.9949    148.936  0.000e+00
    147.513     7.9976    33.8605    26.3793 1.3431e-01     0.1298      0.015    1483.50     60.073     5.7084  59.761833     3.9944    148.966  0.000e+00
    147.521     7.9975    33.8604    26.3792 1.4652e-01     0.1298      0.018    1483.50     60.072     5.7084  59.761833     3.9944    148.974  0.000e+00
    147.549     7.9974    33.8608    26.3795 1.3431e-01     0.1285      0.018    1483.50     60.065     5.7077  59.761834     3.9939    149.002  0.000e+00
    147.582     7.9976    33.8609    26.3796 1.4652e-01     0.1298      0.018    1483.50     60.057     5.7069  59.761834     3.9934    149.035  0.000e+00
    147.609     7.9973    33.8610    26.3797 1.4652e-01     0.1298      0.015    1483.50     60.050     5.7062  59.761834     3.9929    149.063  0.000e+00
    147.618     7.9976    33.8606    26.3794 1.4652e-01     0.1285      0.015    1483.50     60.042     5.7055  59.761835     3.9924    149.072  0.000e+00
    147.647     7.9976    33.8606    26.3794 1.4652e-01     0.1298      0.018    1483.50     60.042     5.7055  59.761835     3.9924    149.101  0.000e+00
    147.655     7.9976    33.8609    26.3796 1.4652e-01     0.1298      0.018    1483.50     60.043     5.7055  59.761836     3.9924    149.110  0.000e+00
    147.683     7.9976    33.8612    26.3798 1.4652e-01     0.1298      0.018    1483.50     60.043     5.7056  59.761836     3.9924    149.138  0.000e+00
    147.703     7.9976    33.8608    26.3795 1.4652e-01     0.1298      0.015    1483.50     60.044     5.7057  59.761837     3.9925    149.158  0.000e+00
    147.732     7.9976    33.8606    26.3793 1.4652e-01     0.1298      0.015    1483.50     60.038     5.7051  59.761837     3.9921    149.188  0.000e+00
    147.740     7.9978    33.8607    26.3794 1.4652e-01     0.1298      0.018    1483.50     60.039     5.7052  59.761838     3.9922    149.196  0.000e+00
    147.781     7.9978    33.8610    26.3796 1.4652e-01     0.1298      0.015    1483.51     60.041     5.7054  59.761838     3.9923    149.237  0.000e+00
    147.790     7.9978    33.8605    26.3793 1.3431e-01     0.1298      0.015    1483.50     60.035     5.7049  59.761839     3.9919    149.245  0.000e+00
    147.817     7.9978    33.8604    26.3792 1.4652e-01     0.1298      0.018    1483.50     60.030     5.7043  59.761839     3.9916    149.274  0.000e+00
    147.837     7.9978    33.8609    26.3796 1.4652e-01     0.1298      0.018    1483.51     60.032     5.7045  59.761840     3.9917    149.293  0.000e+00
    147.853     7.9978    33.8608    26.3795 1.4652e-01     0.1298      0.018    1483.51     60.034     5.7047  59.761840     3.9918    149.310  0.000e+00
    147.886     7.9978    33.8603    26.3791 1.3431e-01     0.1298      0.015    1483.51     60.037     5.7050  59.761841     3.9920    149.343  0.000e+00
    147.891     7.9978    33.8603    26.3791 1.3431e-01     0.1298      0.015    1483.51     60.040     5.7053  59.761841     3.9922    149.348  0.000e+00
    147.924     7.9976    33.8610    26.3797 1.3431e-01     0.1285      0.018    1483.51     60.035     5.7048  59.761842     3.9919    149.381  0.000e+00
    147.927     7.9976    33.8610    26.3797 1.3431e-01     0.1285      0.015    1483.51     60.093     5.7104  59.761842     3.9958    149.384  0.000e+00
    147.960     7.9976    33.8608    26.3795 1.4652e-01     0.1298      0.015    1483.51     60.096     5.7106  59.761843     3.9960    149.418  0.000e+00
    147.988     7.9976    33.8608    26.3795 1.3431e-01     0.1298      0.015    1483.51     60.044     5.7056  59.761843     3.9925    149.446  0.000e+00
    147.996     7.9978    33.8604    26.3792 1.3431e-01     0.1298      0.018    1483.51     60.046     5.7059  59.761844     3.9927    149.454  0.000e+00
    148.012     7.9976    33.8610    26.3796 1.4652e-01     0.1298      0.018    1483.51     60.050     5.7062  59.761844     3.9929    149.471  0.000e+00
    148.045     7.9976    33.8603    26.3791 1.4652e-01     0.1298      0.015    1483.51     60.053     5.7066  59.761845     3.9931    149.504  0.000e+00
    148.048     7.9976    33.8606    26.3794 1.4652e-01     0.1298      0.018    1483.51     60.049     5.7062  59.761845     3.9929    149.507  0.000e+00
    148.083     7.9976    33.8608    26.3795 1.3431e-01     0.1298      0.018    1483.51     60.046     5.7058  59.761846     3.9926    149.542  0.000e+00
    148.098     7.9975    33.8609    26.3796 1.4652e-01     0.1298      0.015    1483.51     60.042     5.7055  59.761846     3.9924    149.557  0.000e+00
    148.119     7.9974    33.8608    26.3796 1.3431e-01     0.1298      0.018    1483.51     60.038     5.7051  59.761847     3.9921    149.578  0.000e+00
    148.135     7.9976    33.8607    26.3794 1.3431e-01     0.1298      0.015    1483.51     60.104     5.7114  59.761847     3.9965    149.595  0.000e+00
    148.155     7.9976    33.8608    26.3795 1.4652e-01     0.1298      0.015    1483.51     60.053     5.7065  59.761848     3.9931    149.615  0.000e+00
    148.171     7.9976    33.8608    26.3795 1.3431e-01     0.1285      0.018    1483.51     60.120     5.7129  59.761848     3.9975    149.631  0.000e+00
    148.207     7.9976    33.8606    26.3794 1.3431e-01     0.1298      0.018    1483.51     60.132     5.7140  59.761848     3.9983    149.668  0.000e+00
    148.217     7.9976    33.8610    26.3797 1.4652e-01     0.1298      0.018    1483.51     60.081     5.7092  59.761849     3.9949    149.677  0.000e+00
    148.221     7.9976    33.8605    26.3793 1.3431e-01     0.1298      0.015    1483.51     60.085     5.7096  59.761849     3.9952    149.681  0.000e+00
    148.253     7.9976    33.8604    26.3792 1.3431e-01     0.1298      0.018    1483.51     60.090     5.7101  59.761850     3.9956    149.714  0.000e+00
    148.281     7.9976    33.8608    26.3795 1.3431e-01     0.1298      0.015    1483.51     60.095     5.7105  59.761850     3.9959    149.742  0.000e+00
    148.302     7.9976    33.8605    26.3793 1.3431e-01     0.1298      0.018    1483.51     60.101     5.7111  59.761851     3.9963    149.764  0.000e+00
    148.317     7.9976    33.8608    26.3795 1.3431e-01     0.1298      0.018    1483.51     60.098     5.7109  59.761851     3.9961    149.778  0.000e+00
    148.338     7.9976    33.8609    26.3796 1.3431e-01     0.1298      0.015    1483.51     60.104     5.7114  59.761852     3.9965    149.800  0.000e+00
    148.355     7.9973    33.8610    26.3797 1.4652e-01     0.1298      0.018    1483.51     60.110     5.7120  59.761852     3.9969    149.816  0.000e+00
    148.379     7.9975    33.8610    26.3797 1.3431e-01     0.1298      0.018    1483.51     60.109     5.7119  59.761853     3.9968    149.841  0.000e+00
    148.399     7.9978    33.8608    26.3795 1.4652e-01     0.1298      0.018    1483.52     60.108     5.7117  59.761853     3.9967    149.861  0.000e+00
    148.404     7.9976    33.8608    26.3795 1.3431e-01     0.1285      0.015    1483.51     60.106     5.7116  59.761854     3.9966    149.866  0.000e+00
    148.448     7.9976    33.8607    26.3794 1.3431e-01     0.1298      0.018    1483.52     60.105     5.7115  59.761854     3.9965    149.911  0.000e+00
    148.452     7.9978    33.8605    26.3792 1.3431e-01     0.1298      0.018    1483.52     60.103     5.7113  59.761855     3.9964    149.914  0.000e+00
    148.473     7.9978    33.8609    26.3796 1.3431e-01     0.1298      0.015    1483.52     60.102     5.7112  59.761855     3.9963    149.936  0.000e+00
    148.501     7.9978    33.8610    26.3797 1.3431e-01     0.1298      0.015    1483.52     60.101     5.7110  59.761856     3.9962    149.964  0.000e+00
    148.525     7.9978    33.8608    26.3795 1.3431e-01     0.1298      0.018    1483.52     60.099     5.7109  59.761856     3.9962    149.989  0.000e+00
    148.547     7.9976    33.8609    26.3796 1.3431e-01     0.1298      0.015    1483.52     60.098     5.7108  59.761857     3.9961    150.010  0.000e+00
    148.561     7.9975    33.8610    26.3797 1.4652e-01     0.1298      0.015    1483.52     60.096     5.7107  59.761857     3.9960    150.025  0.000e+00
    148.571     7.9978    33.8603    26.3791 1.3431e-01     0.1298      0.018    1483.52     60.095     5.7105  59.761858     3.9959    150.035  0.000e+00
    148.610     7.9975    33.8609    26.3796 1.3431e-01     0.1298      0.018    1483.52     60.094     5.7104  59.761858     3.9958    150.075  0.000e+00
    148.620     7.9976    33.8609    26.3796 1.3431e-01     0.1298      0.015    1483.52     60.092     5.7103  59.761859     3.9957    150.085  0.000e+00
    148.660     7.9975    33.8607    26.3795 1.3431e-01     0.1298      0.015    1483.52     60.091     5.7102  59.761859     3.9956    150.124  0.000e+00
    148.673     7.9976    33.8607    26.3794 1.4652e-01     0.1298      0.018    1483.52     60.089     5.7100  59.761860     3.9955    150.138  0.000e+00
    148.692     7.9975    33.8606    26.3794 1.4652e-01     0.1298      0.018    1483.52     60.088     5.7099  59.761860     3.9954    150.157  0.000e+00
    148.720     7.9978    33.8605    26.3793 1.4652e-01     0.1298      0.018    1483.52     60.087     5.7097  59.761861     3.9953    150.186  0.000e+00
    148.730     7.9975    33.8607    26.3794 1.3431e-01     0.1298      0.018    1483.52     60.085     5.7096  59.761861     3.9953    150.196  0.000e+00
