RAWDATA/20190228/Fl1_20190228_down_bin.cnv
* Sea-Bird SBE 9 Data File:
* FileName = C:\CTD Brukere\NIVA\IO2019\20190228\Fl1_20190228.hex
* Software Version Seasave V 7.23.2
* Temperature SN = 5352
* Conductivity SN = 3840
* Number of Bytes Per Scan = 28
* Number of Voltage Words = 4
* Number of Scans Averaged by the Deck Unit = 1
* NMEA baud rate = 4800
** Ship: R/V Trygve Braarud
** Cruise:
** Station:
** Operator:
# nquan = 14
# nvalues = 167                         
# units = specified
# name 0 = depSM: Depth [salt water, m], lat = 59.60
# name 1 = t090C: Temperature [ITS-90, deg C]
# name 2 = sal00: Salinity, Practical [PSU]
# name 3 = sigma-t00: Density [sigma-t, kg/m^3 ]
# name 4 = flSP: Fluorescence, Seapoint
# name 5 = wetStar: Fluorescence, WET Labs WETstar [mg/m^3]
# name 6 = seaTurbMtr: Turbidity, Seapoint [FTU]
# name 7 = svCM: Sound Velocity [Chen-Millero, m/s]
# name 8 = sbeox0PS: Oxygen, SBE 43 [% saturation]
# name 9 = sbeox0Mg/L: Oxygen, SBE 43 [mg/l]
# name 10 = timeJ: Julian Days
# name 11 = sbeox0ML/L: Oxygen, SBE 43 [ml/l]
# name 12 = prDM: Pressure, Digiquartz [db]
# name 13 = flag: flag
# span 0 =      0.000,    166.000       
# span 1 =     3.1531,     8.0094       
# span 2 =    27.0382,    33.8612       
# span 3 =    21.5181,    26.3796       
# span 4 = 1.3633e-01, 4.7441e-01       
# span 5 =     0.1281,     0.1298       
# span 6 =      0.012,      0.017       
# span 7 =    1453.15,    1483.81       
# span 8 =     53.856,     73.748       
# span 9 =     5.2816,     8.1824       
# span 10 =  59.758681,  59.762450      
# span 11 =     3.6957,     5.7255      
# span 12 =     -0.000,    167.643      
# span 13 = 0.0000e+00, 0.0000e+00      
# interval = meters: 1                  
# start_time = Feb 28 2019 18:12:21 [System UpLoad Time]
# bad_flag = -9.990e-29
*END*
      0.000     3.2449    27.0382    21.5181 4.2861e-01     0.1288      0.016    1453.15     73.395     8.1705  59.758681     5.7172     -0.000 0.0000e+00
      1.000     3.2545    27.0590    21.5339 3.9566e-01     0.1287      0.015    1453.23     73.530     8.1824  59.758746     5.7255      1.009 0.0000e+00
      2.000     3.2730    27.2639    21.6957 3.8238e-01     0.1289      0.015    1453.59     73.563     8.1708  59.758765     5.7175      2.019 0.0000e+00
      3.000     3.2676    27.1472    21.6031 3.7616e-01     0.1287      0.015    1453.44     73.546     8.1765  59.758784     5.7214      3.029 0.0000e+00
      4.000     3.2572    27.2220    21.6635 4.0771e-01     0.1287      0.015    1453.50     73.529     8.1727  59.758804     5.7188      4.038 0.0000e+00
      5.000     3.2219    27.6651    22.0188 4.3931e-01     0.1289      0.016    1453.94     73.428     8.1440  59.758824     5.6987      5.047 0.0000e+00
      6.000     3.1945    27.9539    22.2508 4.6881e-01     0.1287      0.015    1454.21     73.612     8.1540  59.758844     5.7057      6.057 0.0000e+00
      7.000     3.1531    28.4629    22.6593 4.5111e-01     0.1286      0.015    1454.71     73.748     8.1493  59.758864     5.7024      7.067 0.0000e+00
      8.000     3.1565    28.7383    22.8783 4.7441e-01     0.1287      0.015    1455.09     73.715     8.1298  59.758885     5.6887      8.076 0.0000e+00
      9.000     3.2015    28.9983    23.0819 4.6042e-01     0.1286      0.015    1455.64     73.464     8.0787  59.758907     5.6530      9.086 0.0000e+00
     10.000     3.2482    29.1785    23.2218 4.3751e-01     0.1283      0.015    1456.09     73.223     8.0329  59.758928     5.6210     10.095 0.0000e+00
     11.000     3.3000    29.4487    23.4328 4.4365e-01     0.1281      0.015    1456.68     72.851     7.9672  59.758948     5.5750     11.105 0.0000e+00
     12.000     3.3782    29.6843    23.6140 4.4624e-01     0.1282      0.012    1457.34     72.462     7.8967  59.758969     5.5257     12.114 0.0000e+00
     13.000     3.5155    29.9616    23.8232 4.2157e-01     0.1284      0.015    1458.30     72.120     7.8181  59.758989     5.4706     13.124 0.0000e+00
     14.000     3.7059    30.2579    24.0424 3.7474e-01     0.1287      0.015    1459.51     71.802     7.7316  59.759009     5.4101     14.133 0.0000e+00
     15.000     3.8682    30.5025    24.2223 3.5382e-01     0.1288      0.015    1460.53     71.506     7.6563  59.759029     5.3575     15.143 0.0000e+00
     16.000     3.9752    30.6666    24.3429 3.4376e-01     0.1285      0.015    1461.21     71.145     7.5894  59.759049     5.3106     16.152 0.0000e+00
     17.000     4.1037    30.8909    24.5091 3.1864e-01     0.1287      0.015    1462.05     70.035     7.4363  59.759069     5.2035     17.162 0.0000e+00
     18.000     4.3740    31.2117    24.7374 2.8368e-01     0.1288      0.015    1463.61     68.824     7.2443  59.759092     5.0692     18.172 0.0000e+00
     19.000     4.8175    31.5530    24.9628 2.5504e-01     0.1290      0.016    1465.90     67.858     7.0505  59.759112     4.9335     19.181 0.0000e+00
     20.000     5.3888    31.8503    25.1358 2.5956e-01     0.1289      0.016    1468.63     67.442     6.8984  59.759132     4.8271     20.191 0.0000e+00
     21.000     5.6006    32.0036    25.2328 2.5145e-01     0.1289      0.016    1469.70     66.505     6.7615  59.759154     4.7313     21.200 0.0000e+00
     22.000     5.7267    32.1069    25.2997 2.3522e-01     0.1290      0.017    1470.36     64.085     6.4917  59.759175     4.5425     22.210 0.0000e+00
     23.000     5.9329    32.2079    25.3549 2.2528e-01     0.1289      0.017    1471.33     61.033     6.1486  59.759197     4.3024     23.220 0.0000e+00
     24.000     6.1115    32.2998    25.4058 2.3204e-01     0.1292      0.017    1472.18     59.337     5.9489  59.759220     4.1627     24.229 0.0000e+00
     25.000     6.0679    32.3603    25.4590 2.1566e-01     0.1290      0.017    1472.09     58.525     5.8712  59.759241     4.1083     25.239 0.0000e+00
     26.000     6.1749    32.4267    25.4982 1.9651e-01     0.1291      0.017    1472.62     56.973     5.6987  59.759264     3.9876     26.248 0.0000e+00
     27.000     6.4655    32.5766    25.5799 1.9096e-01     0.1291      0.017    1473.98     56.410     5.5987  59.759286     3.9176     27.258 0.0000e+00
     28.000     6.4893    32.6271    25.6167 1.8929e-01     0.1291      0.017    1474.15     56.517     5.6043  59.759306     3.9216     28.267 0.0000e+00
     29.000     6.5089    32.6829    25.6582 1.8520e-01     0.1292      0.017    1474.31     55.764     5.5251  59.759329     3.8662     29.277 0.0000e+00
     30.000     6.5184    32.7168    25.6837 1.8741e-01     0.1290      0.017    1474.41     54.774     5.4246  59.759350     3.7958     30.287 0.0000e+00
     31.000     6.4903    32.7502    25.7136 1.9184e-01     0.1291      0.017    1474.36     54.317     5.3816  59.759371     3.7657     31.296 0.0000e+00
     32.000     6.5119    32.7815    25.7356 1.8917e-01     0.1292      0.016    1474.50     54.154     5.3617  59.759395     3.7518     32.306 0.0000e+00
     33.000     6.5542    32.8069    25.7501 1.8321e-01     0.1291      0.016    1474.72     54.085     5.3487  59.759415     3.7427     33.316 0.0000e+00
     34.000     6.5915    32.8281    25.7621 1.7526e-01     0.1291      0.017    1474.91     54.001     5.3350  59.759437     3.7331     34.325 0.0000e+00
     35.000     6.7415    32.8946    25.7949 1.7084e-01     0.1292      0.017    1475.59     53.905     5.3048  59.759458     3.7120     35.335 0.0000e+00
     36.000     6.8699    32.9721    25.8389 1.6943e-01     0.1292      0.017    1476.21     53.856     5.2816  59.759477     3.6957     36.345 0.0000e+00
     37.000     6.9717    33.0281    25.8694 1.6522e-01     0.1292      0.017    1476.69     54.102     5.2914  59.759499     3.7026     37.354 0.0000e+00
     38.000     7.0913    33.1011    25.9108 1.5781e-01     0.1293      0.017    1477.26     54.467     5.3099  59.759521     3.7155     38.364 0.0000e+00
     39.000     7.2592    33.1969    25.9631 1.5139e-01     0.1290      0.017    1478.05     54.932     5.3312  59.759541     3.7305     39.374 0.0000e+00
     40.000     7.3507    33.2578    25.9984 1.4927e-01     0.1292      0.016    1478.50     55.595     5.3822  59.759563     3.7661     40.383 0.0000e+00
     41.000     7.4033    33.3010    26.0250 1.5110e-01     0.1292      0.016    1478.77     56.330     5.4453  59.759584     3.8103     41.393 0.0000e+00
     42.000     7.4235    33.3371    26.0506 1.4742e-01     0.1293      0.017    1478.91     56.983     5.5045  59.759604     3.8517     42.403 0.0000e+00
     43.000     7.4584    33.3952    26.0914 1.4677e-01     0.1292      0.017    1479.13     57.517     5.5496  59.759627     3.8833     43.412 0.0000e+00
     44.000     7.4664    33.4215    26.1109 1.4683e-01     0.1293      0.016    1479.21     57.932     5.5876  59.759648     3.9099     44.422 0.0000e+00
     45.000     7.4686    33.4368    26.1226 1.4708e-01     0.1293      0.017    1479.26     58.339     5.6261  59.759667     3.9368     45.432 0.0000e+00
     46.000     7.4832    33.4611    26.1397 1.4651e-01     0.1293      0.016    1479.36     58.698     5.6579  59.759689     3.9590     46.442 0.0000e+00
     47.000     7.5127    33.4937    26.1612 1.4652e-01     0.1293      0.017    1479.53     58.915     5.6738  59.759709     3.9702     47.451 0.0000e+00
     48.000     7.5308    33.5094    26.1709 1.4652e-01     0.1293      0.017    1479.63     59.012     5.6802  59.759730     3.9747     48.461 0.0000e+00
     49.000     7.5477    33.5279    26.1831 1.4652e-01     0.1294      0.016    1479.74     59.229     5.6982  59.759752     3.9873     49.471 0.0000e+00
     50.000     7.5862    33.5602    26.2031 1.4592e-01     0.1293      0.017    1479.94     59.445     5.7128  59.759773     3.9975     50.481 0.0000e+00
     51.000     7.6224    33.5882    26.2199 1.4544e-01     0.1293      0.017    1480.13     59.578     5.7198  59.759793     4.0024     51.490 0.0000e+00
     52.000     7.6525    33.6053    26.2290 1.4598e-01     0.1294      0.017    1480.29     59.832     5.7396  59.759815     4.0162     52.500 0.0000e+00
     53.000     7.6884    33.6308    26.2439 1.4589e-01     0.1294      0.016    1480.47     59.947     5.7450  59.759834     4.0200     53.510 0.0000e+00
     54.000     7.7090    33.6462    26.2530 1.4287e-01     0.1293      0.017    1480.59     59.975     5.7445  59.759855     4.0197     54.519 0.0000e+00
     55.000     7.7328    33.6653    26.2646 1.4304e-01     0.1294      0.017    1480.72     60.009     5.7439  59.759878     4.0192     55.529 0.0000e+00
     56.000     7.7527    33.6756    26.2698 1.4415e-01     0.1292      0.016    1480.82     60.082     5.7479  59.759898     4.0220     56.539 0.0000e+00
     57.000     7.7641    33.6828    26.2738 1.4265e-01     0.1294      0.016    1480.89     60.001     5.7384  59.759919     4.0154     57.549 0.0000e+00
     58.000     7.8092    33.7010    26.2816 1.4605e-01     0.1295      0.017    1481.10     60.116     5.7428  59.759941     4.0185     58.559 0.0000e+00
     59.000     7.8587    33.7211    26.2902 1.4315e-01     0.1294      0.017    1481.33     60.192     5.7429  59.759960     4.0185     59.568 0.0000e+00
     60.000     7.8807    33.7319    26.2954 1.4314e-01     0.1294      0.017    1481.44     60.015     5.7228  59.759981     4.0045     60.578 0.0000e+00
     61.000     7.8936    33.7414    26.3010 1.4125e-01     0.1295      0.016    1481.52     59.892     5.7091  59.760004     3.9949     61.588 0.0000e+00
     62.000     7.9017    33.7458    26.3033 1.4293e-01     0.1293      0.017    1481.58     59.843     5.7031  59.760023     3.9907     62.598 0.0000e+00
     63.000     7.9078    33.7504    26.3060 1.3967e-01     0.1294      0.017    1481.62     59.700     5.6886  59.760044     3.9805     63.607 0.0000e+00
     64.000     7.9101    33.7527    26.3074 1.4028e-01     0.1295      0.016    1481.65     59.684     5.6867  59.760067     3.9792     64.617 0.0000e+00
     65.000     7.9051    33.7578    26.3123 1.3984e-01     0.1294      0.017    1481.65     59.812     5.6993  59.760086     3.9880     65.627 0.0000e+00
     66.000     7.8939    33.7575    26.3137 1.3934e-01     0.1295      0.017    1481.63     59.862     5.7056  59.760108     3.9924     66.637 0.0000e+00
     67.000     7.8804    33.7571    26.3153 1.4130e-01     0.1294      0.017    1481.59     59.892     5.7102  59.760129     3.9957     67.647 0.0000e+00
     68.000     7.8706    33.7571    26.3167 1.3983e-01     0.1294      0.017    1481.57     59.827     5.7052  59.760148     3.9922     68.656 0.0000e+00
     69.000     7.8699    33.7581    26.3176 1.4015e-01     0.1294      0.017    1481.59     59.905     5.7127  59.760169     3.9974     69.666 0.0000e+00
     70.000     7.8744    33.7626    26.3205 1.4196e-01     0.1295      0.017    1481.62     60.061     5.7269  59.760190     4.0073     70.676 0.0000e+00
     71.000     7.8811    33.7679    26.3236 1.4117e-01     0.1294      0.017    1481.67     60.090     5.7286  59.760209     4.0085     71.686 0.0000e+00
     72.000     7.8857    33.7716    26.3259 1.4080e-01     0.1294      0.017    1481.71     60.231     5.7413  59.760231     4.0174     72.696 0.0000e+00
     73.000     7.8975    33.7800    26.3308 1.3923e-01     0.1296      0.016    1481.78     60.226     5.7389  59.760252     4.0158     73.706 0.0000e+00
     74.000     7.9065    33.7856    26.3338 1.3868e-01     0.1294      0.017    1481.84     60.278     5.7425  59.760272     4.0183     74.715 0.0000e+00
     75.000     7.9113    33.7887    26.3356 1.3838e-01     0.1296      0.016    1481.88     60.139     5.7286  59.760294     4.0085     75.725 0.0000e+00
     76.000     7.9164    33.7921    26.3375 1.3889e-01     0.1295      0.016    1481.92     60.182     5.7318  59.760315     4.0108     76.735 0.0000e+00
     77.000     7.9215    33.7963    26.3401 1.3857e-01     0.1296      0.017    1481.96     60.136     5.7267  59.760335     4.0072     77.745 0.0000e+00
     78.000     7.9242    33.7981    26.3411 1.3920e-01     0.1296      0.017    1481.99     60.234     5.7355  59.760357     4.0134     78.755 0.0000e+00
     79.000     7.9261    33.7998    26.3422 1.3705e-01     0.1295      0.016    1482.02     60.283     5.7400  59.760377     4.0165     79.765 0.0000e+00
     80.000     7.9284    33.8017    26.3433 1.3951e-01     0.1296      0.017    1482.04     60.191     5.7308  59.760396     4.0101     80.775 0.0000e+00
     81.000     7.9323    33.8036    26.3442 1.3810e-01     0.1296      0.016    1482.08     60.181     5.7293  59.760418     4.0090     81.785 0.0000e+00
     82.000     7.9392    33.8067    26.3456 1.4063e-01     0.1295      0.017    1482.12     60.151     5.7254  59.760438     4.0063     82.794 0.0000e+00
     83.000     7.9434    33.8079    26.3459 1.3799e-01     0.1296      0.017    1482.16     60.206     5.7300  59.760456     4.0095     83.804 0.0000e+00
     84.000     7.9469    33.8099    26.3470 1.3696e-01     0.1296      0.016    1482.19     60.274     5.7360  59.760479     4.0137     84.814 0.0000e+00
     85.000     7.9669    33.8159    26.3488 1.3838e-01     0.1297      0.016    1482.29     60.079     5.7146  59.760499     3.9987     85.824 0.0000e+00
     86.000     7.9814    33.8203    26.3501 1.3900e-01     0.1296      0.016    1482.37     60.206     5.7247  59.760518     4.0058     86.834 0.0000e+00
     87.000     7.9842    33.8212    26.3504 1.3865e-01     0.1296      0.016    1482.40     60.218     5.7254  59.760538     4.0063     87.844 0.0000e+00
     88.000     7.9883    33.8235    26.3516 1.3806e-01     0.1296      0.017    1482.43     60.127     5.7161  59.760559     3.9998     88.854 0.0000e+00
     89.000     7.9902    33.8262    26.3534 1.3702e-01     0.1297      0.017    1482.46     59.967     5.7006  59.760577     3.9890     89.864 0.0000e+00
     90.000     7.9933    33.8291    26.3553 1.3867e-01     0.1296      0.016    1482.49     59.874     5.6912  59.760599     3.9824     90.874 0.0000e+00
     91.000     7.9950    33.8309    26.3564 1.3730e-01     0.1296      0.017    1482.52     59.841     5.6879  59.760619     3.9800     91.884 0.0000e+00
     92.000     7.9952    33.8320    26.3572 1.3706e-01     0.1297      0.017    1482.53     59.956     5.6987  59.760639     3.9876     92.894 0.0000e+00
     93.000     7.9948    33.8333    26.3583 1.3878e-01     0.1295      0.016    1482.55     60.037     5.7064  59.760659     3.9930     93.904 0.0000e+00
     94.000     7.9940    33.8342    26.3591 1.3998e-01     0.1296      0.016    1482.56     59.985     5.7015  59.760681     3.9896     94.914 0.0000e+00
     95.000     7.9935    33.8349    26.3598 1.3842e-01     0.1297      0.017    1482.58     59.880     5.6916  59.760700     3.9827     95.924 0.0000e+00
     96.000     7.9934    33.8353    26.3601 1.3791e-01     0.1296      0.017    1482.60     59.930     5.6963  59.760721     3.9860     96.933 0.0000e+00
     97.000     7.9935    33.8357    26.3604 1.3736e-01     0.1296      0.016    1482.62     59.957     5.6989  59.760742     3.9877     97.943 0.0000e+00
     98.000     7.9939    33.8361    26.3607 1.3664e-01     0.1297      0.017    1482.63     59.980     5.7010  59.760763     3.9892     98.953 0.0000e+00
     99.000     7.9941    33.8364    26.3608 1.3983e-01     0.1296      0.016    1482.65     59.980     5.7009  59.760784     3.9892     99.963 0.0000e+00
    100.000     7.9949    33.8372    26.3614 1.3804e-01     0.1297      0.017    1482.67     59.950     5.6980  59.760806     3.9871    100.973 0.0000e+00
    101.000     7.9956    33.8377    26.3617 1.3971e-01     0.1297      0.016    1482.69     59.918     5.6948  59.760826     3.9849    101.983 0.0000e+00
    102.000     7.9961    33.8381    26.3619 1.3680e-01     0.1297      0.017    1482.71     60.005     5.7030  59.760848     3.9906    102.993 0.0000e+00
