RAWDATA/20190228/Fl1_20190228_down.cnv
* Sea-Bird SBE 9 Data File:
* FileName = C:\CTD Brukere\NIVA\IO2019\20190228\Fl1_20190228.hex
* Software Version Seasave V 7.23.2
* Temperature SN = 5352
* Conductivity SN = 3840
* Number of Bytes Per Scan = 28
* Number of Voltage Words = 4
* Number of Scans Averaged by the Deck Unit = 1
* NMEA baud rate = 4800
** Ship: R/V Trygve Braarud
** Cruise:
** Station:
** Operator:
# nquan = 14
# nvalues = 8551                                  
# units = specified
# name 0 = depSM: Depth [salt water, m], lat = 59.60
# name 1 = t090C: Temperature [ITS-90, deg C]
# name 2 = sal00: Salinity, Practical [PSU]
# name 3 = sigma-t00: Density [sigma-t, kg/m^3 ]
# name 4 = flSP: Fluorescence, Seapoint
# name 5 = wetStar: Fluorescence, WET Labs WETstar [mg/m^3]
# name 6 = seaTurbMtr: Turbidity, Seapoint [FTU]
# name 7 = svCM: Sound Velocity [Chen-Millero, m/s]
# name 8 = sbeox0PS: Oxygen, SBE 43 [% saturation]
# name 9 = sbeox0Mg/L: Oxygen, SBE 43 [mg/l]
# name 10 = timeJ: Julian Days
# name 11 = sbeox0ML/L: Oxygen, SBE 43 [ml/l]
# name 12 = prDM: Pressure, Digiquartz [db]
# name 13 = flag:  0.000e+00
# span 0 =     -0.109,    166.087                 
# span 1 =     3.1343,     8.0097                 
# span 2 =    26.7819,    33.8617                 
# span 3 =    21.3150,    26.3802                 
# span 4 = 1.3431e-01, 6.3492e-01                 
# span 5 =     0.1273,     0.1310                 
# span 6 =      0.011,      0.018                 
# span 7 =    1452.76,    1483.82                 
# span 8 =     53.787,     73.813                 
# span 9 =     5.2721,     8.1940                 
# span 10 =  59.758576,  59.762700                
# span 11 =     3.6891,     5.7337                
# span 12 =     -0.110,    167.730                
# span 13 = 0.0000e+00, 0.0000e+00                
# interval = seconds: 0.0416667
# start_time = Feb 28 2019 18:12:21 [System UpLoad Time]
# bad_flag = -9.990e-29
*END*
[from data line 930]
     14.775     3.8613    30.4802    24.2052 3.4188e-01     0.1285      0.015    1460.47     71.555     7.6641  59.759025     5.3629     14.916  0.000e+00
     14.811     3.8681    30.4846    24.2081 3.4188e-01     0.1298      0.015    1460.50     71.551     7.6621  59.759025     5.3615     14.952  0.000e+00
     14.827     3.8733    30.4905    24.2123 3.4188e-01     0.1285      0.015    1460.53     71.495     7.6548  59.759026     5.3564     14.968  0.000e+00
     14.848     3.8730    30.4942    24.2154 3.4188e-01     0.1285      0.015    1460.53     71.560     7.6616  59.759026     5.3612     14.989  0.000e+00
     14.871     3.8698    30.4958    24.2169 3.4188e-01     0.1298      0.015    1460.52     71.510     7.6568  59.759027     5.3578     15.012  0.000e+00
     14.906     3.8614    30.4954    24.2173 3.4188e-01     0.1285      0.015    1460.49     71.517     7.6592  59.759027     5.3595     15.048  0.000e+00
     14.919     3.8561    30.4891    24.2128 3.4188e-01     0.1298      0.015    1460.46     71.518     7.6606  59.759028     5.3604     15.061  0.000e+00
     14.945     3.8580    30.4917    24.2147 3.5409e-01     0.1285      0.015    1460.47     71.520     7.6603  59.759028     5.3602     15.087  0.000e+00
     14.955     3.8650    30.5072    24.2264 3.5409e-01     0.1285      0.015    1460.52     71.523     7.6585  59.759029     5.3590     15.097  0.000e+00
     14.979     3.8751    30.5235    24.2385 3.4188e-01     0.1298      0.015    1460.58     71.464     7.6495  59.759029     5.3527     15.122  0.000e+00
     15.015     3.8873    30.5385    24.2493 3.4188e-01     0.1285      0.015    1460.65     71.463     7.6463  59.759030     5.3504     15.158  0.000e+00
     15.041     3.8931    30.5498    24.2577 3.4188e-01     0.1298      0.018    1460.69     71.456     7.6438  59.759030     5.3487     15.184  0.000e+00
     15.039     3.8952    30.5535    24.2604 3.4188e-01     0.1285      0.015    1460.71     71.460     7.6437  59.759031     5.3486     15.182  0.000e+00
     15.086     3.8964    30.5530    24.2600 3.5409e-01     0.1285      0.015    1460.71     71.458     7.6433  59.759031     5.3484     15.230  0.000e+00
     15.099     3.8937    30.5491    24.2571 3.5409e-01     0.1285      0.015    1460.70     71.459     7.6442  59.759032     5.3489     15.243  0.000e+00
     15.125     3.8914    30.5454    24.2544 3.5409e-01     0.1285      0.015    1460.68     71.526     7.6519  59.759032     5.3543     15.269  0.000e+00
     15.146     3.8913    30.5427    24.2522 3.6630e-01     0.1285      0.015    1460.68     71.476     7.6467  59.759033     5.3507     15.290  0.000e+00
     15.182     3.8879    30.5357    24.2470 3.6630e-01     0.1285      0.015    1460.66     71.483     7.6485  59.759033     5.3519     15.326  0.000e+00
     15.195     3.8855    30.5285    24.2414 3.6630e-01     0.1285      0.015    1460.64     71.429     7.6435  59.759034     5.3485     15.339  0.000e+00
     15.221     3.8861    30.5353    24.2468 3.5409e-01     0.1298      0.015    1460.65     71.495     7.6501  59.759034     5.3531     15.365  0.000e+00
     15.230     3.8899    30.5523    24.2600 3.5409e-01     0.1285      0.015    1460.69     71.445     7.6431  59.759035     5.3482     15.375  0.000e+00
     15.266     3.8944    30.5654    24.2700 3.5409e-01     0.1298      0.015    1460.72     71.442     7.6414  59.759035     5.3470     15.411  0.000e+00
     15.290     3.8962    30.5638    24.2686 3.5409e-01     0.1285      0.015    1460.73     71.506     7.6479  59.759035     5.3516     15.436  0.000e+00
     15.316     3.8953    30.5537    24.2606 3.5409e-01     0.1285      0.015    1460.71     71.454     7.6430  59.759036     5.3482     15.462  0.000e+00
     15.337     3.8955    30.5456    24.2542 3.5409e-01     0.1285      0.015    1460.70     71.459     7.6439  59.759036     5.3488     15.483  0.000e+00
     15.361     3.8974    30.5462    24.2545 3.5409e-01     0.1285      0.015    1460.71     71.465     7.6442  59.759037     5.3490     15.508  0.000e+00
     15.365     3.9018    30.5552    24.2612 3.5409e-01     0.1285      0.015    1460.74     71.464     7.6428  59.759037     5.3480     15.511  0.000e+00
     15.410     3.9065    30.5642    24.2679 3.5409e-01     0.1298      0.018    1460.78     71.474     7.6426  59.759038     5.3478     15.557  0.000e+00
     15.433     3.9090    30.5715    24.2735 3.4188e-01     0.1285      0.015    1460.80     71.478     7.6421  59.759038     5.3475     15.580  0.000e+00
     15.446     3.9087    30.5758    24.2769 3.5409e-01     0.1298      0.015    1460.80     71.420     7.6358  59.759039     5.3431     15.593  0.000e+00
     15.483     3.9097    30.5750    24.2762 3.4188e-01     0.1285      0.015    1460.80     71.419     7.6355  59.759039     5.3429     15.630  0.000e+00
     15.493     3.9105    30.5707    24.2727 3.2967e-01     0.1285      0.015    1460.80     71.420     7.6357  59.759040     5.3430     15.640  0.000e+00
     15.517     3.9098    30.5664    24.2694 3.2967e-01     0.1285      0.015    1460.79     71.415     7.6355  59.759040     5.3429     15.665  0.000e+00
     15.543     3.9091    30.5651    24.2684 3.2967e-01     0.1285      0.015    1460.79     71.420     7.6362  59.759041     5.3434     15.691  0.000e+00
     15.577     3.9117    30.5672    24.2699 3.2967e-01     0.1285      0.015    1460.80     71.418     7.6355  59.759041     5.3428     15.725  0.000e+00
     15.601     3.9161    30.5738    24.2747 3.4188e-01     0.1285      0.015    1460.83     71.418     7.6342  59.759042     5.3420     15.750  0.000e+00
     15.626     3.9195    30.5798    24.2791 3.4188e-01     0.1285      0.015    1460.85     71.419     7.6335  59.759042     5.3414     15.774  0.000e+00
     15.652     3.9222    30.5847    24.2827 3.4188e-01     0.1285      0.015    1460.87     71.359     7.6263  59.759043     5.3364     15.801  0.000e+00
     15.673     3.9245    30.5892    24.2862 3.4188e-01     0.1285      0.015    1460.89     71.356     7.6253  59.759043     5.3357     15.822  0.000e+00
     15.697     3.9238    30.5916    24.2881 3.5409e-01     0.1285      0.015    1460.89     71.356     7.6253  59.759044     5.3357     15.846  0.000e+00
     15.723     3.9178    30.5947    24.2911 3.5409e-01     0.1285      0.015    1460.87     71.359     7.6265  59.759044     5.3366     15.873  0.000e+00
     15.744     3.9167    30.6015    24.2966 3.5409e-01     0.1285      0.015    1460.87     71.299     7.6200  59.759045     5.3320     15.894  0.000e+00
     15.768     3.9238    30.6121    24.3044 3.5409e-01     0.1285      0.015    1460.92     71.359     7.6246  59.759045     5.3352     15.918  0.000e+00
     15.807     3.9375    30.6230    24.3118 3.7851e-01     0.1273      0.015    1460.99     71.293     7.6144  59.759046     5.3281     15.958  0.000e+00
     15.817     3.9490    30.6335    24.3191 3.7851e-01     0.1285      0.015    1461.05     71.285     7.6108  59.759046     5.3256     15.967  0.000e+00
     15.852     3.9556    30.6422    24.3254 3.6630e-01     0.1285      0.015    1461.09     71.279     7.6085  59.759047     5.3240     16.003  0.000e+00
     15.878     3.9608    30.6483    24.3298 3.5409e-01     0.1285      0.015    1461.12     71.275     7.6069  59.759047     5.3228     16.030  0.000e+00
     15.888     3.9653    30.6551    24.3348 3.4188e-01     0.1285      0.015    1461.15     71.274     7.6055  59.759048     5.3219     16.039  0.000e+00
     15.924     3.9705    30.6669    24.3437 3.5409e-01     0.1298      0.015    1461.19     71.203     7.5964  59.759048     5.3155     16.075  0.000e+00
     15.950     3.9770    30.6796    24.3531 3.4188e-01     0.1285      0.015    1461.23     71.197     7.5939  59.759049     5.3137     16.102  0.000e+00
     15.959     3.9858    30.6869    24.3581 3.4188e-01     0.1285      0.015    1461.28     71.193     7.5915  59.759049     5.3121     16.111  0.000e+00
     16.019     3.9810    30.6802    24.3532 3.2967e-01     0.1285      0.015    1461.25     71.185     7.5919  59.759049     5.3123     16.172  0.000e+00
     16.034     3.9703    30.6559    24.3349 3.4188e-01     0.1285      0.015    1461.17     71.189     7.5955  59.759050     5.3149     16.187  0.000e+00
     16.032     3.9659    30.6407    24.3233 3.4188e-01     0.1285      0.015    1461.14     71.122     7.5900  59.759050     5.3110     16.185  0.000e+00
     16.092     3.9628    30.6434    24.3256 3.4188e-01     0.1285      0.015    1461.13     71.113     7.5894  59.759051     5.3106     16.246  0.000e+00
     16.094     3.9670    30.6571    24.3361 3.5409e-01     0.1285      0.018    1461.16     71.104     7.5870  59.759051     5.3089     16.247  0.000e+00
     16.139     3.9844    30.6799    24.3527 3.4188e-01     0.1285      0.015    1461.27     71.097     7.5818  59.759052     5.3053     16.293  0.000e+00
     16.139     4.0028    30.7010    24.3678 3.4188e-01     0.1285      0.015    1461.37     71.091     7.5767  59.759052     5.3017     16.293  0.000e+00
     16.177     4.0100    30.7110    24.3750 3.2967e-01     0.1273      0.015    1461.41     71.018     7.5671  59.759053     5.2950     16.331  0.000e+00
     16.199     4.0159    30.7128    24.3759 3.2967e-01     0.1285      0.015    1461.44     71.002     7.5641  59.759053     5.2929     16.354  0.000e+00
     16.199     4.0252    30.7266    24.3860 3.2967e-01     0.1285      0.015    1461.50     70.987     7.5602  59.759054     5.2902     16.354  0.000e+00
     16.285     4.0321    30.7396    24.3957 3.1746e-01     0.1285      0.015    1461.55     70.977     7.5571  59.759054     5.2880     16.440  0.000e+00
     16.284     4.0321    30.7439    24.3991 3.2967e-01     0.1285      0.015    1461.55     70.906     7.5493  59.759055     5.2826     16.439  0.000e+00
     16.296     4.0322    30.7450    24.4000 3.2967e-01     0.1285      0.015    1461.55     70.892     7.5478  59.759055     5.2815     16.452  0.000e+00
     16.331     4.0319    30.7480    24.4023 3.4188e-01     0.1285      0.015    1461.56     70.891     7.5476  59.759056     5.2813     16.486  0.000e+00
     16.355     4.0331    30.7491    24.4031 3.4188e-01     0.1285      0.015    1461.56     70.883     7.5465  59.759056     5.2806     16.511  0.000e+00
     16.368     4.0330    30.7522    24.4055 3.5409e-01     0.1285      0.015    1461.57     70.815     7.5391  59.759057     5.2754     16.524  0.000e+00
     16.403     4.0346    30.7555    24.4081 3.5409e-01     0.1285      0.015    1461.58     70.859     7.5434  59.759057     5.2784     16.560  0.000e+00
     16.403     4.0376    30.7601    24.4114 3.4188e-01     0.1285      0.015    1461.60     70.797     7.5359  59.759058     5.2732     16.560  0.000e+00
     16.488     4.0407    30.7642    24.4144 3.4188e-01     0.1285      0.015    1461.62     70.784     7.5338  59.759058     5.2717     16.645  0.000e+00
     16.475     4.0463    30.7699    24.4184 3.4188e-01     0.1285      0.018    1461.65     70.773     7.5312  59.759059     5.2699     16.632  0.000e+00
     16.501     4.0504    30.7822    24.4278 3.4188e-01     0.1285      0.015    1461.68     70.710     7.5232  59.759059     5.2643     16.658  0.000e+00
     16.535     4.0562    30.7967    24.4388 3.4188e-01     0.1285      0.015    1461.72     70.697     7.5201  59.759060     5.2621     16.692  0.000e+00
     16.559     4.0613    30.8072    24.4466 3.4188e-01     0.1285      0.018    1461.76     70.624     7.5108  59.759060     5.2556     16.717  0.000e+00
     16.572     4.0643    30.8105    24.4490 3.4188e-01     0.1285      0.015    1461.78     70.610     7.5085  59.759061     5.2540     16.730  0.000e+00
     16.606     4.0668    30.8104    24.4486 3.5409e-01     0.1285      0.015    1461.79     70.599     7.5069  59.759061     5.2529     16.764  0.000e+00
     16.632     4.0683    30.8106    24.4487 3.4188e-01     0.1285      0.015    1461.79     70.592     7.5059  59.759062     5.2522     16.790  0.000e+00
     16.642     4.0709    30.8131    24.4504 3.4188e-01     0.1285      0.015    1461.81     70.524     7.4981  59.759062     5.2468     16.800  0.000e+00
     16.677     4.0740    30.8184    24.4543 3.4188e-01     0.1285      0.015    1461.83     70.507     7.4955  59.759062     5.2449     16.836  0.000e+00
     16.703     4.0764    30.8237    24.4583 3.2967e-01     0.1285      0.015    1461.85     70.493     7.4933  59.759063     5.2434     16.862  0.000e+00
     16.726     4.0775    30.8248    24.4591 3.1746e-01     0.1298      0.015    1461.85     70.420     7.4852  59.759063     5.2377     16.885  0.000e+00
     16.739     4.0787    30.8241    24.4584 3.1746e-01     0.1298      0.015    1461.86     70.405     7.4835  59.759064     5.2365     16.898  0.000e+00
     16.797     4.0809    30.8255    24.4593 3.1746e-01     0.1285      0.015    1461.87     70.395     7.4819  59.759064     5.2354     16.957  0.000e+00
     16.787     4.0812    30.8261    24.4597 3.1746e-01     0.1285      0.015    1461.87     70.325     7.4743  59.759065     5.2301     16.947  0.000e+00
     16.822     4.0789    30.8231    24.4576 3.0525e-01     0.1285      0.015    1461.86     70.314     7.4738  59.759065     5.2297     16.982  0.000e+00
     16.833     4.0745    30.8183    24.4542 3.0525e-01     0.1285      0.015    1461.83     70.245     7.4675  59.759066     5.2253     16.993  0.000e+00
     16.859     4.0708    30.8148    24.4518 3.1746e-01     0.1285      0.015    1461.81     70.225     7.4663  59.759066     5.2245     17.019  0.000e+00
     16.893     4.0708    30.8218    24.4573 3.1746e-01     0.1285      0.015    1461.82     70.210     7.4643  59.759067     5.2231     17.054  0.000e+00
     16.907     4.0704    30.8352    24.4680 3.1746e-01     0.1298      0.015    1461.84     70.199     7.4625  59.759067     5.2218     17.068  0.000e+00
     16.928     4.0729    30.8457    24.4761 3.1746e-01     0.1285      0.015    1461.86     70.192     7.4608  59.759068     5.2206     17.090  0.000e+00
     16.943     4.0777    30.8559    24.4838 3.1746e-01     0.1285      0.015    1461.90     70.117     7.4514  59.759068     5.2141     17.104  0.000e+00
     16.977     4.0819    30.8659    24.4913 3.1746e-01     0.1285      0.015    1461.93     70.110     7.4494  59.759069     5.2127     17.139  0.000e+00
     17.013     4.0861    30.8800    24.5021 3.1746e-01     0.1285      0.015    1461.96     70.035     7.4400  59.759069     5.2061     17.175  0.000e+00
     17.003     4.0933    30.9020    24.5189 3.1746e-01     0.1285      0.015    1462.02     70.019     7.4359  59.759070     5.2032     17.165  0.000e+00
     17.048     4.1033    30.9244    24.5357 3.1746e-01     0.1285      0.015    1462.09     70.008     7.4318  59.759070     5.2003     17.211  0.000e+00
     17.061     4.1117    30.9384    24.5461 3.0525e-01     0.1298      0.015    1462.15     69.938     7.4222  59.759071     5.1936     17.224  0.000e+00
     17.097     4.1178    30.9439    24.5498 3.1746e-01     0.1285      0.015    1462.18     69.929     7.4197  59.759071     5.1919     17.260  0.000e+00
     17.110     4.1217    30.9428    24.5486 3.2967e-01     0.1285      0.015    1462.20     69.852     7.4109  59.759072     5.1857     17.273  0.000e+00
     17.133     4.1214    30.9396    24.5461 3.1746e-01     0.1285      0.015    1462.19     69.835     7.4094  59.759072     5.1847     17.296  0.000e+00
     17.146     4.1185    30.9374    24.5446 3.1746e-01     0.1285      0.015    1462.18     69.824     7.4088  59.759073     5.1842     17.309  0.000e+00
     17.181     4.1189    30.9383    24.5453 3.1746e-01     0.1298      0.015    1462.18     69.754     7.4013  59.759073     5.1790     17.345  0.000e+00
     17.194     4.1251    30.9505    24.5544 3.1746e-01     0.1285      0.015    1462.22     69.743     7.3984  59.759074     5.1770     17.358  0.000e+00
