RAWDATA/20190228/Fl1_20190228_down.cnv
* Sea-Bird SBE 9 Data File:
* FileName = C:\CTD Brukere\NIVA\IO2019\20190228\Fl1_20190228.hex
* Software Version Seasave V 7.23.2
* Temperature SN = 5352
* Conductivity SN = 3840
* Number of Bytes Per Scan = 28
* Number of Voltage Words = 4
* Number of Scans Averaged by the Deck Unit = 1
* NMEA baud rate = 4800
** Ship: R/V Trygve Braarud
** Cruise:
** Station:
** Operator:
# nquan = 14
# nvalues = 8551                                  
# units = specified
# name 0 = depSM: Depth [salt water, m], lat = 59.60
# name 1 = t090C: Temperature [ITS-90, deg C]
# name 2 = sal00: Salinity, Practical [PSU]
# name 3 = sigma-t00: Density [sigma-t, kg/m^3 ]
# name 4 = flSP: Fluorescence, Seapoint
# name 5 = wetStar: Fluorescence, WET Labs WETstar [mg/m^3]
# name 6 = seaTurbMtr: Turbidity, Seapoint [FTU]
# name 7 = svCM: Sound Velocity [Chen-Millero, m/s]
# name 8 = sbeox0PS: Oxygen, SBE 43 [% saturation]
# name 9 = sbeox0Mg/L: Oxygen, SBE 43 [mg/l]
# name 10 = timeJ: Julian Days
# name 11 = sbeox0ML/L: Oxygen, SBE 43 [ml/l]
# name 12 = prDM: Pressure, Digiquartz [db]
# name 13 = flag:  0.000e+00
# span 0 =     -0.109,    166.087                 
# span 1 =     3.1343,     8.0097                 
# span 2 =    26.7819,    33.8617                 
# span 3 =    21.3150,    26.3802                 
# span 4 = 1.3431e-01, 6.3492e-01                 
# span 5 =     0.1273,     0.1310                 
# span 6 =      0.011,      0.018                 
# span 7 =    1452.76,    1483.82                 
# span 8 =     53.787,     73.813                 
# span 9 =     5.2721,     8.1940                 
# span 10 =  59.758576,  59.762700                
# span 11 =     3.6891,     5.7337                
# span 12 =     -0.110,    167.730                
# span 13 = 0.0000e+00, 0.0000e+00                
# interval = seconds: 0.0416667
# start_time = Feb 28 2019 18:12:21 [System UpLoad Time]
# bad_flag = -9.990e-29
*END*
[from data line 1446]
     26.426     6.3353    32.4582    25.5030 1.9536e-01     0.1298      0.018    1473.30     56.459     5.6250  59.759274     3.9360     26.678  0.000e+00
     26.445     6.3200    32.4780    25.5206 1.9536e-01     0.1285      0.015    1473.27     56.421     5.6224  59.759274     3.9342     26.698  0.000e+00
     26.461     6.3138    32.4910    25.5316 1.9536e-01     0.1298      0.015    1473.26     56.438     5.6244  59.759275     3.9356     26.714  0.000e+00
     26.486     6.3136    32.4942    25.5341 1.9536e-01     0.1298      0.018    1473.26     56.456     5.6261  59.759275     3.9368     26.739  0.000e+00
     26.516     6.3119    32.4968    25.5364 1.9536e-01     0.1285      0.018    1473.26     56.412     5.6219  59.759276     3.9339     26.770  0.000e+00
     26.521     6.3227    32.5017    25.5389 1.9536e-01     0.1285      0.015    1473.31     56.432     5.6222  59.759276     3.9341     26.775  0.000e+00
     26.563     6.3420    32.5118    25.5445 1.9536e-01     0.1285      0.018    1473.40     56.390     5.6152  59.759277     3.9292     26.817  0.000e+00
     26.570     6.3634    32.5295    25.5557 1.8315e-01     0.1298      0.015    1473.51     56.410     5.6138  59.759277     3.9282     26.824  0.000e+00
     26.594     6.3880    32.5409    25.5616 1.8315e-01     0.1298      0.018    1473.62     56.370     5.6061  59.759278     3.9228     26.848  0.000e+00
     26.623     6.4060    32.5437    25.5615 1.8315e-01     0.1298      0.018    1473.69     56.385     5.6051  59.759278     3.9221     26.878  0.000e+00
     26.654     6.4138    32.5440    25.5608 1.9536e-01     0.1298      0.018    1473.73     56.408     5.6064  59.759279     3.9230     26.909  0.000e+00
     26.659     6.4185    32.5434    25.5597 1.9536e-01     0.1285      0.018    1473.74     56.369     5.6019  59.759279     3.9199     26.914  0.000e+00
     26.690     6.4196    32.5417    25.5582 1.9536e-01     0.1285      0.015    1473.75     56.385     5.6034  59.759280     3.9209     26.945  0.000e+00
     26.719     6.4236    32.5405    25.5568 1.9536e-01     0.1285      0.018    1473.76     56.409     5.6053  59.759280     3.9223     26.974  0.000e+00
     26.737     6.4329    32.5415    25.5564 1.9536e-01     0.1285      0.015    1473.80     56.370     5.6003  59.759280     3.9187     26.992  0.000e+00
     26.761     6.4464    32.5498    25.5612 1.9536e-01     0.1285      0.018    1473.86     56.387     5.5998  59.759281     3.9184     27.017  0.000e+00
     26.803     6.4644    32.5602    25.5672 1.9536e-01     0.1298      0.015    1473.95     56.410     5.5995  59.759281     3.9182     27.059  0.000e+00
     26.810     6.4837    32.5683    25.5711 1.9536e-01     0.1285      0.015    1474.04     56.372     5.5928  59.759282     3.9135     27.066  0.000e+00
     26.828     6.4953    32.5779    25.5772 1.8315e-01     0.1285      0.018    1474.09     56.395     5.5932  59.759282     3.9138     27.084  0.000e+00
     26.846     6.5013    32.5800    25.5780 1.8315e-01     0.1298      0.015    1474.12     56.356     5.5885  59.759283     3.9105     27.102  0.000e+00
     26.863     6.4974    32.5768    25.5760 1.9536e-01     0.1298      0.015    1474.10     56.371     5.5907  59.759283     3.9120     27.120  0.000e+00
     26.906     6.4887    32.5663    25.5689 1.8315e-01     0.1298      0.015    1474.05     56.394     5.5945  59.759284     3.9147     27.163  0.000e+00
     26.930     6.4818    32.5546    25.5605 1.9536e-01     0.1285      0.018    1474.01     56.416     5.5980  59.759284     3.9171     27.187  0.000e+00
     26.948     6.4697    32.5559    25.5631 1.9536e-01     0.1285      0.018    1473.97     56.375     5.5955  59.759285     3.9154     27.205  0.000e+00
     26.977     6.4574    32.5605    25.5683 1.9536e-01     0.1298      0.015    1473.92     56.396     5.5989  59.759285     3.9178     27.235  0.000e+00
     27.008     6.4494    32.5649    25.5728 1.9536e-01     0.1285      0.015    1473.90     56.416     5.6018  59.759286     3.9198     27.266  0.000e+00
     27.026     6.4551    32.5696    25.5757 1.9536e-01     0.1298      0.018    1473.93     56.380     5.5973  59.759286     3.9166     27.284  0.000e+00
     27.044     6.4736    32.5723    25.5755 1.9536e-01     0.1285      0.018    1474.00     56.397     5.5965  59.759287     3.9161     27.302  0.000e+00
     27.073     6.4835    32.5804    25.5806 1.8315e-01     0.1285      0.018    1474.05     56.421     5.5973  59.759287     3.9166     27.331  0.000e+00
     27.091     6.4887    32.5891    25.5868 1.9536e-01     0.1298      0.015    1474.09     56.444     5.5985  59.759288     3.9175     27.349  0.000e+00
     27.121     6.4907    32.5936    25.5901 1.9536e-01     0.1285      0.015    1474.10     56.411     5.5949  59.759288     3.9150     27.380  0.000e+00
     27.157     6.4893    32.5947    25.5912 1.8315e-01     0.1285      0.018    1474.10     56.432     5.5970  59.759289     3.9165     27.416  0.000e+00
     27.164     6.4898    32.5978    25.5936 1.8315e-01     0.1285      0.015    1474.10     56.450     5.5987  59.759289     3.9177     27.423  0.000e+00
     27.206     6.4968    32.6061    25.5992 1.9536e-01     0.1285      0.015    1474.14     56.467     5.5992  59.759290     3.9180     27.466  0.000e+00
     27.199     6.5061    32.6189    25.6081 1.8315e-01     0.1298      0.015    1474.19     56.427     5.5935  59.759290     3.9140     27.459  0.000e+00
     27.266     6.5158    32.6223    25.6095 1.9536e-01     0.1285      0.018    1474.24     56.448     5.5942  59.759291     3.9145     27.526  0.000e+00
     27.259     6.5129    32.6102    25.6003 1.9536e-01     0.1298      0.018    1474.21     56.467     5.5969  59.759291     3.9164     27.520  0.000e+00
     27.288     6.5116    32.6116    25.6017 1.9536e-01     0.1298      0.018    1474.21     56.422     5.5926  59.759292     3.9133     27.549  0.000e+00
     27.331     6.5191    32.6280    25.6136 1.9536e-01     0.1285      0.018    1474.26     56.437     5.5925  59.759292     3.9133     27.592  0.000e+00
     27.337     6.5258    32.6366    25.6195 1.8315e-01     0.1298      0.015    1474.30     56.457     5.5933  59.759293     3.9139     27.598  0.000e+00
     27.379     6.5260    32.6347    25.6180 1.9536e-01     0.1298      0.018    1474.30     56.414     5.5890  59.759293     3.9109     27.641  0.000e+00
     27.397     6.5202    32.6241    25.6104 1.8315e-01     0.1285      0.015    1474.26     56.430     5.5918  59.759293     3.9128     27.659  0.000e+00
     27.415     6.5087    32.6146    25.6044 1.8315e-01     0.1298      0.015    1474.20     56.445     5.5951  59.759294     3.9151     27.677  0.000e+00
     27.444     6.4969    32.6074    25.6002 1.8315e-01     0.1285      0.018    1474.15     56.457     5.5981  59.759294     3.9172     27.706  0.000e+00
     27.462     6.4882    32.6044    25.5990 1.8315e-01     0.1285      0.015    1474.11     56.474     5.6011  59.759295     3.9193     27.724  0.000e+00
     27.493     6.4791    32.6024    25.5985 1.9536e-01     0.1298      0.018    1474.07     56.497     5.6045  59.759295     3.9217     27.755  0.000e+00
     27.522     6.4692    32.6036    25.6008 1.8315e-01     0.1285      0.018    1474.03     56.462     5.6024  59.759296     3.9202     27.785  0.000e+00
     27.541     6.4617    32.6084    25.6055 1.8315e-01     0.1298      0.015    1474.01     56.479     5.6049  59.759296     3.9220     27.805  0.000e+00
     27.582     6.4635    32.6098    25.6063 1.9536e-01     0.1285      0.018    1474.02     56.501     5.6068  59.759297     3.9233     27.846  0.000e+00
     27.588     6.4727    32.6068    25.6028 1.8315e-01     0.1298      0.018    1474.05     56.458     5.6014  59.759297     3.9195     27.852  0.000e+00
     27.595     6.4795    32.6041    25.5998 1.9536e-01     0.1298      0.018    1474.08     56.466     5.6014  59.759298     3.9195     27.859  0.000e+00
     27.637     6.4810    32.6006    25.5969 1.9536e-01     0.1298      0.015    1474.08     56.480     5.6027  59.759298     3.9204     27.901  0.000e+00
     27.655     6.4787    32.5997    25.5964 1.8315e-01     0.1285      0.015    1474.07     56.498     5.6048  59.759299     3.9219     27.919  0.000e+00
     27.684     6.4763    32.6012    25.5980 1.8315e-01     0.1298      0.018    1474.06     56.513     5.6066  59.759299     3.9231     27.949  0.000e+00
     27.713     6.4746    32.6056    25.6016 1.8315e-01     0.1298      0.015    1474.06     56.470     5.6024  59.759300     3.9202     27.978  0.000e+00
     27.733     6.4735    32.6086    25.6041 1.8315e-01     0.1298      0.015    1474.06     56.479     5.6033  59.759300     3.9208     27.998  0.000e+00
     27.751     6.4738    32.6055    25.6017 1.8315e-01     0.1298      0.018    1474.06     56.492     5.6046  59.759301     3.9218     28.016  0.000e+00
     27.780     6.4741    32.5997    25.5970 1.9536e-01     0.1285      0.018    1474.05     56.501     5.6058  59.759301     3.9226     28.045  0.000e+00
     27.798     6.4711    32.5979    25.5960 1.8315e-01     0.1285      0.018    1474.04     56.515     5.6076  59.759302     3.9239     28.063  0.000e+00
     27.840     6.4697    32.5957    25.5945 1.8315e-01     0.1285      0.018    1474.03     56.533     5.6096  59.759302     3.9253     28.106  0.000e+00
     27.846     6.4703    32.5948    25.5936 1.9536e-01     0.1285      0.018    1474.03     56.547     5.6110  59.759303     3.9262     28.112  0.000e+00
     27.877     6.4716    32.5979    25.5960 1.8315e-01     0.1298      0.018    1474.04     56.503     5.6063  59.759303     3.9230     28.144  0.000e+00
     27.882     6.4742    32.6015    25.5985 1.9536e-01     0.1298      0.018    1474.06     56.517     5.6072  59.759304     3.9236     28.148  0.000e+00
     27.924     6.4778    32.6029    25.5991 1.9536e-01     0.1298      0.015    1474.07     56.527     5.6077  59.759304     3.9240     28.191  0.000e+00
     27.929     6.4810    32.6056    25.6008 1.9536e-01     0.1298      0.015    1474.09     56.541     5.6086  59.759305     3.9246     28.196  0.000e+00
     27.953     6.4844    32.6069    25.6014 1.9536e-01     0.1285      0.018    1474.11     56.559     5.6099  59.759305     3.9255     28.221  0.000e+00
     27.984     6.4844    32.6096    25.6036 1.9536e-01     0.1285      0.018    1474.11     56.573     5.6112  59.759306     3.9264     28.252  0.000e+00
     28.002     6.4834    32.6124    25.6058 1.9536e-01     0.1298      0.015    1474.11     56.591     5.6130  59.759306     3.9276     28.270  0.000e+00
     28.009     6.4844    32.6169    25.6093 1.8315e-01     0.1298      0.018    1474.12     56.542     5.6078  59.759307     3.9240     28.276  0.000e+00
     28.038     6.4872    32.6222    25.6131 1.9536e-01     0.1285      0.018    1474.14     56.550     5.6081  59.759307     3.9242     28.306  0.000e+00
     28.056     6.4907    32.6242    25.6143 1.9536e-01     0.1285      0.015    1474.15     56.563     5.6087  59.759307     3.9247     28.324  0.000e+00
     28.098     6.4926    32.6250    25.6146 1.9536e-01     0.1285      0.018    1474.16     56.516     5.6039  59.759308     3.9213     28.366  0.000e+00
     28.093     6.4941    32.6238    25.6135 1.8315e-01     0.1298      0.018    1474.17     56.582     5.6103  59.759308     3.9257     28.361  0.000e+00
     28.134     6.4934    32.6231    25.6131 1.8315e-01     0.1298      0.018    1474.16     56.535     5.6057  59.759309     3.9226     28.402  0.000e+00
     28.140     6.4863    32.6297    25.6192 1.9536e-01     0.1285      0.018    1474.15     56.546     5.6075  59.759309     3.9238     28.409  0.000e+00
     28.169     6.4851    32.6356    25.6240 1.9536e-01     0.1285      0.015    1474.15     56.553     5.6081  59.759310     3.9242     28.438  0.000e+00
     28.194     6.4907    32.6351    25.6228 1.9536e-01     0.1285      0.018    1474.17     56.562     5.6083  59.759310     3.9243     28.463  0.000e+00
     28.200     6.4934    32.6348    25.6222 1.9536e-01     0.1298      0.015    1474.18     56.574     5.6092  59.759311     3.9250     28.469  0.000e+00
     28.241     6.4945    32.6434    25.6289 1.9536e-01     0.1285      0.018    1474.20     56.528     5.6041  59.759311     3.9214     28.510  0.000e+00
     28.249     6.5002    32.6509    25.6341 1.9536e-01     0.1298      0.018    1474.23     56.531     5.6034  59.759312     3.9209     28.519  0.000e+00
     28.265     6.5054    32.6565    25.6379 1.8315e-01     0.1298      0.018    1474.26     56.538     5.6032  59.759312     3.9208     28.535  0.000e+00
     28.296     6.5113    32.6615    25.6410 1.8315e-01     0.1298      0.018    1474.29     56.548     5.6032  59.759313     3.9208     28.566  0.000e+00
     28.314     6.5162    32.6655    25.6435 1.8315e-01     0.1285      0.018    1474.31     56.561     5.6037  59.759313     3.9212     28.584  0.000e+00
     28.325     6.5192    32.6701    25.6468 1.8315e-01     0.1285      0.018    1474.33     56.507     5.5978  59.759314     3.9170     28.596  0.000e+00
     28.344     6.5210    32.6760    25.6512 1.8315e-01     0.1298      0.018    1474.34     56.511     5.5978  59.759314     3.9170     28.615  0.000e+00
     28.374     6.5226    32.6783    25.6528 1.8315e-01     0.1285      0.015    1474.35     56.518     5.5982  59.759315     3.9173     28.645  0.000e+00
     28.380     6.5210    32.6771    25.6521 1.9536e-01     0.1285      0.018    1474.35     56.520     5.5987  59.759315     3.9176     28.651  0.000e+00
     28.421     6.5186    32.6756    25.6512 1.9536e-01     0.1285      0.015    1474.33     56.526     5.5996  59.759316     3.9183     28.692  0.000e+00
     28.421     6.5159    32.6758    25.6517 1.8315e-01     0.1285      0.015    1474.32     56.472     5.5946  59.759316     3.9148     28.692  0.000e+00
     28.451     6.5150    32.6739    25.6503 1.8315e-01     0.1298      0.015    1474.32     56.468     5.5944  59.759317     3.9146     28.723  0.000e+00
     28.469     6.5132    32.6724    25.6494 1.8315e-01     0.1285      0.015    1474.31     56.466     5.5945  59.759317     3.9147     28.741  0.000e+00
     28.500     6.5131    32.6699    25.6474 1.9536e-01     0.1285      0.018    1474.31     56.468     5.5948  59.759318     3.9149     28.772  0.000e+00
     28.505     6.5147    32.6636    25.6423 1.8315e-01     0.1285      0.018    1474.31     56.410     5.5890  59.759318     3.9109     28.777  0.000e+00
     28.529     6.5131    32.6570    25.6372 1.9536e-01     0.1298      0.018    1474.29     56.410     5.5895  59.759319     3.9112     28.802  0.000e+00
     28.549     6.5083    32.6561    25.6371 1.9536e-01     0.1285      0.018    1474.27     56.413     5.5905  59.759319     3.9119     28.822  0.000e+00
     28.565     6.5016    32.6574    25.6390 1.8315e-01     0.1298      0.015    1474.25     56.412     5.5912  59.759320     3.9124     28.838  0.000e+00
     28.596     6.4961    32.6575    25.6398 1.8315e-01     0.1298      0.018    1474.23     56.351     5.5858  59.759320     3.9086     28.869  0.000e+00
     28.601     6.4949    32.6543    25.6375 1.8315e-01     0.1298      0.015    1474.22     56.348     5.5858  59.759321     3.9086     28.874  0.000e+00
     28.625     6.4945    32.6511    25.6350 1.9536e-01     0.1285      0.015    1474.21     56.339     5.5851  59.759321     3.9081     28.899  0.000e+00
     28.656     6.4939    32.6499    25.6341 1.8315e-01     0.1285      0.015    1474.21     56.272     5.5786  59.759321     3.9036     28.930  0.000e+00
     28.661     6.4918    32.6502    25.6346 1.8315e-01     0.1298      0.018    1474.20     56.262     5.5779  59.759322     3.9031     28.935  0.000e+00
     28.692     6.4893    32.6527    25.6369 1.8315e-01     0.1285      0.018    1474.19     56.194     5.5713  59.759322     3.8985     28.966  0.000e+00
