RAWDATA/20190228/Fl1_20190228_down_bin.cnv
* Sea-Bird SBE 9 Data File:
* FileName = C:\CTD Brukere\NIVA\IO2019\20190228\Fl1_20190228.hex
* Software Version Seasave V 7.23.2
* Temperature SN = 5352
* Conductivity SN = 3840
* Number of Bytes Per Scan = 28
* Number of Voltage Words = 4
* Number of Scans Averaged by the Deck Unit = 1
* NMEA baud rate = 4800
** Ship: R/V Trygve Braarud
** Cruise:
** Station:
** Operator:
# nquan = 14
# nvalues = 167                         
# units = specified
# name 0 = depSM: Depth [salt water, m], lat = 59.60
# name 1 = t090C: Temperature [ITS-90, deg C]
# name 2 = sal00: Salinity, Practical [PSU]
# name 3 = sigma-t00: Density [sigma-t, kg/m^3 ]
# name 4 = flSP: Fluorescence, Seapoint
# name 5 = wetStar: Fluorescence, WET Labs WETstar [mg/m^3]
# name 6 = seaTurbMtr: Turbidity, Seapoint [FTU]
# name 7 = svCM: Sound Velocity [Chen-Millero, m/s]
# name 8 = sbeox0PS: Oxygen, SBE 43 [% saturation]
# name 9 = sbeox0Mg/L: Oxygen, SBE 43 [mg/l]
# name 10 = timeJ: Julian Days
# name 11 = sbeox0ML/L: Oxygen, SBE 43 [ml/l]
# name 12 = prDM: Pressure, Digiquartz [db]
# name 13 = flag: flag
# span 0 =      0.000,    166.000       
# span 1 =     3.1531,     8.0094       
# span 2 =    27.0382,    33.8612       
# span 3 =    21.5181,    26.3796       
# span 4 = 1.3633e-01, 4.7441e-01       
# span 5 =     0.1281,     0.1298       
# span 6 =      0.012,      0.017       
# span 7 =    1453.15,    1483.81       
# span 8 =     53.856,     73.748       
# span 9 =     5.2816,     8.1824       
# span 10 =  59.758681,  59.762450      
# span 11 =     3.6957,     5.7255      
# span 12 =     -0.000,    167.643      
# span 13 = 0.0000e+00, 0.0000e+00      
# interval = meters: 1                  
# start_time = Feb 28 2019 18:12:21 [System UpLoad Time]
# bad_flag = -9.990e-29
*END*
[from data line 104]
    104.000     7.9975    33.8395    26.3628 1.4095e-01     0.1297      0.017    1482.75     60.035     5.7057  59.760890     3.9925    105.013 0.0000e+00
    105.000     7.9984    33.8410    26.3638 1.4054e-01     0.1297      0.017    1482.77     59.965     5.6988  59.760912     3.9877    106.023 0.0000e+00
    106.000     7.9977    33.8407    26.3637 1.3719e-01     0.1297      0.016    1482.79     59.922     5.6948  59.760934     3.9849    107.033 0.0000e+00
    107.000     7.9973    33.8408    26.3638 1.3925e-01     0.1297      0.017    1482.80     60.002     5.7025  59.760955     3.9902    108.043 0.0000e+00
    108.000     7.9980    33.8413    26.3641 1.3792e-01     0.1297      0.017    1482.82     60.025     5.7045  59.760977     3.9917    109.053 0.0000e+00
    109.000     7.9988    33.8421    26.3647 1.3919e-01     0.1297      0.016    1482.84     59.991     5.7012  59.760998     3.9894    110.063 0.0000e+00
    110.000     8.0007    33.8432    26.3652 1.3813e-01     0.1297      0.016    1482.87     59.932     5.6953  59.761020     3.9852    111.073 0.0000e+00
    111.000     8.0024    33.8444    26.3659 1.3895e-01     0.1296      0.017    1482.89     60.058     5.7070  59.761042     3.9934    112.083 0.0000e+00
    112.000     8.0050    33.8448    26.3658 1.3710e-01     0.1298      0.017    1482.92     60.035     5.7044  59.761063     3.9916    113.093 0.0000e+00
    113.000     8.0062    33.8450    26.3658 1.3917e-01     0.1296      0.017    1482.94     60.023     5.7032  59.761086     3.9907    114.103 0.0000e+00
    114.000     8.0066    33.8452    26.3659 1.3783e-01     0.1297      0.016    1482.96     60.003     5.7013  59.761107     3.9894    115.114 0.0000e+00
    115.000     8.0075    33.8453    26.3659 1.3702e-01     0.1296      0.017    1482.98     59.963     5.6973  59.761128     3.9867    116.124 0.0000e+00
    116.000     8.0078    33.8455    26.3660 1.3675e-01     0.1297      0.016    1483.00     59.940     5.6951  59.761150     3.9851    117.134 0.0000e+00
    117.000     8.0082    33.8458    26.3662 1.3664e-01     0.1298      0.016    1483.01     60.020     5.7026  59.761171     3.9903    118.144 0.0000e+00
    118.000     8.0082    33.8462    26.3665 1.3965e-01     0.1297      0.017    1483.03     60.031     5.7037  59.761191     3.9911    119.154 0.0000e+00
    119.000     8.0082    33.8463    26.3665 1.3958e-01     0.1297      0.017    1483.05     60.001     5.7008  59.761214     3.9891    120.164 0.0000e+00
    120.000     8.0088    33.8463    26.3664 1.3914e-01     0.1298      0.017    1483.07     59.924     5.6934  59.761234     3.9839    121.174 0.0000e+00
    121.000     8.0091    33.8463    26.3665 1.3882e-01     0.1297      0.016    1483.09     59.912     5.6922  59.761256     3.9830    122.184 0.0000e+00
    122.000     8.0088    33.8465    26.3666 1.3716e-01     0.1297      0.017    1483.10     60.003     5.7009  59.761279     3.9891    123.194 0.0000e+00
    123.000     8.0087    33.8471    26.3671 1.3729e-01     0.1297      0.017    1483.12     59.980     5.6987  59.761300     3.9876    124.204 0.0000e+00
    124.000     8.0088    33.8472    26.3672 1.3681e-01     0.1297      0.017    1483.13     60.027     5.7031  59.761321     3.9907    125.214 0.0000e+00
    125.000     8.0089    33.8475    26.3674 1.3709e-01     0.1298      0.016    1483.15     59.930     5.6939  59.761344     3.9843    126.224 0.0000e+00
    126.000     8.0089    33.8478    26.3676 1.3811e-01     0.1297      0.017    1483.17     59.943     5.6951  59.761365     3.9851    127.234 0.0000e+00
    127.000     8.0093    33.8481    26.3678 1.3803e-01     0.1297      0.017    1483.19     59.930     5.6938  59.761387     3.9842    128.245 0.0000e+00
    128.000     8.0094    33.8484    26.3680 1.3721e-01     0.1297      0.017    1483.20     59.861     5.6873  59.761410     3.9796    129.255 0.0000e+00
    129.000     8.0089    33.8503    26.3696 1.3891e-01     0.1297      0.016    1483.22     59.904     5.6913  59.761430     3.9825    130.265 0.0000e+00
    130.000     8.0084    33.8518    26.3709 1.3940e-01     0.1297      0.016    1483.24     59.934     5.6942  59.761453     3.9845    131.275 0.0000e+00
    131.000     8.0063    33.8535    26.3725 1.3858e-01     0.1297      0.017    1483.25     59.935     5.6945  59.761474     3.9847    132.285 0.0000e+00
    132.000     8.0009    33.8575    26.3764 1.3792e-01     0.1297      0.016    1483.25     59.996     5.7008  59.761495     3.9891    133.295 0.0000e+00
    133.000     8.0007    33.8583    26.3771 1.3878e-01     0.1296      0.017    1483.27     60.053     5.7063  59.761517     3.9929    134.305 0.0000e+00
    134.000     7.9981    33.8597    26.3786 1.3747e-01     0.1296      0.016    1483.27     60.070     5.7082  59.761540     3.9943    135.315 0.0000e+00
    135.000     7.9969    33.8601    26.3791 1.3775e-01     0.1297      0.016    1483.29     60.079     5.7091  59.761560     3.9949    136.325 0.0000e+00
    136.000     7.9980    33.8604    26.3792 1.3651e-01     0.1297      0.017    1483.31     60.076     5.7087  59.761583     3.9946    137.336 0.0000e+00
    137.000     7.9986    33.8605    26.3791 1.3940e-01     0.1298      0.016    1483.33     60.160     5.7166  59.761603     4.0002    138.346 0.0000e+00
    138.000     7.9989    33.8606    26.3792 1.3847e-01     0.1297      0.016    1483.35     60.092     5.7101  59.761625     3.9956    139.356 0.0000e+00
    139.000     7.9989    33.8608    26.3793 1.3633e-01     0.1297      0.017    1483.36     60.142     5.7148  59.761647     3.9989    140.366 0.0000e+00
    140.000     7.9994    33.8611    26.3794 1.3693e-01     0.1296      0.017    1483.38     60.135     5.7141  59.761668     3.9984    141.376 0.0000e+00
    141.000     7.9996    33.8611    26.3794 1.3880e-01     0.1296      0.017    1483.40     60.047     5.7057  59.761690     3.9925    142.387 0.0000e+00
    142.000     7.9997    33.8612    26.3795 1.3885e-01     0.1297      0.016    1483.42     60.057     5.7066  59.761712     3.9932    143.397 0.0000e+00
    143.000     7.9997    33.8611    26.3795 1.3783e-01     0.1295      0.016    1483.43     60.042     5.7052  59.761734     3.9922    144.407 0.0000e+00
    144.000     7.9991    33.8611    26.3795 1.3933e-01     0.1297      0.017    1483.45     60.074     5.7083  59.761755     3.9943    145.417 0.0000e+00
    145.000     7.9980    33.8610    26.3796 1.3690e-01     0.1297      0.017    1483.46     60.050     5.7062  59.761778     3.9928    146.427 0.0000e+00
    146.000     7.9979    33.8609    26.3795 1.3817e-01     0.1296      0.016    1483.48     60.082     5.7092  59.761799     3.9950    147.437 0.0000e+00
    147.000     7.9976    33.8608    26.3795 1.3669e-01     0.1297      0.017    1483.49     60.152     5.7160  59.761821     3.9997    148.448 0.0000e+00
    148.000     7.9976    33.8607    26.3795 1.4015e-01     0.1296      0.017    1483.51     60.068     5.7080  59.761844     3.9941    149.458 0.0000e+00
    149.000     7.9974    33.8606    26.3794 1.3891e-01     0.1297      0.017    1483.52     60.065     5.7077  59.761866     3.9939    150.468 0.0000e+00
    150.000     7.9967    33.8601    26.3791 1.3856e-01     0.1297      0.017    1483.54     60.072     5.7085  59.761888     3.9944    151.478 0.0000e+00
    151.000     7.9965    33.8597    26.3788 1.4071e-01     0.1297      0.016    1483.55     60.107     5.7118  59.761912     3.9968    152.489 0.0000e+00
    152.000     7.9966    33.8595    26.3787 1.3864e-01     0.1297      0.017    1483.57     60.063     5.7077  59.761934     3.9939    153.499 0.0000e+00
    153.000     7.9967    33.8594    26.3785 1.3676e-01     0.1297      0.017    1483.59     60.159     5.7168  59.761956     4.0003    154.509 0.0000e+00
    154.000     7.9977    33.8590    26.3781 1.3693e-01     0.1298      0.017    1483.60     60.140     5.7149  59.761977     3.9989    155.519 0.0000e+00
    155.000     7.9986    33.8587    26.3777 1.3893e-01     0.1295      0.016    1483.62     60.114     5.7123  59.761996     3.9971    156.530 0.0000e+00
    156.000     7.9993    33.8586    26.3775 1.3907e-01     0.1297      0.016    1483.64     60.044     5.7055  59.762014     3.9924    157.540 0.0000e+00
    157.000     7.9993    33.8586    26.3775 1.3880e-01     0.1297      0.017    1483.66     60.005     5.7018  59.762034     3.9898    158.550 0.0000e+00
    158.000     7.9989    33.8587    26.3776 1.3671e-01     0.1297      0.017    1483.68     60.039     5.7051  59.762052     3.9921    159.560 0.0000e+00
    159.000     7.9980    33.8590    26.3780 1.3980e-01     0.1296      0.017    1483.69     60.073     5.7084  59.762072     3.9944    160.571 0.0000e+00
    160.000     7.9976    33.8592    26.3783 1.3755e-01     0.1297      0.017    1483.71     60.120     5.7130  59.762090     3.9976    161.581 0.0000e+00
    161.000     7.9973    33.8594    26.3784 1.3879e-01     0.1297      0.017    1483.72     59.982     5.6999  59.762111     3.9884    162.591 0.0000e+00
    162.000     7.9973    33.8595    26.3785 1.4036e-01     0.1297      0.017    1483.74     60.003     5.7019  59.762131     3.9898    163.601 0.0000e+00
    163.000     7.9973    33.8595    26.3785 1.3931e-01     0.1297      0.016    1483.75     59.975     5.6992  59.762153     3.9880    164.612 0.0000e+00
    164.000     7.9974    33.8595    26.3785 1.3857e-01     0.1296      0.017    1483.77     59.962     5.6980  59.762173     3.9871    165.622 0.0000e+00
    165.000     7.9977    33.8594    26.3784 1.3746e-01     0.1296      0.016    1483.79     60.002     5.7017  59.762194     3.9897    166.632 0.0000e+00
    166.000     7.9988    33.8592    26.3781 1.4124e-01     0.1296      0.017    1483.81     60.055     5.7066  59.762450     3.9932    167.643 0.0000e+00
