RAWDATA/20190228/Fl1_20190228_down.cnv
* Sea-Bird SBE 9 Data File:
* FileName = C:\CTD Brukere\NIVA\IO2019\20190228\Fl1_20190228.hex
* Software Version Seasave V 7.23.2
* Temperature SN = 5352
* Conductivity SN = 3840
* Number of Bytes Per Scan = 28
* Number of Voltage Words = 4
* Number of Scans Averaged by the Deck Unit = 1
* NMEA baud rate = 4800
** Ship: R/V Trygve Braarud
** Cruise:
** Station:
** Operator:
# nquan = 14
# nvalues = 8551                                  
# units = specified
# name 0 = depSM: Depth [salt water, m], lat = 59.60
# name 1 = t090C: Temperature [ITS-90, deg C]
# name 2 = sal00: Salinity, Practical [PSU]
# name 3 = sigma-t00: Density [sigma-t, kg/m^3 ]
# name 4 = flSP: Fluorescence, Seapoint
# name 5 = wetStar: Fluorescence, WET Labs WETstar [mg/m^3]
# name 6 = seaTurbMtr: Turbidity, Seapoint [FTU]
# name 7 = svCM: Sound Velocity [Chen-Millero, m/s]
# name 8 = sbeox0PS: Oxygen, SBE 43 [% saturation]
# name 9 = sbeox0Mg/L: Oxygen, SBE 43 [mg/l]
# name 10 = timeJ: Julian Days
# name 11 = sbeox0ML/L: Oxygen, SBE 43 [ml/l]
# name 12 = prDM: Pressure, Digiquartz [db]
# name 13 = flag:  0.000e+00
# span 0 =     -0.109,    166.087                 
# span 1 =     3.1343,     8.0097                 
# span 2 =    26.7819,    33.8617                 
# span 3 =    21.3150,    26.3802                 
# span 4 = 1.3431e-01, 6.3492e-01                 
# span 5 =     0.1273,     0.1310                 
# span 6 =      0.011,      0.018                 
# span 7 =    1452.76,    1483.82                 
# span 8 =     53.787,     73.813                 
# span 9 =     5.2721,     8.1940                 
# span 10 =  59.758576,  59.762700                
# span 11 =     3.6891,     5.7337                
# span 12 =     -0.110,    167.730                
# span 13 = 0.0000e+00, 0.0000e+00                
# interval = seconds: 0.0416667
# start_time = Feb 28 2019 18:12:21 [System UpLoad Time]
# bad_flag = -9.990e-29
*END*
[from data line 4233]
     90.930     7.9947    33.8314    26.3569 1.3431e-01     0.1298      0.018    1482.51     59.805     5.6844  59.760618     3.9776     91.813  0.000e+00
     90.954     7.9952    33.8311    26.3565 1.3431e-01     0.1298      0.015    1482.52     59.805     5.6844  59.760618     3.9776     91.838  0.000e+00
     90.990     7.9956    33.8312    26.3565 1.3431e-01     0.1285      0.015    1482.52     59.869     5.6904  59.760619     3.9818     91.874  0.000e+00
     91.015     7.9957    33.8313    26.3566 1.3431e-01     0.1298      0.018    1482.52     59.815     5.6853  59.760619     3.9782     91.899  0.000e+00
     91.031     7.9956    33.8311    26.3565 1.4652e-01     0.1298      0.015    1482.52     59.817     5.6855  59.760620     3.9784     91.915  0.000e+00
     91.051     7.9953    33.8313    26.3566 1.3431e-01     0.1298      0.018    1482.52     59.812     5.6850  59.760620     3.9781     91.935  0.000e+00
     91.087     7.9956    33.8312    26.3566 1.3431e-01     0.1298      0.018    1482.52     59.815     5.6853  59.760621     3.9782     91.971  0.000e+00
     91.100     7.9957    33.8314    26.3567 1.3431e-01     0.1298      0.015    1482.52     59.881     5.6915  59.760621     3.9826     91.984  0.000e+00
     91.135     7.9956    33.8318    26.3571 1.3431e-01     0.1298      0.018    1482.52     59.830     5.6867  59.760622     3.9792     92.020  0.000e+00
     91.171     7.9957    33.8313    26.3566 1.3431e-01     0.1298      0.018    1482.52     59.827     5.6864  59.760622     3.9790     92.057  0.000e+00
     91.171     7.9957    33.8312    26.3565 1.3431e-01     0.1298      0.018    1482.52     59.893     5.6927  59.760623     3.9834     92.057  0.000e+00
     91.209     7.9954    33.8315    26.3568 1.4652e-01     0.1298      0.018    1482.52     59.844     5.6880  59.760623     3.9802     92.095  0.000e+00
     91.237     7.9953    33.8317    26.3570 1.4652e-01     0.1298      0.015    1482.52     59.850     5.6886  59.760624     3.9805     92.123  0.000e+00
     91.256     7.9956    33.8310    26.3564 1.4652e-01     0.1298      0.018    1482.52     59.856     5.6892  59.760624     3.9809     92.142  0.000e+00
     91.281     7.9953    33.8311    26.3566 1.3431e-01     0.1298      0.018    1482.52     59.855     5.6891  59.760625     3.9809     92.167  0.000e+00
     91.305     7.9954    33.8308    26.3563 1.4652e-01     0.1298      0.018    1482.52     59.855     5.6891  59.760625     3.9809     92.192  0.000e+00
     91.330     7.9952    33.8314    26.3568 1.3431e-01     0.1298      0.015    1482.52     59.855     5.6891  59.760625     3.9809     92.216  0.000e+00
     91.365     7.9951    33.8319    26.3572 1.3431e-01     0.1298      0.015    1482.52     59.855     5.6891  59.760626     3.9809     92.253  0.000e+00
     91.378     7.9953    33.8320    26.3572 1.4652e-01     0.1298      0.018    1482.52     59.855     5.6891  59.760626     3.9809     92.266  0.000e+00
     91.414     7.9953    33.8323    26.3574 1.3431e-01     0.1298      0.015    1482.52     59.856     5.6892  59.760627     3.9810     92.302  0.000e+00
     91.418     7.9956    33.8322    26.3573 1.3431e-01     0.1298      0.015    1482.53     59.857     5.6892  59.760627     3.9810     92.305  0.000e+00
     91.463     7.9957    33.8322    26.3574 1.3431e-01     0.1298      0.015    1482.53     59.859     5.6894  59.760628     3.9811     92.352  0.000e+00
     91.486     7.9956    33.8319    26.3571 1.3431e-01     0.1285      0.015    1482.53     59.860     5.6896  59.760628     3.9812     92.375  0.000e+00
     91.499     7.9957    33.8322    26.3573 1.3431e-01     0.1298      0.015    1482.53     59.862     5.6897  59.760629     3.9813     92.388  0.000e+00
     91.524     7.9956    33.8319    26.3571 1.3431e-01     0.1298      0.015    1482.53     59.865     5.6900  59.760629     3.9815     92.412  0.000e+00
     91.559     7.9957    33.8317    26.3569 1.3431e-01     0.1298      0.015    1482.53     59.867     5.6902  59.760630     3.9817     92.449  0.000e+00
     91.584     7.9952    33.8321    26.3573 1.3431e-01     0.1298      0.015    1482.53     59.870     5.6905  59.760630     3.9819     92.473  0.000e+00
     91.595     7.9953    33.8320    26.3572 1.4652e-01     0.1298      0.018    1482.53     59.873     5.6908  59.760631     3.9821     92.485  0.000e+00
     91.633     7.9952    33.8321    26.3573 1.4652e-01     0.1298      0.018    1482.53     59.877     5.6912  59.760631     3.9824     92.523  0.000e+00
     91.656     7.9951    33.8319    26.3572 1.4652e-01     0.1298      0.018    1482.53     59.881     5.6916  59.760632     3.9826     92.546  0.000e+00
     91.680     7.9949    33.8318    26.3571 1.3431e-01     0.1298      0.018    1482.53     59.878     5.6913  59.760632     3.9824     92.571  0.000e+00
     91.710     7.9951    33.8315    26.3569 1.3431e-01     0.1298      0.018    1482.53     59.882     5.6917  59.760633     3.9827     92.600  0.000e+00
     91.729     7.9949    33.8319    26.3572 1.3431e-01     0.1298      0.018    1482.53     59.948     5.6980  59.760633     3.9871     92.620  0.000e+00
     91.754     7.9949    33.8317    26.3571 1.3431e-01     0.1298      0.015    1482.53     59.898     5.6932  59.760634     3.9838     92.645  0.000e+00
     91.765     7.9952    33.8319    26.3571 1.3431e-01     0.1298      0.015    1482.53     59.903     5.6936  59.760634     3.9841     92.656  0.000e+00
     91.789     7.9952    33.8318    26.3571 1.3431e-01     0.1298      0.018    1482.53     59.908     5.6941  59.760635     3.9844     92.681  0.000e+00
     91.825     7.9951    33.8320    26.3573 1.3431e-01     0.1298      0.015    1482.53     59.906     5.6939  59.760635     3.9843     92.717  0.000e+00
     91.850     7.9952    33.8317    26.3571 1.3431e-01     0.1298      0.015    1482.53     59.903     5.6937  59.760636     3.9841     92.742  0.000e+00
     91.874     7.9951    33.8320    26.3572 1.3431e-01     0.1298      0.015    1482.53     59.901     5.6935  59.760636     3.9840     92.767  0.000e+00
     91.899     7.9952    33.8320    26.3572 1.3431e-01     0.1285      0.018    1482.53     59.906     5.6940  59.760637     3.9843     92.791  0.000e+00
     91.923     7.9951    33.8321    26.3573 1.3431e-01     0.1298      0.015    1482.53     59.904     5.6938  59.760637     3.9842     92.816  0.000e+00
     91.948     7.9952    33.8320    26.3572 1.3431e-01     0.1298      0.015    1482.53     59.910     5.6943  59.760638     3.9846     92.841  0.000e+00
     91.970     7.9951    33.8321    26.3573 1.3431e-01     0.1298      0.018    1482.53     59.971     5.7001  59.760638     3.9886     92.864  0.000e+00
     91.995     7.9953    33.8320    26.3572 1.4652e-01     0.1298      0.018    1482.53     59.984     5.7013  59.760639     3.9894     92.888  0.000e+00
     92.008     7.9952    33.8323    26.3575 1.4652e-01     0.1298      0.018    1482.53     59.927     5.6959  59.760639     3.9857     92.902  0.000e+00
     92.055     7.9952    33.8319    26.3572 1.3431e-01     0.1298      0.018    1482.53     59.925     5.6958  59.760639     3.9856     92.949  0.000e+00
     92.068     7.9953    33.8320    26.3572 1.3431e-01     0.1298      0.018    1482.54     59.993     5.7022  59.760640     3.9900     92.963  0.000e+00
     92.109     7.9954    33.8318    26.3570 1.3431e-01     0.1298      0.018    1482.54     59.936     5.6968  59.760640     3.9863     93.004  0.000e+00
     92.129     7.9950    33.8325    26.3577 1.4652e-01     0.1298      0.015    1482.54     59.996     5.7025  59.760641     3.9903     93.024  0.000e+00
     92.140     7.9954    33.8315    26.3569 1.3431e-01     0.1298      0.018    1482.54     59.939     5.6971  59.760641     3.9865     93.035  0.000e+00
     92.178     7.9950    33.8321    26.3574 1.3431e-01     0.1298      0.018    1482.54     59.999     5.7028  59.760642     3.9905     93.073  0.000e+00
     92.200     7.9954    33.8317    26.3570 1.3431e-01     0.1298      0.015    1482.54     60.012     5.7040  59.760642     3.9913     93.096  0.000e+00
     92.213     7.9952    33.8318    26.3571 1.3431e-01     0.1298      0.015    1482.54     60.016     5.7044  59.760643     3.9916     93.109  0.000e+00
     92.262     7.9953    33.8319    26.3571 1.3431e-01     0.1298      0.015    1482.54     60.021     5.7049  59.760643     3.9919     93.159  0.000e+00
     92.262     7.9951    33.8322    26.3575 1.3431e-01     0.1298      0.018    1482.54     60.025     5.7053  59.760644     3.9922     93.159  0.000e+00
     92.310     7.9953    33.8322    26.3574 1.3431e-01     0.1298      0.018    1482.54     60.029     5.7056  59.760644     3.9924     93.206  0.000e+00
     92.334     7.9952    33.8319    26.3571 1.4652e-01     0.1298      0.015    1482.54     60.040     5.7067  59.760645     3.9932     93.231  0.000e+00
     92.346     7.9955    33.8315    26.3568 1.3431e-01     0.1285      0.015    1482.54     60.044     5.7070  59.760645     3.9934     93.243  0.000e+00
     92.370     7.9952    33.8322    26.3574 1.4652e-01     0.1298      0.018    1482.54     60.047     5.7073  59.760646     3.9936     93.267  0.000e+00
     92.394     7.9952    33.8324    26.3576 1.3431e-01     0.1298      0.018    1482.54     60.057     5.7083  59.760646     3.9943     93.292  0.000e+00
     92.419     7.9953    33.8323    26.3574 1.3431e-01     0.1298      0.015    1482.54     60.060     5.7086  59.760647     3.9945     93.317  0.000e+00
     92.455     7.9952    33.8325    26.3577 1.4652e-01     0.1298      0.018    1482.54     60.063     5.7089  59.760647     3.9947     93.353  0.000e+00
     92.479     7.9953    33.8326    26.3577 1.3431e-01     0.1298      0.015    1482.54     60.065     5.7091  59.760648     3.9949     93.378  0.000e+00
     92.492     7.9952    33.8326    26.3578 1.3431e-01     0.1285      0.018    1482.54     60.067     5.7093  59.760648     3.9950     93.391  0.000e+00
     92.528     7.9952    33.8324    26.3576 1.4652e-01     0.1298      0.018    1482.54     60.069     5.7094  59.760649     3.9951     93.427  0.000e+00
     92.540     7.9951    33.8324    26.3576 1.3431e-01     0.1298      0.015    1482.54     60.070     5.7096  59.760649     3.9952     93.439  0.000e+00
     92.564     7.9952    33.8323    26.3575 1.4652e-01     0.1298      0.015    1482.54     60.072     5.7097  59.760650     3.9953     93.463  0.000e+00
     92.600     7.9951    33.8326    26.3577 1.4652e-01     0.1298      0.018    1482.54     60.072     5.7098  59.760650     3.9954     93.500  0.000e+00
     92.613     7.9953    33.8325    26.3576 1.3431e-01     0.1298      0.018    1482.55     60.073     5.7098  59.760651     3.9954     93.513  0.000e+00
     92.637     7.9950    33.8325    26.3577 1.3431e-01     0.1298      0.018    1482.54     60.073     5.7098  59.760651     3.9954     93.537  0.000e+00
     92.662     7.9952    33.8328    26.3578 1.4652e-01     0.1298      0.015    1482.55     60.073     5.7098  59.760652     3.9954     93.562  0.000e+00
     92.698     7.9950    33.8328    26.3579 1.3431e-01     0.1298      0.018    1482.55     60.073     5.7098  59.760652     3.9954     93.598  0.000e+00
     92.709     7.9951    33.8322    26.3574 1.3431e-01     0.1298      0.018    1482.55     60.072     5.7097  59.760652     3.9953     93.610  0.000e+00
     92.734     7.9953    33.8322    26.3574 1.3431e-01     0.1298      0.018    1482.55     60.071     5.7096  59.760653     3.9952     93.635  0.000e+00
     92.758     7.9951    33.8327    26.3578 1.3431e-01     0.1285      0.018    1482.55     60.069     5.7095  59.760653     3.9952     93.659  0.000e+00
     92.783     7.9950    33.8330    26.3580 1.3431e-01     0.1298      0.018    1482.55     60.068     5.7093  59.760654     3.9950     93.684  0.000e+00
     92.807     7.9951    33.8330    26.3581 1.3431e-01     0.1285      0.018    1482.55     60.066     5.7091  59.760654     3.9949     93.709  0.000e+00
     92.818     7.9950    33.8331    26.3581 1.3431e-01     0.1285      0.015    1482.55     60.063     5.7089  59.760655     3.9947     93.720  0.000e+00
     92.843     7.9952    33.8331    26.3581 1.4652e-01     0.1298      0.018    1482.55     60.061     5.7086  59.760655     3.9946     93.745  0.000e+00
     92.854     7.9949    33.8329    26.3580 1.4652e-01     0.1285      0.015    1482.55     60.058     5.7084  59.760656     3.9944     93.756  0.000e+00
     92.898     7.9950    33.8329    26.3580 1.4652e-01     0.1298      0.015    1482.55     60.055     5.7081  59.760656     3.9942     93.801  0.000e+00
     92.915     7.9951    33.8330    26.3580 1.3431e-01     0.1298      0.018    1482.55     60.059     5.7085  59.760657     3.9945     93.817  0.000e+00
     92.939     7.9952    33.8331    26.3581 1.3431e-01     0.1298      0.015    1482.55     60.056     5.7081  59.760657     3.9942     93.842  0.000e+00
     92.964     7.9948    33.8336    26.3586 1.4652e-01     0.1285      0.018    1482.55     60.052     5.7078  59.760658     3.9940     93.867  0.000e+00
     92.964     7.9950    33.8331    26.3581 1.3431e-01     0.1285      0.015    1482.55     60.047     5.7074  59.760658     3.9937     93.867  0.000e+00
     93.000     7.9950    33.8332    26.3582 1.4652e-01     0.1298      0.015    1482.55     60.043     5.7070  59.760659     3.9934     93.903  0.000e+00
     93.024     7.9949    33.8334    26.3584 1.3431e-01     0.1298      0.015    1482.55     60.038     5.7065  59.760659     3.9931     93.928  0.000e+00
     93.037     7.9949    33.8335    26.3584 1.3431e-01     0.1298      0.015    1482.55     60.033     5.7060  59.760660     3.9928     93.941  0.000e+00
     93.073     7.9949    33.8334    26.3584 1.3431e-01     0.1298      0.015    1482.55     60.028     5.7055  59.760660     3.9924     93.977  0.000e+00
     93.084     7.9950    33.8335    26.3584 1.3431e-01     0.1298      0.015    1482.55     60.022     5.7050  59.760661     3.9920     93.989  0.000e+00
     93.097     7.9948    33.8333    26.3584 1.4652e-01     0.1298      0.015    1482.55     60.016     5.7044  59.760661     3.9916     94.002  0.000e+00
     93.133     7.9947    33.8333    26.3583 1.3431e-01     0.1298      0.018    1482.55     60.018     5.7046  59.760662     3.9917     94.038  0.000e+00
     93.145     7.9946    33.8336    26.3586 1.3431e-01     0.1298      0.015    1482.55     60.019     5.7047  59.760662     3.9918     94.050  0.000e+00
     93.169     7.9945    33.8337    26.3587 1.3431e-01     0.1298      0.015    1482.55     60.013     5.7041  59.760663     3.9914     94.074  0.000e+00
     93.194     7.9947    33.8336    26.3586 1.3431e-01     0.1298      0.018    1482.55     60.006     5.7035  59.760663     3.9910     94.099  0.000e+00
     93.207     7.9946    33.8334    26.3584 1.3431e-01     0.1298      0.015    1482.55     60.007     5.7036  59.760664     3.9910     94.112  0.000e+00
     93.229     7.9945    33.8338    26.3588 1.3431e-01     0.1298      0.015    1482.55     60.000     5.7029  59.760664     3.9906     94.135  0.000e+00
     93.249     7.9943    33.8343    26.3592 1.3431e-01     0.1298      0.018    1482.55     60.001     5.7030  59.760665     3.9906     94.155  0.000e+00
     93.278     7.9947    33.8336    26.3586 1.4652e-01     0.1298      0.018    1482.56     59.994     5.7023  59.760665     3.9901     94.185  0.000e+00
     93.291     7.9946    33.8338    26.3588 1.4652e-01     0.1285      0.015    1482.56     60.056     5.7082  59.760666     3.9943     94.198  0.000e+00
     93.314     7.9944    33.8341    26.3590 1.4652e-01     0.1298      0.018    1482.56     60.063     5.7089  59.760666     3.9948     94.221  0.000e+00
     93.327     7.9944    33.8341    26.3590 1.3431e-01     0.1285      0.018    1482.56     60.008     5.7037  59.760666     3.9911     94.234  0.000e+00
