RAWDATA/20190228/Gk1_20190228_down.cnv
* Sea-Bird SBE 9 Data File:
* FileName = C:\CTD Brukere\NIVA\IO2019\20190228\Gk1_20190228.hex
* Software Version Seasave V 7.23.2
* Temperature SN = 5352
* Conductivity SN = 3840
* Number of Bytes Per Scan = 28
* Number of Voltage Words = 4
* Number of Scans Averaged by the Deck Unit = 1
* NMEA baud rate = 4800
** Ship: R/V Trygve Braarud
** Cruise:
** Station:
** Operator:
# nquan = 14
# nvalues = 5685                                  
# units = specified
# name 0 = depSM: Depth [salt water, m], lat = 59.60
# name 1 = t090C: Temperature [ITS-90, deg C]
# name 2 = sal00: Salinity, Practical [PSU]
# name 3 = sigma-t00: Density [sigma-t, kg/m^3 ]
# name 4 = flSP: Fluorescence, Seapoint
# name 5 = wetStar: Fluorescence, WET Labs WETstar [mg/m^3]
# name 6 = seaTurbMtr: Turbidity, Seapoint [FTU]
# name 7 = svCM: Sound Velocity [Chen-Millero, m/s]
# name 8 = sbeox0PS: Oxygen, SBE 43 [% saturation]
# name 9 = sbeox0Mg/L: Oxygen, SBE 43 [mg/l]
# name 10 = timeJ: Julian Days
# name 11 = sbeox0ML/L: Oxygen, SBE 43 [ml/l]
# name 12 = prDM: Pressure, Digiquartz [db]
# name 13 = flag:  0.000e+00
# span 0 =      0.096,    111.628                 
# span 1 =     3.1474,     7.8253                 
# span 2 =    27.5377,    33.7555                 
# span 3 =    21.9194,    26.3222                 
# span 4 = 0.0000e+00, 2.1734e+00                 
# span 5 =     0.1261,     0.1310                 
# span 6 =      0.007,      0.018                 
# span 7 =    1453.57,    1482.12                 
# span 8 =     55.652,     76.061                 
# span 9 =     5.5174,     8.4487                 
# span 10 =  59.652870,  59.655611                
# span 11 =     3.8608,     5.9119                
# span 12 =      0.097,    112.718                
# span 13 = 0.0000e+00, 0.0000e+00                
# interval = seconds: 0.0416667
# start_time = Feb 28 2019 15:40:08 [System UpLoad Time]
# bad_flag = -9.990e-29
*END*
[from data line 5162]
    110.862     7.8242    33.7541    26.3211 1.4652e-01     0.1298      0.018    1482.10     59.620     5.6916  59.655360     3.9827    111.944  0.000e+00
    110.851     7.8244    33.7541    26.3211 1.4652e-01     0.1298      0.018    1482.10     59.627     5.6923  59.655360     3.9831    111.933  0.000e+00
    110.862     7.8244    33.7542    26.3212 1.4652e-01     0.1310      0.018    1482.10     59.572     5.6870  59.655361     3.9794    111.944  0.000e+00
    110.862     7.8244    33.7542    26.3212 1.4652e-01     0.1310      0.018    1482.10     59.635     5.6929  59.655361     3.9836    111.944  0.000e+00
    110.857     7.8244    33.7540    26.3210 1.4652e-01     0.1298      0.018    1482.10     59.642     5.6937  59.655362     3.9841    111.939  0.000e+00
    110.875     7.8244    33.7539    26.3209 1.4652e-01     0.1298      0.015    1482.10     59.587     5.6884  59.655362     3.9804    111.957  0.000e+00
    110.862     7.8245    33.7535    26.3206 1.4652e-01     0.1298      0.015    1482.10     59.587     5.6884  59.655363     3.9804    111.944  0.000e+00
    110.862     7.8243    33.7534    26.3206 1.4652e-01     0.1298      0.018    1482.10     59.650     5.6945  59.655363     3.9847    111.944  0.000e+00
    110.875     7.8242    33.7531    26.3204 1.4652e-01     0.1298      0.018    1482.10     59.596     5.6893  59.655364     3.9811    111.957  0.000e+00
    110.862     7.8239    33.7534    26.3206 1.4652e-01     0.1310      0.015    1482.10     59.659     5.6954  59.655364     3.9853    111.944  0.000e+00
    110.880     7.8237    33.7535    26.3208 1.4652e-01     0.1310      0.018    1482.10     59.668     5.6962  59.655365     3.9859    111.962  0.000e+00
    110.862     7.8237    33.7532    26.3205 1.4652e-01     0.1298      0.018    1482.10     59.676     5.6970  59.655365     3.9864    111.944  0.000e+00
    110.875     7.8237    33.7534    26.3207 1.4652e-01     0.1310      0.018    1482.10     59.685     5.6978  59.655366     3.9870    111.957  0.000e+00
    110.875     7.8236    33.7534    26.3206 1.4652e-01     0.1310      0.018    1482.10     59.693     5.6987  59.655366     3.9876    111.957  0.000e+00
    110.875     7.8239    33.7533    26.3205 1.4652e-01     0.1298      0.018    1482.10     59.701     5.6994  59.655367     3.9881    111.957  0.000e+00
    110.875     7.8238    33.7531    26.3204 1.4652e-01     0.1298      0.015    1482.10     59.702     5.6995  59.655367     3.9882    111.957  0.000e+00
    110.880     7.8242    33.7529    26.3202 1.4652e-01     0.1298      0.018    1482.10     59.710     5.7002  59.655367     3.9887    111.962  0.000e+00
    110.887     7.8239    33.7539    26.3210 1.4652e-01     0.1310      0.018    1482.10     59.711     5.7003  59.655368     3.9887    111.969  0.000e+00
    110.875     7.8239    33.7535    26.3207 1.4652e-01     0.1298      0.018    1482.10     59.648     5.6943  59.655368     3.9845    111.957  0.000e+00
    110.887     7.8239    33.7536    26.3208 1.3431e-01     0.1310      0.018    1482.10     59.703     5.6996  59.655369     3.9882    111.969  0.000e+00
    110.875     7.8239    33.7537    26.3209 1.4652e-01     0.1298      0.018    1482.10     59.703     5.6995  59.655369     3.9882    111.957  0.000e+00
    110.887     7.8239    33.7537    26.3209 1.3431e-01     0.1310      0.015    1482.10     59.640     5.6935  59.655370     3.9840    111.969  0.000e+00
    110.880     7.8240    33.7540    26.3211 1.4652e-01     0.1298      0.018    1482.10     59.694     5.6987  59.655370     3.9876    111.962  0.000e+00
    110.887     7.8240    33.7537    26.3208 1.4652e-01     0.1298      0.015    1482.10     59.693     5.6986  59.655371     3.9875    111.969  0.000e+00
    110.887     7.8240    33.7538    26.3209 1.4652e-01     0.1298      0.018    1482.10     59.630     5.6925  59.655371     3.9833    111.969  0.000e+00
    110.887     7.8239    33.7541    26.3211 1.4652e-01     0.1298      0.018    1482.10     59.691     5.6984  59.655372     3.9874    111.969  0.000e+00
    110.887     7.8242    33.7537    26.3208 1.4652e-01     0.1298      0.018    1482.10     59.690     5.6982  59.655372     3.9873    111.969  0.000e+00
    110.887     7.8240    33.7546    26.3216 1.4652e-01     0.1298      0.018    1482.10     59.688     5.6981  59.655373     3.9872    111.969  0.000e+00
    110.880     7.8240    33.7544    26.3214 1.4652e-01     0.1298      0.018    1482.10     59.686     5.6979  59.655373     3.9871    111.962  0.000e+00
    110.887     7.8242    33.7540    26.3211 1.4652e-01     0.1298      0.018    1482.10     59.684     5.6977  59.655374     3.9869    111.969  0.000e+00
    110.887     7.8244    33.7541    26.3211 1.4652e-01     0.1298      0.018    1482.10     59.689     5.6982  59.655374     3.9872    111.969  0.000e+00
    110.887     7.8245    33.7543    26.3212 1.4652e-01     0.1298      0.018    1482.10     59.687     5.6979  59.655375     3.9871    111.969  0.000e+00
    110.887     7.8245    33.7545    26.3214 1.4652e-01     0.1298      0.018    1482.10     59.684     5.6976  59.655375     3.9869    111.969  0.000e+00
    110.887     7.8244    33.7546    26.3215 1.4652e-01     0.1310      0.018    1482.10     59.681     5.6974  59.655376     3.9867    111.969  0.000e+00
    110.880     7.8245    33.7542    26.3211 1.4652e-01     0.1310      0.018    1482.10     59.678     5.6970  59.655376     3.9864    111.962  0.000e+00
    110.887     7.8244    33.7547    26.3216 1.4652e-01     0.1298      0.018    1482.10     59.674     5.6967  59.655377     3.9862    111.969  0.000e+00
    110.887     7.8245    33.7542    26.3212 1.4652e-01     0.1310      0.018    1482.10     59.678     5.6970  59.655377     3.9864    111.969  0.000e+00
    110.887     7.8247    33.7541    26.3211 1.5873e-01     0.1298      0.018    1482.10     59.681     5.6974  59.655378     3.9867    111.969  0.000e+00
    110.887     7.8245    33.7542    26.3211 1.5873e-01     0.1298      0.018    1482.10     59.677     5.6970  59.655378     3.9864    111.969  0.000e+00
    110.887     7.8244    33.7547    26.3216 1.5873e-01     0.1310      0.018    1482.10     59.673     5.6966  59.655379     3.9861    111.969  0.000e+00
    110.893     7.8245    33.7545    26.3214 1.4652e-01     0.1298      0.018    1482.10     59.676     5.6969  59.655379     3.9863    111.976  0.000e+00
    110.887     7.8245    33.7545    26.3214 1.4652e-01     0.1310      0.018    1482.10     59.679     5.6972  59.655380     3.9865    111.969  0.000e+00
    110.875     7.8245    33.7544    26.3213 1.4652e-01     0.1310      0.018    1482.10     59.682     5.6975  59.655380     3.9867    111.957  0.000e+00
    110.887     7.8245    33.7542    26.3211 1.4652e-01     0.1298      0.018    1482.10     59.615     5.6911  59.655380     3.9823    111.969  0.000e+00
    110.887     7.8245    33.7543    26.3212 1.4652e-01     0.1310      0.018    1482.10     59.666     5.6959  59.655381     3.9856    111.969  0.000e+00
    110.875     7.8245    33.7544    26.3213 1.4652e-01     0.1298      0.015    1482.10     59.661     5.6954  59.655381     3.9853    111.957  0.000e+00
    110.880     7.8247    33.7545    26.3213 1.3431e-01     0.1310      0.015    1482.10     59.663     5.6956  59.655382     3.9854    111.962  0.000e+00
    110.887     7.8244    33.7549    26.3217 1.4652e-01     0.1298      0.018    1482.10     59.603     5.6899  59.655382     3.9815    111.969  0.000e+00
    110.875     7.8247    33.7543    26.3212 1.4652e-01     0.1298      0.018    1482.10     59.598     5.6894  59.655383     3.9811    111.957  0.000e+00
    110.887     7.8245    33.7546    26.3215 1.5873e-01     0.1310      0.018    1482.10     59.594     5.6890  59.655383     3.9809    111.969  0.000e+00
    110.875     7.8248    33.7545    26.3214 1.4652e-01     0.1310      0.018    1482.10     59.652     5.6946  59.655384     3.9847    111.957  0.000e+00
    110.875     7.8247    33.7546    26.3215 1.4652e-01     0.1298      0.018    1482.10     59.648     5.6942  59.655384     3.9844    111.957  0.000e+00
    110.880     7.8247    33.7543    26.3212 1.4652e-01     0.1298      0.018    1482.10     59.589     5.6885  59.655385     3.9805    111.962  0.000e+00
    110.875     7.8245    33.7542    26.3211 1.4652e-01     0.1298      0.018    1482.10     59.647     5.6941  59.655385     3.9844    111.957  0.000e+00
    110.875     7.8245    33.7548    26.3216 1.4652e-01     0.1298      0.018    1482.10     59.643     5.6937  59.655386     3.9841    111.957  0.000e+00
    110.875     7.8245    33.7548    26.3216 1.4652e-01     0.1298      0.015    1482.10     59.638     5.6932  59.655386     3.9838    111.957  0.000e+00
    110.875     7.8247    33.7543    26.3212 1.4652e-01     0.1298      0.018    1482.10     59.579     5.6875  59.655387     3.9798    111.957  0.000e+00
    110.833     7.8247    33.7545    26.3214 1.4652e-01     0.1298      0.018    1482.10     59.629     5.6923  59.655387     3.9831    111.915  0.000e+00
    110.911     7.8245    33.7547    26.3216 1.4652e-01     0.1310      0.018    1482.10     59.570     5.6867  59.655388     3.9792    111.994  0.000e+00
    110.862     7.8248    33.7545    26.3214 1.4652e-01     0.1298      0.018    1482.10     59.627     5.6922  59.655388     3.9830    111.944  0.000e+00
    110.875     7.8248    33.7545    26.3213 1.4652e-01     0.1298      0.018    1482.10     59.630     5.6925  59.655389     3.9833    111.957  0.000e+00
    110.862     7.8247    33.7546    26.3215 1.4652e-01     0.1310      0.015    1482.10     59.571     5.6868  59.655389     3.9793    111.944  0.000e+00
    110.875     7.8248    33.7545    26.3213 1.4652e-01     0.1298      0.018    1482.10     59.567     5.6864  59.655390     3.9790    111.957  0.000e+00
    110.857     7.8248    33.7547    26.3215 1.4652e-01     0.1298      0.018    1482.10     59.563     5.6861  59.655390     3.9788    111.939  0.000e+00
    110.875     7.8247    33.7547    26.3215 1.4652e-01     0.1310      0.018    1482.10     59.560     5.6858  59.655391     3.9786    111.957  0.000e+00
    110.862     7.8252    33.7543    26.3212 1.4652e-01     0.1298      0.018    1482.11     59.557     5.6854  59.655391     3.9783    111.944  0.000e+00
    110.862     7.8248    33.7551    26.3218 1.4652e-01     0.1310      0.018    1482.10     59.554     5.6852  59.655392     3.9781    111.944  0.000e+00
    110.862     7.8249    33.7548    26.3215 1.4652e-01     0.1310      0.018    1482.10     59.544     5.6842  59.655392     3.9774    111.944  0.000e+00
    110.862     7.8250    33.7543    26.3212 1.4652e-01     0.1310      0.018    1482.10     59.541     5.6839  59.655393     3.9773    111.944  0.000e+00
    110.869     7.8250    33.7548    26.3216 1.4652e-01     0.1298      0.018    1482.11     59.539     5.6837  59.655393     3.9771    111.951  0.000e+00
    110.862     7.8250    33.7547    26.3215 1.4652e-01     0.1298      0.018    1482.10     59.529     5.6828  59.655394     3.9765    111.944  0.000e+00
    110.862     7.8250    33.7543    26.3212 1.4652e-01     0.1310      0.018    1482.10     59.528     5.6826  59.655394     3.9764    111.944  0.000e+00
    110.862     7.8248    33.7550    26.3217 1.4652e-01     0.1298      0.018    1482.10     59.526     5.6825  59.655394     3.9763    111.944  0.000e+00
    110.875     7.8250    33.7550    26.3217 1.4652e-01     0.1298      0.018    1482.11     59.517     5.6816  59.655395     3.9757    111.957  0.000e+00
    110.851     7.8247    33.7550    26.3218 1.4652e-01     0.1310      0.018    1482.10     59.516     5.6815  59.655395     3.9756    111.933  0.000e+00
    110.869     7.8252    33.7547    26.3215 1.4652e-01     0.1298      0.018    1482.11     59.515     5.6814  59.655396     3.9755    111.951  0.000e+00
    110.862     7.8249    33.7548    26.3215 1.4652e-01     0.1310      0.015    1482.10     59.577     5.6873  59.655396     3.9797    111.944  0.000e+00
    110.851     7.8248    33.7551    26.3218 1.4652e-01     0.1298      0.018    1482.10     59.521     5.6820  59.655397     3.9759    111.933  0.000e+00
    110.862     7.8252    33.7545    26.3213 1.4652e-01     0.1298      0.018    1482.11     59.521     5.6820  59.655397     3.9759    111.944  0.000e+00
    110.862     7.8250    33.7546    26.3214 1.4652e-01     0.1298      0.018    1482.10     59.458     5.6760  59.655398     3.9717    111.944  0.000e+00
    110.862     7.8252    33.7545    26.3213 1.4652e-01     0.1298      0.018    1482.11     59.514     5.6813  59.655398     3.9754    111.944  0.000e+00
    110.857     7.8248    33.7548    26.3216 1.4652e-01     0.1310      0.018    1482.10     59.515     5.6814  59.655399     3.9755    111.939  0.000e+00
    110.862     7.8248    33.7545    26.3214 1.4652e-01     0.1310      0.018    1482.10     59.516     5.6816  59.655399     3.9756    111.944  0.000e+00
    110.862     7.8250    33.7545    26.3213 1.4652e-01     0.1310      0.018    1482.10     59.518     5.6817  59.655400     3.9757    111.944  0.000e+00
    110.862     7.8248    33.7548    26.3216 1.4652e-01     0.1310      0.018    1482.10     59.520     5.6819  59.655400     3.9758    111.944  0.000e+00
    110.862     7.8251    33.7546    26.3214 1.4652e-01     0.1310      0.018    1482.11     59.522     5.6821  59.655401     3.9760    111.944  0.000e+00
    110.851     7.8248    33.7545    26.3214 1.4652e-01     0.1310      0.018    1482.10     59.524     5.6823  59.655401     3.9762    111.933  0.000e+00
    110.857     7.8250    33.7543    26.3211 1.4652e-01     0.1298      0.018    1482.10     59.527     5.6826  59.655402     3.9763    111.939  0.000e+00
    110.875     7.8248    33.7547    26.3215 1.3431e-01     0.1310      0.018    1482.10     59.530     5.6829  59.655402     3.9766    111.957  0.000e+00
    110.862     7.8250    33.7543    26.3212 1.3431e-01     0.1298      0.018    1482.10     59.534     5.6832  59.655403     3.9768    111.944  0.000e+00
    110.851     7.8248    33.7545    26.3213 1.4652e-01     0.1298      0.015    1482.10     59.537     5.6836  59.655403     3.9770    111.933  0.000e+00
    110.862     7.8248    33.7547    26.3215 1.4652e-01     0.1298      0.015    1482.10     59.479     5.6780  59.655404     3.9731    111.944  0.000e+00
    110.862     7.8248    33.7545    26.3214 1.4652e-01     0.1310      0.018    1482.10     59.531     5.6830  59.655404     3.9766    111.944  0.000e+00
    110.857     7.8248    33.7547    26.3215 1.4652e-01     0.1310      0.018    1482.10     59.535     5.6834  59.655405     3.9769    111.939  0.000e+00
    110.862     7.8249    33.7547    26.3215 1.4652e-01     0.1310      0.015    1482.10     59.540     5.6839  59.655405     3.9772    111.944  0.000e+00
    110.862     7.8250    33.7546    26.3214 1.4652e-01     0.1310      0.015    1482.10     59.546     5.6843  59.655406     3.9776    111.944  0.000e+00
    110.862     7.8250    33.7546    26.3214 1.3431e-01     0.1310      0.015    1482.10     59.543     5.6841  59.655406     3.9774    111.944  0.000e+00
    110.862     7.8252    33.7545    26.3213 1.4652e-01     0.1298      0.018    1482.11     59.541     5.6839  59.655407     3.9773    111.944  0.000e+00
    110.862     7.8250    33.7546    26.3214 1.4652e-01     0.1310      0.015    1482.10     59.539     5.6837  59.655407     3.9771    111.944  0.000e+00
    110.857     7.8248    33.7548    26.3216 1.4652e-01     0.1298      0.015    1482.10     59.545     5.6843  59.655408     3.9775    111.939  0.000e+00
    110.875     7.8252    33.7547    26.3215 1.4652e-01     0.1298      0.018    1482.11     59.551     5.6848  59.655408     3.9779    111.957  0.000e+00
    110.862     7.8247    33.7550    26.3218 1.4652e-01     0.1310      0.015    1482.10     59.487     5.6787  59.655408     3.9737    111.944  0.000e+00
