RAWDATA/20190228/Gk1_20190228_down.cnv
* Sea-Bird SBE 9 Data File:
* FileName = C:\CTD Brukere\NIVA\IO2019\20190228\Gk1_20190228.hex
* Software Version Seasave V 7.23.2
* Temperature SN = 5352
* Conductivity SN = 3840
* Number of Bytes Per Scan = 28
* Number of Voltage Words = 4
* Number of Scans Averaged by the Deck Unit = 1
* NMEA baud rate = 4800
** Ship: R/V Trygve Braarud
** Cruise:
** Station:
** Operator:
# nquan = 14
# nvalues = 5685                                  
# units = specified
# name 0 = depSM: Depth [salt water, m], lat = 59.60
# name 1 = t090C: Temperature [ITS-90, deg C]
# name 2 = sal00: Salinity, Practical [PSU]
# name 3 = sigma-t00: Density [sigma-t, kg/m^3 ]
# name 4 = flSP: Fluorescence, Seapoint
# name 5 = wetStar: Fluorescence, WET Labs WETstar [mg/m^3]
# name 6 = seaTurbMtr: Turbidity, Seapoint [FTU]
# name 7 = svCM: Sound Velocity [Chen-Millero, m/s]
# name 8 = sbeox0PS: Oxygen, SBE 43 [% saturation]
# name 9 = sbeox0Mg/L: Oxygen, SBE 43 [mg/l]
# name 10 = timeJ: Julian Days
# name 11 = sbeox0ML/L: Oxygen, SBE 43 [ml/l]
# name 12 = prDM: Pressure, Digiquartz [db]
# name 13 = flag:  0.000e+00
# span 0 =      0.096,    111.628                 
# span 1 =     3.1474,     7.8253                 
# span 2 =    27.5377,    33.7555                 
# span 3 =    21.9194,    26.3222                 
# span 4 = 0.0000e+00, 2.1734e+00                 
# span 5 =     0.1261,     0.1310                 
# span 6 =      0.007,      0.018                 
# span 7 =    1453.57,    1482.12                 
# span 8 =     55.652,     76.061                 
# span 9 =     5.5174,     8.4487                 
# span 10 =  59.652870,  59.655611                
# span 11 =     3.8608,     5.9119                
# span 12 =      0.097,    112.718                
# span 13 = 0.0000e+00, 0.0000e+00                
# interval = seconds: 0.0416667
# start_time = Feb 28 2019 15:40:08 [System UpLoad Time]
# bad_flag = -9.990e-29
*END*
[from data line 1239]
     18.570     4.7644    31.5661    24.9788 2.9304e-01     0.1298      0.018    1465.69     69.675     7.2476  59.653468     5.0714     18.747  0.000e+00
     18.583     4.7537    31.5658    24.9797 2.9304e-01     0.1298      0.015    1465.65     69.669     7.2489  59.653468     5.0723     18.760  0.000e+00
     18.595     4.7367    31.5460    24.9659 2.8083e-01     0.1298      0.015    1465.55     69.608     7.2465  59.653469     5.0707     18.772  0.000e+00
     18.619     4.7120    31.5206    24.9483 2.8083e-01     0.1298      0.015    1465.42     69.601     7.2513  59.653469     5.0740     18.796  0.000e+00
     18.643     4.6900    31.4954    24.9306 2.6862e-01     0.1298      0.015    1465.30     69.538     7.2498  59.653470     5.0730     18.821  0.000e+00
     18.679     4.6801    31.4728    24.9137 2.8083e-01     0.1298      0.015    1465.23     69.528     7.2515  59.653470     5.0742     18.857  0.000e+00
     18.679     4.6822    31.4578    24.9016 2.8083e-01     0.1298      0.015    1465.22     69.460     7.2448  59.653471     5.0695     18.857  0.000e+00
     18.715     4.6985    31.4620    24.9032 2.8083e-01     0.1298      0.015    1465.29     69.453     7.2410  59.653471     5.0668     18.893  0.000e+00
     18.728     4.7487    31.4978    24.9263 2.8083e-01     0.1298      0.015    1465.54     69.450     7.2303  59.653472     5.0593     18.906  0.000e+00
     18.739     4.7855    31.5661    24.9766 2.8083e-01     0.1285      0.015    1465.78     69.448     7.2203  59.653472     5.0523     18.918  0.000e+00
     18.786     4.7992    31.6040    25.0053 2.8083e-01     0.1285      0.015    1465.89     69.391     7.2102  59.653473     5.0453     18.965  0.000e+00
     18.786     4.8030    31.6031    25.0041 2.8083e-01     0.1285      0.015    1465.90     69.334     7.2037  59.653473     5.0407     18.965  0.000e+00
     18.823     4.7992    31.6051    25.0061 2.6862e-01     0.1285      0.015    1465.89     69.331     7.2039  59.653474     5.0409     19.003  0.000e+00
     18.835     4.7923    31.6093    25.0102 2.6862e-01     0.1298      0.018    1465.87     69.273     7.1988  59.653474     5.0373     19.014  0.000e+00
     18.859     4.7687    31.6016    25.0065 2.6862e-01     0.1285      0.018    1465.76     69.278     7.2038  59.653475     5.0408     19.039  0.000e+00
     18.883     4.7484    31.5704    24.9839 2.6862e-01     0.1285      0.015    1465.64     69.282     7.2093  59.653475     5.0446     19.063  0.000e+00
     18.906     4.7528    31.5445    24.9629 2.6862e-01     0.1298      0.015    1465.62     69.291     7.2107  59.653476     5.0456     19.086  0.000e+00
     18.919     4.7739    31.5496    24.9648 2.6862e-01     0.1298      0.015    1465.72     69.235     7.2009  59.653476     5.0388     19.099  0.000e+00
     18.954     4.7947    31.5731    24.9812 2.5641e-01     0.1298      0.018    1465.83     69.240     7.1968  59.653477     5.0359     19.135  0.000e+00
     18.954     4.7931    31.5928    24.9970 2.6862e-01     0.1298      0.015    1465.85     69.183     7.1902  59.653477     5.0313     19.135  0.000e+00
     18.990     4.7861    31.5847    24.9913 2.6862e-01     0.1285      0.015    1465.81     69.126     7.1858  59.653478     5.0282     19.171  0.000e+00
     19.014     4.8020    31.5703    24.9783 2.8083e-01     0.1285      0.015    1465.86     69.191     7.1906  59.653478     5.0315     19.196  0.000e+00
     19.037     4.8401    31.5814    24.9830 2.8083e-01     0.1298      0.015    1466.03     69.137     7.1778  59.653478     5.0226     19.219  0.000e+00
     19.039     4.8647    31.6138    25.0061 2.8083e-01     0.1285      0.015    1466.18     69.207     7.1793  59.653479     5.0237     19.220  0.000e+00
     19.074     4.8767    31.6390    25.0248 2.8083e-01     0.1285      0.015    1466.26     69.160     7.1712  59.653479     5.0180     19.256  0.000e+00
     19.097     4.8773    31.6531    25.0359 2.6862e-01     0.1285      0.015    1466.28     69.112     7.1654  59.653480     5.0140     19.279  0.000e+00
     19.110     4.8774    31.6565    25.0386 2.6862e-01     0.1285      0.015    1466.28     69.118     7.1658  59.653480     5.0142     19.292  0.000e+00
     19.146     4.8840    31.6579    25.0389 2.6862e-01     0.1298      0.015    1466.31     69.067     7.1593  59.653481     5.0097     19.328  0.000e+00
     19.170     4.8972    31.6600    25.0392 2.6862e-01     0.1298      0.015    1466.37     69.006     7.1506  59.653481     5.0036     19.353  0.000e+00
     19.170     4.9120    31.6657    25.0421 2.6862e-01     0.1285      0.015    1466.44     69.069     7.1544  59.653482     5.0062     19.353  0.000e+00
     19.217     4.9223    31.6752    25.0486 2.6862e-01     0.1298      0.015    1466.49     69.022     7.1473  59.653482     5.0013     19.400  0.000e+00
     19.217     4.9294    31.6812    25.0526 2.6862e-01     0.1285      0.018    1466.53     69.029     7.1465  59.653483     5.0007     19.400  0.000e+00
     19.241     4.9294    31.6920    25.0611 2.6862e-01     0.1298      0.015    1466.54     69.043     7.1474  59.653483     5.0013     19.425  0.000e+00
     19.266     4.9159    31.6984    25.0677 2.8083e-01     0.1298      0.015    1466.50     68.930     7.1378  59.653484     4.9946     19.449  0.000e+00
     19.301     4.9074    31.6858    25.0586 2.8083e-01     0.1298      0.015    1466.45     68.934     7.1402  59.653484     4.9963     19.485  0.000e+00
     19.314     4.9093    31.6743    25.0493 2.6862e-01     0.1298      0.015    1466.44     68.935     7.1406  59.653485     4.9966     19.498  0.000e+00
     19.337     4.9167    31.6782    25.0515 2.6862e-01     0.1298      0.015    1466.48     68.943     7.1400  59.653485     4.9961     19.521  0.000e+00
     19.348     4.9078    31.6914    25.0630 2.8083e-01     0.1285      0.015    1466.46     68.959     7.1425  59.653486     4.9979     19.533  0.000e+00
     19.386     4.8751    31.6779    25.0558 2.8083e-01     0.1285      0.015    1466.31     68.913     7.1439  59.653486     4.9989     19.570  0.000e+00
     19.397     4.8689    31.6340    25.0216 2.8083e-01     0.1298      0.015    1466.22     68.917     7.1475  59.653487     5.0014     19.582  0.000e+00
     19.421     4.9398    31.6277    25.0091 2.6862e-01     0.1285      0.015    1466.51     68.922     7.1362  59.653487     4.9935     19.606  0.000e+00
     19.457     4.9992    31.7297    25.0835 2.6862e-01     0.1298      0.015    1466.88     68.871     7.1160  59.653488     4.9793     19.642  0.000e+00
     19.457     5.0333    31.8240    25.1545 2.6862e-01     0.1285      0.015    1467.14     68.875     7.1061  59.653488     4.9724     19.642  0.000e+00
     19.493     5.0754    31.8484    25.1692 2.6862e-01     0.1298      0.015    1467.35     68.886     7.0988  59.653489     4.9673     19.678  0.000e+00
     19.517     5.1131    31.8554    25.1706 2.6862e-01     0.1298      0.018    1467.51     68.894     7.0930  59.653489     4.9632     19.703  0.000e+00
     19.541     5.1347    31.8703    25.1800 2.5641e-01     0.1298      0.018    1467.62     68.847     7.0838  59.653490     4.9568     19.728  0.000e+00
     19.553     5.1388    31.8732    25.1819 2.5641e-01     0.1298      0.015    1467.64     68.862     7.0845  59.653490     4.9573     19.739  0.000e+00
     19.577     5.1480    31.8583    25.1690 2.5641e-01     0.1298      0.015    1467.66     68.812     7.0785  59.653491     4.9531     19.764  0.000e+00
     19.613     5.1692    31.8438    25.1552 2.5641e-01     0.1298      0.015    1467.73     68.823     7.0767  59.653491     4.9519     19.800  0.000e+00
     19.624     5.1921    31.8454    25.1540 2.6862e-01     0.1298      0.015    1467.82     68.831     7.0736  59.653492     4.9497     19.811  0.000e+00
     19.660     5.2099    31.8633    25.1662 2.6862e-01     0.1285      0.015    1467.92     68.783     7.0648  59.653492     4.9435     19.847  0.000e+00
     19.686     5.2120    31.8906    25.1875 2.6862e-01     0.1298      0.015    1467.96     68.788     7.0637  59.653492     4.9428     19.873  0.000e+00
     19.697     5.1814    31.9096    25.2060 2.6862e-01     0.1298      0.015    1467.86     68.739     7.0630  59.653493     4.9423     19.885  0.000e+00
     19.720     5.1615    31.8948    25.1965 2.6862e-01     0.1298      0.015    1467.76     68.742     7.0674  59.653493     4.9453     19.908  0.000e+00
     19.744     5.1636    31.8770    25.1821 2.5641e-01     0.1298      0.015    1467.75     68.750     7.0686  59.653494     4.9462     19.932  0.000e+00
     19.781     5.1904    31.8756    25.1781 2.6862e-01     0.1298      0.015    1467.86     68.691     7.0581  59.653494     4.9388     19.970  0.000e+00
     19.792     5.2167    31.9008    25.1951 2.6862e-01     0.1298      0.015    1468.00     68.692     7.0526  59.653495     4.9350     19.981  0.000e+00
     19.828     5.1958    31.9267    25.2179 2.6862e-01     0.1285      0.015    1467.94     68.703     7.0560  59.653495     4.9374     20.017  0.000e+00
     19.840     5.1788    31.8959    25.1954 2.8083e-01     0.1298      0.015    1467.84     68.657     7.0556  59.653496     4.9371     20.029  0.000e+00
     19.888     5.1823    31.8685    25.1734 2.9304e-01     0.1285      0.015    1467.82     68.662     7.0569  59.653496     4.9380     20.078  0.000e+00
     19.888     5.1750    31.8736    25.1782 2.9304e-01     0.1285      0.015    1467.79     68.603     7.0517  59.653497     4.9344     20.078  0.000e+00
     19.924     5.1373    31.8667    25.1769 2.9304e-01     0.1298      0.015    1467.63     68.607     7.0588  59.653497     4.9393     20.114  0.000e+00
     19.937     5.0918    31.8257    25.1494 2.8083e-01     0.1285      0.015    1467.39     68.609     7.0686  59.653498     4.9462     20.127  0.000e+00
     19.959     5.0400    31.7845    25.1224 2.6862e-01     0.1298      0.015    1467.13     68.554     7.0737  59.653498     4.9498     20.150  0.000e+00
     19.995     5.0432    31.7142    25.0664 2.6862e-01     0.1298      0.015    1467.05     68.557     7.0767  59.653499     4.9519     20.186  0.000e+00
     20.008     5.1350    31.6957    25.0418 2.5641e-01     0.1285      0.015    1467.40     68.558     7.0622  59.653499     4.9417     20.199  0.000e+00
     20.044     5.2096    31.7905    25.1086 2.6862e-01     0.1298      0.015    1467.83     68.495     7.0388  59.653500     4.9253     20.235  0.000e+00
     20.079     5.2578    31.8733    25.1688 2.5641e-01     0.1285      0.015    1468.13     68.496     7.0269  59.653500     4.9170     20.271  0.000e+00
     20.079     5.2862    31.9142    25.1980 2.6862e-01     0.1298      0.015    1468.30     68.432     7.0137  59.653501     4.9078     20.271  0.000e+00
     20.115     5.3028    31.9348    25.2124 2.6862e-01     0.1298      0.015    1468.39     68.422     7.0089  59.653501     4.9044     20.307  0.000e+00
     20.139     5.3184    31.9435    25.2175 2.6862e-01     0.1285      0.015    1468.47     68.427     7.0064  59.653502     4.9026     20.331  0.000e+00
     20.175     5.3189    31.9588    25.2296 2.5641e-01     0.1298      0.015    1468.49     68.367     6.9994  59.653502     4.8978     20.367  0.000e+00
     20.186     5.3026    31.9658    25.2369 2.6862e-01     0.1285      0.015    1468.43     68.315     6.9965  59.653503     4.8957     20.379  0.000e+00
     20.211     5.2885    31.9502    25.2262 2.6862e-01     0.1298      0.015    1468.36     68.315     6.9996  59.653503     4.8979     20.403  0.000e+00
     20.248     5.3024    31.9238    25.2037 2.5641e-01     0.1285      0.015    1468.38     68.312     6.9982  59.653504     4.8969     20.441  0.000e+00
     20.259     5.3244    31.9247    25.2020 2.5641e-01     0.1285      0.015    1468.47     68.314     6.9947  59.653504     4.8945     20.453  0.000e+00
     20.295     5.3413    31.9429    25.2145 2.6862e-01     0.1285      0.015    1468.56     68.251     6.9846  59.653505     4.8874     20.489  0.000e+00
     20.306     5.3533    31.9572    25.2245 2.5641e-01     0.1285      0.015    1468.63     68.178     6.9745  59.653505     4.8804     20.500  0.000e+00
     20.342     5.3525    31.9702    25.2348 2.5641e-01     0.1298      0.015    1468.65     68.113     6.9674  59.653505     4.8753     20.536  0.000e+00
     20.368     5.3367    31.9700    25.2364 2.5641e-01     0.1285      0.015    1468.58     68.102     6.9688  59.653506     4.8764     20.562  0.000e+00
     20.402     5.3372    31.9509    25.2213 2.5641e-01     0.1298      0.015    1468.56     68.095     6.9690  59.653506     4.8765     20.597  0.000e+00
     20.415     5.3540    31.9484    25.2174 2.5641e-01     0.1298      0.015    1468.62     68.094     6.9662  59.653507     4.8745     20.610  0.000e+00
     20.451     5.3637    31.9665    25.2306 2.6862e-01     0.1298      0.015    1468.69     68.021     6.9562  59.653507     4.8676     20.646  0.000e+00
     20.475     5.3754    31.9765    25.2372 2.6862e-01     0.1298      0.015    1468.75     67.945     6.9461  59.653508     4.8605     20.670  0.000e+00
     20.486     5.3828    31.9897    25.2468 2.6862e-01     0.1298      0.015    1468.80     67.931     6.9428  59.653508     4.8582     20.682  0.000e+00
     20.533     5.3784    32.0074    25.2613 2.5641e-01     0.1285      0.015    1468.80     67.861     6.9356  59.653509     4.8531     20.729  0.000e+00
     20.546     5.3881    31.9955    25.2508 2.5641e-01     0.1285      0.015    1468.83     67.851     6.9335  59.653509     4.8517     20.742  0.000e+00
     20.558     5.4076    31.9846    25.2400 2.4420e-01     0.1298      0.015    1468.89     67.777     6.9232  59.653510     4.8445     20.754  0.000e+00
     20.608     5.4224    31.9969    25.2480 2.4420e-01     0.1285      0.015    1468.97     67.764     6.9189  59.653510     4.8415     20.804  0.000e+00
     20.631     5.4096    32.0279    25.2740 2.4420e-01     0.1298      0.015    1468.95     67.697     6.9128  59.653511     4.8371     20.827  0.000e+00
     20.642     5.3756    32.0341    25.2828 2.4420e-01     0.1285      0.015    1468.83     67.622     6.9104  59.653511     4.8355     20.839  0.000e+00
     20.678     5.3600    32.0007    25.2581 2.4420e-01     0.1285      0.015    1468.72     67.607     6.9130  59.653512     4.8373     20.875  0.000e+00
     20.689     5.3720    31.9721    25.2341 2.4420e-01     0.1285      0.015    1468.73     67.598     6.9114  59.653512     4.8362     20.886  0.000e+00
     20.726     5.4037    31.9692    25.2282 2.4420e-01     0.1298      0.015    1468.86     67.532     6.8995  59.653513     4.8279     20.924  0.000e+00
     20.763     5.4206    31.9948    25.2465 2.4420e-01     0.1298      0.015    1468.96     67.458     6.8880  59.653513     4.8198     20.962  0.000e+00
     20.773     5.3911    32.0315    25.2789 2.4420e-01     0.1285      0.015    1468.89     67.448     6.8902  59.653514     4.8214     20.971  0.000e+00
     20.798     5.3597    32.0200    25.2734 2.4420e-01     0.1285      0.015    1468.75     67.375     6.8884  59.653514     4.8201     20.996  0.000e+00
     20.822     5.3779    31.9660    25.2286 2.3199e-01     0.1285      0.015    1468.75     67.361     6.8864  59.653515     4.8187     21.020  0.000e+00
     20.845     5.4192    31.9495    25.2109 2.3199e-01     0.1298      0.015    1468.90     67.290     6.8733  59.653515     4.8095     21.043  0.000e+00
     20.883     5.4395    31.9806    25.2332 2.3199e-01     0.1285      0.015    1469.02     67.275     6.8670  59.653516     4.8051     21.083  0.000e+00
     20.893     5.4585    31.9963    25.2434 2.3199e-01     0.1285      0.015    1469.12     67.205     6.8560  59.653516     4.7974     21.092  0.000e+00
     20.929     5.4688    32.0115    25.2543 2.4420e-01     0.1298      0.015    1469.18     67.126     6.8456  59.653517     4.7901     21.128  0.000e+00
