RAWDATA/20190228/Gk1_20190228_down.cnv
* Sea-Bird SBE 9 Data File:
* FileName = C:\CTD Brukere\NIVA\IO2019\20190228\Gk1_20190228.hex
* Software Version Seasave V 7.23.2
* Temperature SN = 5352
* Conductivity SN = 3840
* Number of Bytes Per Scan = 28
* Number of Voltage Words = 4
* Number of Scans Averaged by the Deck Unit = 1
* NMEA baud rate = 4800
** Ship: R/V Trygve Braarud
** Cruise:
** Station:
** Operator:
# nquan = 14
# nvalues = 5685                                  
# units = specified
# name 0 = depSM: Depth [salt water, m], lat = 59.60
# name 1 = t090C: Temperature [ITS-90, deg C]
# name 2 = sal00: Salinity, Practical [PSU]
# name 3 = sigma-t00: Density [sigma-t, kg/m^3 ]
# name 4 = flSP: Fluorescence, Seapoint
# name 5 = wetStar: Fluorescence, WET Labs WETstar [mg/m^3]
# name 6 = seaTurbMtr: Turbidity, Seapoint [FTU]
# name 7 = svCM: Sound Velocity [Chen-Millero, m/s]
# name 8 = sbeox0PS: Oxygen, SBE 43 [% saturation]
# name 9 = sbeox0Mg/L: Oxygen, SBE 43 [mg/l]
# name 10 = timeJ: Julian Days
# name 11 = sbeox0ML/L: Oxygen, SBE 43 [ml/l]
# name 12 = prDM: Pressure, Digiquartz [db]
# name 13 = flag:  0.000e+00
# span 0 =      0.096,    111.628                 
# span 1 =     3.1474,     7.8253                 
# span 2 =    27.5377,    33.7555                 
# span 3 =    21.9194,    26.3222                 
# span 4 = 0.0000e+00, 2.1734e+00                 
# span 5 =     0.1261,     0.1310                 
# span 6 =      0.007,      0.018                 
# span 7 =    1453.57,    1482.12                 
# span 8 =     55.652,     76.061                 
# span 9 =     5.5174,     8.4487                 
# span 10 =  59.652870,  59.655611                
# span 11 =     3.8608,     5.9119                
# span 12 =      0.097,    112.718                
# span 13 = 0.0000e+00, 0.0000e+00                
# interval = seconds: 0.0416667
# start_time = Feb 28 2019 15:40:08 [System UpLoad Time]
# bad_flag = -9.990e-29
*END*
[from data line 620]
      3.667     3.2168    28.0651    22.3377 5.1282e-01     0.1285      0.015    1454.41     73.578     8.1396  59.653169     5.6956      3.702  0.000e+00
      3.701     3.2174    28.0775    22.3475 5.2503e-01     0.1285      0.015    1454.43     73.548     8.1354  59.653170     5.6927      3.736  0.000e+00
      3.727     3.2177    28.0968    22.3628 5.1282e-01     0.1298      0.015    1454.46     73.575     8.1373  59.653170     5.6940      3.762  0.000e+00
      3.762     3.2184    28.1159    22.3780 5.0061e-01     0.1285      0.015    1454.49     73.607     8.1397  59.653171     5.6956      3.798  0.000e+00
      3.774     3.2186    28.1331    22.3916 4.8840e-01     0.1285      0.015    1454.51     73.652     8.1436  59.653171     5.6984      3.810  0.000e+00
      3.785     3.2190    28.1491    22.4043 5.0061e-01     0.1298      0.018    1454.53     73.627     8.1399  59.653172     5.6958      3.821  0.000e+00
      3.822     3.2191    28.1705    22.4214 5.0061e-01     0.1285      0.015    1454.56     73.662     8.1426  59.653172     5.6977      3.859  0.000e+00
      3.845     3.2191    28.1808    22.4296 5.0061e-01     0.1285      0.018    1454.57     73.701     8.1463  59.653173     5.7003      3.881  0.000e+00
      3.845     3.2190    28.1820    22.4305 5.0061e-01     0.1285      0.015    1454.58     73.680     8.1439  59.653173     5.6986      3.881  0.000e+00
      3.881     3.2188    28.1956    22.4414 4.8840e-01     0.1298      0.015    1454.59     73.719     8.1475  59.653174     5.7011      3.917  0.000e+00
      3.903     3.2188    28.2212    22.4618 4.8840e-01     0.1285      0.015    1454.63     73.752     8.1498  59.653174     5.7027      3.940  0.000e+00
      3.918     3.2188    28.2335    22.4716 5.0061e-01     0.1298      0.018    1454.64     73.735     8.1472  59.653175     5.7010      3.955  0.000e+00
      3.940     3.2188    28.2392    22.4761 5.1282e-01     0.1298      0.015    1454.65     73.778     8.1517  59.653175     5.7041      3.978  0.000e+00
      3.953     3.2186    28.2408    22.4774 5.1282e-01     0.1285      0.015    1454.65     73.826     8.1569  59.653176     5.7077      3.991  0.000e+00
      3.989     3.2188    28.2408    22.4774 5.0061e-01     0.1298      0.015    1454.65     73.815     8.1556  59.653176     5.7068      4.027  0.000e+00
      4.000     3.2185    28.2417    22.4781 5.1282e-01     0.1298      0.018    1454.65     73.864     8.1611  59.653177     5.7106      4.038  0.000e+00
      4.025     3.2188    28.2439    22.4799 5.2503e-01     0.1298      0.015    1454.66     73.918     8.1668  59.653177     5.7147      4.063  0.000e+00
      4.036     3.2183    28.2433    22.4794 5.2503e-01     0.1285      0.015    1454.65     73.904     8.1655  59.653178     5.7137      4.074  0.000e+00
      4.072     3.2186    28.2392    22.4761 5.2503e-01     0.1285      0.015    1454.65     73.951     8.1708  59.653178     5.7174      4.110  0.000e+00
      4.096     3.2183    28.2402    22.4770 5.2503e-01     0.1285      0.015    1454.65     74.002     8.1765  59.653179     5.7214      4.135  0.000e+00
      4.096     3.2179    28.2491    22.4841 5.2503e-01     0.1298      0.015    1454.66     73.995     8.1753  59.653179     5.7206      4.135  0.000e+00
      4.144     3.2174    28.2646    22.4964 5.1282e-01     0.1298      0.015    1454.68     74.049     8.1805  59.653179     5.7242      4.184  0.000e+00
      4.156     3.2176    28.2816    22.5100 5.2503e-01     0.1285      0.015    1454.70     74.099     8.1850  59.653180     5.7273      4.195  0.000e+00
      4.167     3.2171    28.2916    22.5180 5.1282e-01     0.1298      0.018    1454.71     74.081     8.1825  59.653180     5.7256      4.207  0.000e+00
      4.214     3.2168    28.2956    22.5212 5.1282e-01     0.1298      0.015    1454.72     74.123     8.1870  59.653181     5.7288      4.254  0.000e+00
      4.216     3.2163    28.2988    22.5238 5.0061e-01     0.1285      0.015    1454.72     74.106     8.1851  59.653181     5.7274      4.256  0.000e+00
      4.240     3.2152    28.3045    22.5284 5.3724e-01     0.1285      0.015    1454.72     74.150     8.1898  59.653182     5.7308      4.280  0.000e+00
      4.263     3.2142    28.3147    22.5366 5.8608e-01     0.1298      0.015    1454.73     74.136     8.1879  59.653182     5.7294      4.303  0.000e+00
      4.300     3.2135    28.3278    22.5471 6.2271e-01     0.1285      0.015    1454.75     74.183     8.1925  59.653183     5.7326      4.341  0.000e+00
      4.300     3.2133    28.3362    22.5538 6.1050e-01     0.1285      0.015    1454.76     74.225     8.1968  59.653183     5.7356      4.341  0.000e+00
      4.300     3.2143    28.3321    22.5505 5.8608e-01     0.1298      0.015    1454.76     74.210     8.1951  59.653184     5.7344      4.341  0.000e+00
      4.394     3.2145    28.3123    22.5347 5.6166e-01     0.1285      0.015    1454.73     74.256     8.2012  59.653184     5.7387      4.435  0.000e+00
      4.371     3.2125    28.2857    22.5136 5.4945e-01     0.1298      0.015    1454.69     74.308     8.2088  59.653185     5.7441      4.413  0.000e+00
      4.407     3.2096    28.2846    22.5130 5.6166e-01     0.1285      0.015    1454.68     74.293     8.2079  59.653185     5.7434      4.448  0.000e+00
      4.418     3.2088    28.3118    22.5347 5.8608e-01     0.1285      0.015    1454.71     74.338     8.2116  59.653186     5.7460      4.460  0.000e+00
      4.442     3.2077    28.3397    22.5570 5.9829e-01     0.1285      0.018    1454.74     74.326     8.2089  59.653186     5.7441      4.484  0.000e+00
      4.476     3.2075    28.3569    22.5707 5.7387e-01     0.1298      0.015    1454.76     74.375     8.2133  59.653187     5.7472      4.519  0.000e+00
      4.491     3.2078    28.3617    22.5745 5.4945e-01     0.1285      0.015    1454.77     74.357     8.2110  59.653187     5.7456      4.533  0.000e+00
      4.513     3.2080    28.3565    22.5703 5.4945e-01     0.1298      0.015    1454.76     74.400     8.2160  59.653188     5.7491      4.556  0.000e+00
      4.538     3.2075    28.3488    22.5643 5.6166e-01     0.1298      0.015    1454.75     74.449     8.2219  59.653188     5.7532      4.581  0.000e+00
      4.562     3.2067    28.3462    22.5622 5.6166e-01     0.1285      0.015    1454.75     74.432     8.2204  59.653189     5.7521      4.605  0.000e+00
      4.562     3.2060    28.3520    22.5669 5.7387e-01     0.1298      0.018    1454.75     74.412     8.2180  59.653189     5.7505      4.605  0.000e+00
      4.643     3.2055    28.3638    22.5764 5.7387e-01     0.1285      0.015    1454.76     74.454     8.2221  59.653190     5.7533      4.687  0.000e+00
      4.622     3.2052    28.3693    22.5807 5.4945e-01     0.1298      0.015    1454.77     74.502     8.2271  59.653190     5.7569      4.666  0.000e+00
      4.658     3.2050    28.3687    22.5803 5.3724e-01     0.1285      0.015    1454.77     74.484     8.2252  59.653191     5.7555      4.702  0.000e+00
      4.693     3.2047    28.3681    22.5798 5.6166e-01     0.1285      0.018    1454.77     74.527     8.2301  59.653191     5.7590      4.738  0.000e+00
      4.658     3.2049    28.3664    22.5785 5.7387e-01     0.1285      0.015    1454.77     74.577     8.2356  59.653192     5.7628      4.702  0.000e+00
      4.776     3.2047    28.3622    22.5751 5.6166e-01     0.1298      0.018    1454.76     74.561     8.2342  59.653192     5.7618      4.821  0.000e+00
      4.753     3.2047    28.3596    22.5731 5.6166e-01     0.1298      0.015    1454.76     74.606     8.2393  59.653193     5.7654      4.798  0.000e+00
      4.789     3.2039    28.3621    22.5751 5.3724e-01     0.1285      0.015    1454.76     74.595     8.2381  59.653193     5.7645      4.834  0.000e+00
      4.802     3.2034    28.3687    22.5804 5.2503e-01     0.1285      0.015    1454.76     74.636     8.2423  59.653193     5.7675      4.847  0.000e+00
      4.834     3.2025    28.3768    22.5869 5.4945e-01     0.1298      0.015    1454.77     74.620     8.2403  59.653194     5.7661      4.880  0.000e+00
      4.849     3.2009    28.3863    22.5946 5.4945e-01     0.1298      0.015    1454.78     74.602     8.2381  59.653194     5.7645      4.895  0.000e+00
      4.884     3.2004    28.3955    22.6020 5.4945e-01     0.1298      0.018    1454.79     74.646     8.2426  59.653195     5.7677      4.931  0.000e+00
      4.908     3.1997    28.4037    22.6085 5.7387e-01     0.1285      0.015    1454.80     74.625     8.2399  59.653195     5.7658      4.955  0.000e+00
      4.933     3.1997    28.4069    22.6111 5.7387e-01     0.1298      0.018    1454.80     74.666     8.2442  59.653196     5.7688      4.980  0.000e+00
      4.954     3.1991    28.4094    22.6131 5.4945e-01     0.1285      0.015    1454.80     74.714     8.2496  59.653196     5.7726      5.001  0.000e+00
      4.980     3.1980    28.4136    22.6165 5.6166e-01     0.1285      0.015    1454.80     74.697     8.2477  59.653197     5.7712      5.027  0.000e+00
      5.004     3.1967    28.4213    22.6228 5.6166e-01     0.1285      0.015    1454.81     74.742     8.2525  59.653197     5.7746      5.052  0.000e+00
      5.040     3.1953    28.4271    22.6276 5.6166e-01     0.1298      0.015    1454.81     74.731     8.2512  59.653198     5.7737      5.087  0.000e+00
      5.049     3.1951    28.4265    22.6270 5.6166e-01     0.1285      0.015    1454.81     74.709     8.2489  59.653198     5.7721      5.097  0.000e+00
      5.100     3.1948    28.4215    22.6231 5.6166e-01     0.1285      0.015    1454.80     74.750     8.2538  59.653199     5.7755      5.148  0.000e+00
      5.111     3.1943    28.4189    22.6211 5.8608e-01     0.1285      0.015    1454.80     74.735     8.2524  59.653199     5.7745      5.159  0.000e+00
      5.124     3.1932    28.4208    22.6227 5.8608e-01     0.1298      0.015    1454.79     74.710     8.2497  59.653200     5.7727      5.172  0.000e+00
      5.158     3.1913    28.4239    22.6253 5.8608e-01     0.1298      0.015    1454.79     74.749     8.2542  59.653200     5.7758      5.207  0.000e+00
      5.184     3.1896    28.4258    22.6269 5.8608e-01     0.1285      0.018    1454.79     74.795     8.2595  59.653201     5.7795      5.233  0.000e+00
      5.206     3.1874    28.4278    22.6287 5.7387e-01     0.1298      0.015    1454.78     74.713     8.2509  59.653201     5.7735      5.256  0.000e+00
      5.231     3.1861    28.4284    22.6293 5.6166e-01     0.1285      0.015    1454.77     74.749     8.2550  59.653202     5.7764      5.280  0.000e+00
      5.265     3.1869    28.4225    22.6245 5.4945e-01     0.1285      0.015    1454.77     74.793     8.2600  59.653202     5.7799      5.315  0.000e+00
      5.279     3.1892    28.4074    22.6123 5.4945e-01     0.1298      0.015    1454.76     74.772     8.2581  59.653203     5.7785      5.329  0.000e+00
      5.326     3.1896    28.3934    22.6011 5.4945e-01     0.1285      0.015    1454.75     74.815     8.2636  59.653203     5.7823      5.377  0.000e+00
      5.326     3.1890    28.3848    22.5943 5.4945e-01     0.1285      0.015    1454.73     74.803     8.2628  59.653204     5.7818      5.377  0.000e+00
      5.360     3.1874    28.3853    22.5949 5.3724e-01     0.1285      0.015    1454.73     74.782     8.2608  59.653204     5.7804      5.411  0.000e+00
      5.375     3.1867    28.3873    22.5965 5.3724e-01     0.1298      0.015    1454.73     74.824     8.2655  59.653205     5.7837      5.426  0.000e+00
      5.410     3.1825    28.3927    22.6011 5.2503e-01     0.1298      0.018    1454.72     74.803     8.2638  59.653205     5.7825      5.462  0.000e+00
      5.431     3.1754    28.4078    22.6137 5.2503e-01     0.1285      0.015    1454.70     74.783     8.2622  59.653206     5.7814      5.483  0.000e+00
      5.457     3.1695    28.4285    22.6306 5.2503e-01     0.1285      0.015    1454.71     74.818     8.2661  59.653206     5.7841      5.509  0.000e+00
      5.506     3.1660    28.4474    22.6460 5.2503e-01     0.1285      0.015    1454.72     74.797     8.2634  59.653207     5.7823      5.558  0.000e+00
      5.493     3.1653    28.4543    22.6515 5.2503e-01     0.1298      0.015    1454.72     74.776     8.2608  59.653207     5.7804      5.545  0.000e+00
      5.551     3.1629    28.4573    22.6541 5.8608e-01     0.1285      0.015    1454.72     74.810     8.2650  59.653207     5.7833      5.604  0.000e+00
      5.566     3.1608    28.4612    22.6573 5.9829e-01     0.1298      0.015    1454.71     74.790     8.2629  59.653208     5.7819      5.619  0.000e+00
      5.577     3.1586    28.4693    22.6639 5.7387e-01     0.1285      0.015    1454.71     74.770     8.2608  59.653208     5.7804      5.630  0.000e+00
      5.634     3.1571    28.4779    22.6709 5.4945e-01     0.1298      0.015    1454.72     74.806     8.2646  59.653209     5.7831      5.687  0.000e+00
      5.637     3.1565    28.4855    22.6770 5.3724e-01     0.1285      0.015    1454.73     74.788     8.2622  59.653209     5.7814      5.691  0.000e+00
      5.661     3.1568    28.4894    22.6801 5.2503e-01     0.1298      0.015    1454.73     74.761     8.2590  59.653210     5.7792      5.715  0.000e+00
      5.697     3.1585    28.4892    22.6798 5.1282e-01     0.1285      0.015    1454.74     74.799     8.2628  59.653210     5.7818      5.751  0.000e+00
      5.718     3.1623    28.4824    22.6741 5.0061e-01     0.1285      0.015    1454.75     74.773     8.2595  59.653211     5.7795      5.772  0.000e+00
      5.733     3.1663    28.4701    22.6640 5.0061e-01     0.1298      0.015    1454.75     74.811     8.2637  59.653211     5.7824      5.787  0.000e+00
      5.768     3.1653    28.4631    22.6585 5.2503e-01     0.1298      0.018    1454.74     74.735     8.2558  59.653212     5.7769      5.823  0.000e+00
      5.789     3.1633    28.4677    22.6623 5.3724e-01     0.1285      0.015    1454.74     74.769     8.2597  59.653212     5.7796      5.844  0.000e+00
      5.817     3.1602    28.4832    22.6749 5.8608e-01     0.1285      0.015    1454.74     74.804     8.2634  59.653213     5.7822      5.872  0.000e+00
      5.839     3.1571    28.5000    22.6885 5.8608e-01     0.1298      0.015    1454.75     74.786     8.2611  59.653213     5.7806      5.895  0.000e+00
      5.873     3.1546    28.5146    22.7004 5.6166e-01     0.1285      0.015    1454.76     74.769     8.2589  59.653214     5.7791      5.929  0.000e+00
      5.877     3.1534    28.5237    22.7077 5.3724e-01     0.1298      0.018    1454.77     74.745     8.2559  59.653214     5.7770      5.932  0.000e+00
      5.924     3.1524    28.5306    22.7132 5.4945e-01     0.1298      0.015    1454.77     74.786     8.2603  59.653215     5.7801      5.980  0.000e+00
      5.945     3.1529    28.5318    22.7142 5.3724e-01     0.1298      0.015    1454.78     74.773     8.2588  59.653215     5.7790      6.001  0.000e+00
      5.948     3.1530    28.5305    22.7131 5.1282e-01     0.1285      0.015    1454.77     74.754     8.2567  59.653216     5.7775      6.004  0.000e+00
      5.995     3.1527    28.5303    22.7130 5.1282e-01     0.1298      0.015    1454.77     74.801     8.2619  59.653216     5.7812      6.052  0.000e+00
      6.005     3.1524    28.5318    22.7142 5.1282e-01     0.1285      0.015    1454.77     74.786     8.2602  59.653217     5.7800      6.062  0.000e+00
      6.043     3.1518    28.5342    22.7161 5.3724e-01     0.1285      0.015    1454.78     74.773     8.2588  59.653217     5.7790      6.101  0.000e+00
      6.055     3.1522    28.5370    22.7183 5.4945e-01     0.1298      0.015    1454.78     74.753     8.2564  59.653218     5.7773      6.112  0.000e+00
      6.089     3.1546    28.5365    22.7178 5.3724e-01     0.1298      0.015    1454.79     74.790     8.2600  59.653218     5.7798      6.147  0.000e+00
