RAWDATA/20190228/Gk1_20190228_down.cnv
* Sea-Bird SBE 9 Data File:
* FileName = C:\CTD Brukere\NIVA\IO2019\20190228\Gk1_20190228.hex
* Software Version Seasave V 7.23.2
* Temperature SN = 5352
* Conductivity SN = 3840
* Number of Bytes Per Scan = 28
* Number of Voltage Words = 4
* Number of Scans Averaged by the Deck Unit = 1
* NMEA baud rate = 4800
** Ship: R/V Trygve Braarud
** Cruise:
** Station:
** Operator:
# nquan = 14
# nvalues = 5685                                  
# units = specified
# name 0 = depSM: Depth [salt water, m], lat = 59.60
# name 1 = t090C: Temperature [ITS-90, deg C]
# name 2 = sal00: Salinity, Practical [PSU]
# name 3 = sigma-t00: Density [sigma-t, kg/m^3 ]
# name 4 = flSP: Fluorescence, Seapoint
# name 5 = wetStar: Fluorescence, WET Labs WETstar [mg/m^3]
# name 6 = seaTurbMtr: Turbidity, Seapoint [FTU]
# name 7 = svCM: Sound Velocity [Chen-Millero, m/s]
# name 8 = sbeox0PS: Oxygen, SBE 43 [% saturation]
# name 9 = sbeox0Mg/L: Oxygen, SBE 43 [mg/l]
# name 10 = timeJ: Julian Days
# name 11 = sbeox0ML/L: Oxygen, SBE 43 [ml/l]
# name 12 = prDM: Pressure, Digiquartz [db]
# name 13 = flag:  0.000e+00
# span 0 =      0.096,    111.628                 
# span 1 =     3.1474,     7.8253                 
# span 2 =    27.5377,    33.7555                 
# span 3 =    21.9194,    26.3222                 
# span 4 = 0.0000e+00, 2.1734e+00                 
# span 5 =     0.1261,     0.1310                 
# span 6 =      0.007,      0.018                 
# span 7 =    1453.57,    1482.12                 
# span 8 =     55.652,     76.061                 
# span 9 =     5.5174,     8.4487                 
# span 10 =  59.652870,  59.655611                
# span 11 =     3.8608,     5.9119                
# span 12 =      0.097,    112.718                
# span 13 = 0.0000e+00, 0.0000e+00                
# interval = seconds: 0.0416667
# start_time = Feb 28 2019 15:40:08 [System UpLoad Time]
# bad_flag = -9.990e-29
*END*
[from data line 4955]
    108.791     7.8231    33.7514    26.3192 1.4652e-01     0.1298      0.018    1482.06     59.669     5.6965  59.655260     3.9861    109.852  0.000e+00
    108.811     7.8232    33.7510    26.3189 1.4652e-01     0.1298      0.018    1482.06     59.731     5.7024  59.655260     3.9902    109.872  0.000e+00
    108.835     7.8231    33.7513    26.3191 1.4652e-01     0.1298      0.018    1482.06     59.668     5.6964  59.655261     3.9860    109.897  0.000e+00
    108.852     7.8236    33.7509    26.3187 1.4652e-01     0.1298      0.018    1482.06     59.668     5.6964  59.655261     3.9860    109.914  0.000e+00
    108.884     7.8233    33.7512    26.3190 1.3431e-01     0.1298      0.018    1482.06     59.662     5.6958  59.655262     3.9856    109.947  0.000e+00
    108.896     7.8231    33.7514    26.3191 1.4652e-01     0.1310      0.018    1482.06     59.656     5.6953  59.655262     3.9852    109.958  0.000e+00
    108.925     7.8233    33.7509    26.3187 1.4652e-01     0.1298      0.018    1482.06     59.659     5.6955  59.655263     3.9854    109.988  0.000e+00
    108.945     7.8233    33.7508    26.3187 1.4652e-01     0.1298      0.018    1482.06     59.655     5.6951  59.655263     3.9851    110.008  0.000e+00
    108.981     7.8233    33.7513    26.3190 1.4652e-01     0.1310      0.018    1482.06     59.651     5.6948  59.655264     3.9849    110.044  0.000e+00
    108.974     7.8233    33.7514    26.3191 1.4652e-01     0.1310      0.018    1482.06     59.648     5.6945  59.655264     3.9847    110.037  0.000e+00
    109.018     7.8234    33.7518    26.3194 1.4652e-01     0.1310      0.015    1482.06     59.646     5.6942  59.655265     3.9845    110.082  0.000e+00
    108.986     7.8233    33.7518    26.3195 1.4652e-01     0.1298      0.018    1482.06     59.644     5.6941  59.655265     3.9844    110.049  0.000e+00
    109.090     7.8234    33.7516    26.3193 1.4652e-01     0.1298      0.018    1482.07     59.643     5.6940  59.655266     3.9843    110.154  0.000e+00
    109.079     7.8236    33.7512    26.3189 1.4652e-01     0.1298      0.018    1482.07     59.643     5.6939  59.655266     3.9843    110.143  0.000e+00
    109.108     7.8233    33.7514    26.3191 1.3431e-01     0.1310      0.018    1482.07     59.643     5.6940  59.655267     3.9843    110.173  0.000e+00
    109.128     7.8236    33.7513    26.3190 1.4652e-01     0.1310      0.018    1482.07     59.644     5.6940  59.655267     3.9843    110.192  0.000e+00
    109.151     7.8231    33.7514    26.3191 1.4652e-01     0.1298      0.018    1482.07     59.645     5.6942  59.655268     3.9845    110.215  0.000e+00
    109.155     7.8234    33.7511    26.3189 1.3431e-01     0.1310      0.015    1482.07     59.647     5.6944  59.655268     3.9846    110.220  0.000e+00
    109.200     7.8233    33.7515    26.3192 1.3431e-01     0.1298      0.018    1482.07     59.650     5.6946  59.655269     3.9848    110.265  0.000e+00
    109.213     7.8233    33.7519    26.3196 1.3431e-01     0.1298      0.018    1482.07     59.653     5.6949  59.655269     3.9850    110.278  0.000e+00
    109.229     7.8234    33.7519    26.3195 1.4652e-01     0.1298      0.018    1482.07     59.657     5.6953  59.655270     3.9852    110.295  0.000e+00
    109.249     7.8234    33.7519    26.3195 1.4652e-01     0.1298      0.018    1482.07     59.661     5.6957  59.655270     3.9855    110.314  0.000e+00
    109.273     7.8236    33.7517    26.3194 1.4652e-01     0.1310      0.018    1482.07     59.659     5.6954  59.655271     3.9853    110.339  0.000e+00
    109.289     7.8236    33.7517    26.3194 1.4652e-01     0.1298      0.018    1482.07     59.664     5.6960  59.655271     3.9857    110.356  0.000e+00
    109.334     7.8236    33.7514    26.3191 1.4652e-01     0.1310      0.018    1482.07     59.670     5.6966  59.655272     3.9861    110.400  0.000e+00
    109.334     7.8236    33.7513    26.3190 1.4652e-01     0.1310      0.018    1482.07     59.677     5.6972  59.655272     3.9866    110.400  0.000e+00
    109.374     7.8235    33.7519    26.3195 1.4652e-01     0.1298      0.015    1482.07     59.684     5.6979  59.655272     3.9870    110.441  0.000e+00
    109.382     7.8236    33.7514    26.3191 1.4652e-01     0.1310      0.015    1482.07     59.630     5.6927  59.655273     3.9834    110.450  0.000e+00
    109.418     7.8234    33.7517    26.3193 1.4652e-01     0.1298      0.015    1482.07     59.694     5.6988  59.655273     3.9877    110.486  0.000e+00
    109.430     7.8234    33.7518    26.3194 1.3431e-01     0.1298      0.015    1482.07     59.703     5.6997  59.655274     3.9883    110.497  0.000e+00
    109.448     7.8234    33.7518    26.3194 1.4652e-01     0.1310      0.015    1482.07     59.705     5.6999  59.655274     3.9885    110.516  0.000e+00
    109.467     7.8237    33.7517    26.3193 1.4652e-01     0.1310      0.015    1482.07     59.646     5.6942  59.655275     3.9844    110.535  0.000e+00
    109.490     7.8237    33.7518    26.3194 1.4652e-01     0.1298      0.018    1482.07     59.704     5.6997  59.655275     3.9883    110.558  0.000e+00
    109.520     7.8233    33.7520    26.3196 1.4652e-01     0.1310      0.018    1482.07     59.645     5.6942  59.655276     3.9844    110.588  0.000e+00
    109.539     7.8236    33.7518    26.3194 1.3431e-01     0.1298      0.018    1482.07     59.650     5.6946  59.655276     3.9847    110.608  0.000e+00
    109.564     7.8235    33.7518    26.3194 1.4652e-01     0.1298      0.018    1482.07     59.710     5.7003  59.655277     3.9887    110.633  0.000e+00
    109.582     7.8237    33.7517    26.3193 1.4652e-01     0.1310      0.018    1482.08     59.715     5.7008  59.655277     3.9891    110.651  0.000e+00
    109.613     7.8236    33.7517    26.3193 1.4652e-01     0.1310      0.018    1482.07     59.659     5.6954  59.655278     3.9853    110.682  0.000e+00
    109.624     7.8236    33.7518    26.3194 1.4652e-01     0.1298      0.018    1482.08     59.657     5.6953  59.655278     3.9852    110.694  0.000e+00
    109.649     7.8236    33.7519    26.3195 1.4652e-01     0.1298      0.015    1482.08     59.657     5.6953  59.655279     3.9852    110.719  0.000e+00
    109.678     7.8236    33.7519    26.3195 1.4652e-01     0.1310      0.018    1482.08     59.657     5.6953  59.655279     3.9852    110.748  0.000e+00
    109.698     7.8236    33.7523    26.3198 1.3431e-01     0.1298      0.018    1482.08     59.658     5.6953  59.655280     3.9853    110.768  0.000e+00
    109.709     7.8236    33.7517    26.3194 1.4652e-01     0.1310      0.015    1482.08     59.659     5.6955  59.655280     3.9854    110.780  0.000e+00
    109.752     7.8236    33.7517    26.3193 1.4652e-01     0.1298      0.018    1482.08     59.661     5.6957  59.655281     3.9855    110.822  0.000e+00
    109.770     7.8234    33.7520    26.3196 1.4652e-01     0.1310      0.015    1482.08     59.664     5.6960  59.655281     3.9857    110.841  0.000e+00
    109.783     7.8236    33.7518    26.3194 1.4652e-01     0.1298      0.018    1482.08     59.667     5.6962  59.655282     3.9859    110.854  0.000e+00
    109.819     7.8237    33.7519    26.3194 1.3431e-01     0.1298      0.018    1482.08     59.664     5.6959  59.655282     3.9856    110.890  0.000e+00
    109.823     7.8236    33.7521    26.3197 1.4652e-01     0.1298      0.018    1482.08     59.668     5.6963  59.655283     3.9859    110.895  0.000e+00
    109.868     7.8236    33.7521    26.3197 1.4652e-01     0.1298      0.018    1482.08     59.665     5.6960  59.655283     3.9857    110.940  0.000e+00
    109.879     7.8237    33.7517    26.3193 1.4652e-01     0.1298      0.015    1482.08     59.662     5.6957  59.655284     3.9855    110.951  0.000e+00
    109.917     7.8237    33.7518    26.3194 1.4652e-01     0.1298      0.018    1482.08     59.668     5.6963  59.655284     3.9859    110.989  0.000e+00
    109.921     7.8237    33.7522    26.3197 1.4652e-01     0.1298      0.018    1482.08     59.666     5.6961  59.655285     3.9858    110.994  0.000e+00
    109.952     7.8236    33.7521    26.3196 1.4652e-01     0.1310      0.018    1482.08     59.665     5.6960  59.655285     3.9857    111.025  0.000e+00
    109.977     7.8236    33.7521    26.3196 1.4652e-01     0.1310      0.018    1482.08     59.663     5.6959  59.655285     3.9856    111.050  0.000e+00
    110.006     7.8236    33.7523    26.3198 1.4652e-01     0.1298      0.015    1482.08     59.663     5.6958  59.655286     3.9856    111.080  0.000e+00
    110.024     7.8237    33.7522    26.3197 1.4652e-01     0.1298      0.015    1482.08     59.662     5.6957  59.655286     3.9855    111.098  0.000e+00
    110.037     7.8237    33.7524    26.3199 1.3431e-01     0.1310      0.018    1482.08     59.662     5.6957  59.655287     3.9855    111.111  0.000e+00
    110.086     7.8237    33.7523    26.3198 1.3431e-01     0.1298      0.018    1482.08     59.662     5.6958  59.655287     3.9856    111.161  0.000e+00
    110.091     7.8239    33.7523    26.3197 1.4652e-01     0.1298      0.018    1482.08     59.663     5.6958  59.655288     3.9856    111.166  0.000e+00
    110.109     7.8237    33.7523    26.3197 1.4652e-01     0.1310      0.018    1482.08     59.664     5.6959  59.655288     3.9856    111.184  0.000e+00
    110.158     7.8236    33.7523    26.3198 1.4652e-01     0.1298      0.018    1482.08     59.665     5.6960  59.655289     3.9857    111.233  0.000e+00
    110.158     7.8237    33.7524    26.3198 1.4652e-01     0.1310      0.018    1482.09     59.666     5.6961  59.655289     3.9858    111.233  0.000e+00
    110.183     7.8237    33.7520    26.3195 1.4652e-01     0.1298      0.018    1482.09     59.668     5.6963  59.655290     3.9859    111.258  0.000e+00
    110.212     7.8239    33.7521    26.3196 1.4652e-01     0.1310      0.018    1482.09     59.670     5.6965  59.655290     3.9860    111.288  0.000e+00
    110.232     7.8239    33.7523    26.3198 1.4652e-01     0.1310      0.018    1482.09     59.672     5.6967  59.655291     3.9862    111.307  0.000e+00
    110.256     7.8239    33.7520    26.3196 1.4652e-01     0.1310      0.018    1482.09     59.675     5.6969  59.655291     3.9864    111.332  0.000e+00
    110.292     7.8239    33.7520    26.3195 1.4652e-01     0.1298      0.018    1482.09     59.740     5.7032  59.655292     3.9908    111.368  0.000e+00
    110.310     7.8237    33.7521    26.3196 1.4652e-01     0.1298      0.015    1482.09     59.688     5.6982  59.655292     3.9873    111.387  0.000e+00
    110.317     7.8239    33.7521    26.3196 1.4652e-01     0.1310      0.015    1482.09     59.692     5.6985  59.655293     3.9875    111.393  0.000e+00
    110.353     7.8236    33.7525    26.3200 1.4652e-01     0.1310      0.018    1482.09     59.758     5.7048  59.655293     3.9919    111.430  0.000e+00
    110.377     7.8239    33.7524    26.3199 1.4652e-01     0.1298      0.018    1482.09     59.706     5.6999  59.655294     3.9885    111.454  0.000e+00
    110.395     7.8239    33.7520    26.3196 1.4652e-01     0.1298      0.018    1482.09     59.710     5.7003  59.655294     3.9887    111.472  0.000e+00
    110.426     7.8239    33.7521    26.3196 1.4652e-01     0.1310      0.018    1482.09     59.777     5.7067  59.655295     3.9932    111.504  0.000e+00
    110.451     7.8239    33.7524    26.3198 1.4652e-01     0.1298      0.018    1482.09     59.788     5.7078  59.655295     3.9940    111.528  0.000e+00
    110.462     7.8240    33.7524    26.3198 1.4652e-01     0.1310      0.018    1482.09     59.800     5.7088  59.655296     3.9947    111.540  0.000e+00
    110.498     7.8237    33.7527    26.3201 1.4652e-01     0.1310      0.018    1482.09     59.812     5.7100  59.655296     3.9955    111.576  0.000e+00
    110.516     7.8239    33.7525    26.3199 1.4652e-01     0.1310      0.018    1482.09     59.753     5.7044  59.655297     3.9916    111.594  0.000e+00
    110.523     7.8238    33.7526    26.3200 1.4652e-01     0.1298      0.015    1482.09     59.820     5.7107  59.655297     3.9960    111.601  0.000e+00
    110.558     7.8239    33.7525    26.3199 1.4652e-01     0.1298      0.018    1482.09     59.831     5.7119  59.655298     3.9968    111.637  0.000e+00
    110.596     7.8239    33.7527    26.3201 1.4652e-01     0.1298      0.018    1482.09     59.843     5.7130  59.655298     3.9976    111.675  0.000e+00
    110.621     7.8239    33.7525    26.3199 1.4652e-01     0.1298      0.015    1482.09     59.847     5.7134  59.655299     3.9979    111.700  0.000e+00
    110.625     7.8240    33.7528    26.3201 1.4652e-01     0.1298      0.018    1482.09     59.858     5.7144  59.655299     3.9986    111.705  0.000e+00
    110.668     7.8240    33.7527    26.3200 1.4652e-01     0.1310      0.018    1482.10     59.862     5.7148  59.655299     3.9988    111.748  0.000e+00
    110.681     7.8242    33.7524    26.3198 1.4652e-01     0.1298      0.018    1482.10     59.865     5.7150  59.655300     3.9991    111.761  0.000e+00
    110.705     7.8242    33.7524    26.3198 1.4652e-01     0.1310      0.018    1482.10     59.876     5.7161  59.655300     3.9998    111.786  0.000e+00
    110.741     7.8239    33.7529    26.3203 1.4652e-01     0.1298      0.018    1482.10     59.824     5.7112  59.655301     3.9963    111.822  0.000e+00
    110.753     7.8241    33.7526    26.3199 1.4652e-01     0.1310      0.018    1482.10     59.883     5.7167  59.655301     4.0002    111.834  0.000e+00
    110.784     7.8239    33.7529    26.3202 1.4652e-01     0.1310      0.018    1482.10     59.823     5.7111  59.655302     3.9963    111.865  0.000e+00
    110.802     7.8242    33.7524    26.3198 1.4652e-01     0.1310      0.018    1482.10     59.881     5.7166  59.655302     4.0001    111.883  0.000e+00
    110.815     7.8239    33.7532    26.3205 1.4652e-01     0.1298      0.018    1482.10     59.884     5.7168  59.655303     4.0003    111.896  0.000e+00
    110.826     7.8242    33.7535    26.3207 1.4652e-01     0.1298      0.018    1482.10     59.886     5.7170  59.655303     4.0004    111.908  0.000e+00
    110.851     7.8242    33.7537    26.3208 1.4652e-01     0.1298      0.018    1482.10     59.826     5.7112  59.655304     3.9964    111.933  0.000e+00
    110.808     7.8242    33.7532    26.3204 1.4652e-01     0.1298      0.018    1482.10     59.882     5.7166  59.655304     4.0002    111.890  0.000e+00
    110.826     7.8244    33.7534    26.3206 1.4652e-01     0.1298      0.018    1482.10     59.821     5.7108  59.655305     3.9961    111.908  0.000e+00
    110.862     7.8244    33.7533    26.3205 1.4652e-01     0.1310      0.018    1482.10     59.878     5.7162  59.655305     3.9999    111.944  0.000e+00
    110.851     7.8243    33.7531    26.3203 1.3431e-01     0.1298      0.018    1482.10     59.879     5.7164  59.655306     4.0000    111.933  0.000e+00
    110.862     7.8242    33.7525    26.3198 1.3431e-01     0.1298      0.015    1482.10     59.880     5.7165  59.655306     4.0001    111.944  0.000e+00
    110.862     7.8240    33.7523    26.3197 1.4652e-01     0.1310      0.015    1482.10     59.819     5.7106  59.655307     3.9960    111.944  0.000e+00
    110.857     7.8239    33.7525    26.3200 1.4652e-01     0.1298      0.018    1482.10     59.874     5.7159  59.655307     3.9997    111.939  0.000e+00
    110.875     7.8237    33.7526    26.3200 1.4652e-01     0.1310      0.015    1482.10     59.812     5.7100  59.655308     3.9955    111.957  0.000e+00
    110.887     7.8237    33.7520    26.3195 1.4652e-01     0.1310      0.018    1482.10     59.868     5.7153  59.655308     3.9993    111.969  0.000e+00
    110.875     7.8237    33.7516    26.3192 1.4652e-01     0.1310      0.018    1482.10     59.805     5.7094  59.655309     3.9951    111.957  0.000e+00
    110.851     7.8234    33.7515    26.3192 1.4652e-01     0.1310      0.018    1482.09     59.797     5.7087  59.655309     3.9946    111.933  0.000e+00
