RAWDATA/20190228/Gl2_20190228_down.cnv
* Sea-Bird SBE 9 Data File:
* FileName = C:\CTD Brukere\NIVA\IO2019\20190228\Gl2_20190228.hex
* Software Version Seasave V 7.23.2
* Temperature SN = 5352
* Conductivity SN = 3840
* Number of Bytes Per Scan = 28
* Number of Voltage Words = 4
* Number of Scans Averaged by the Deck Unit = 1
* NMEA baud rate = 4800
** Ship: R/V Trygve Braarud
** Cruise:
** Station:
** Operator:
# nquan = 14
# nvalues = 6572                                  
# units = specified
# name 0 = depSM: Depth [salt water, m], lat = 59.60
# name 1 = t090C: Temperature [ITS-90, deg C]
# name 2 = sal00: Salinity, Practical [PSU]
# name 3 = sigma-t00: Density [sigma-t, kg/m^3 ]
# name 4 = flSP: Fluorescence, Seapoint
# name 5 = wetStar: Fluorescence, WET Labs WETstar [mg/m^3]
# name 6 = seaTurbMtr: Turbidity, Seapoint [FTU]
# name 7 = svCM: Sound Velocity [Chen-Millero, m/s]
# name 8 = sbeox0PS: Oxygen, SBE 43 [% saturation]
# name 9 = sbeox0Mg/L: Oxygen, SBE 43 [mg/l]
# name 10 = timeJ: Julian Days
# name 11 = sbeox0ML/L: Oxygen, SBE 43 [ml/l]
# name 12 = prDM: Pressure, Digiquartz [db]
# name 13 = flag:  0.000e+00
# span 0 =      0.011,    139.442                 
# span 1 =     3.2250,     7.8298                 
# span 2 =    26.2274,    33.7794                 
# span 3 =    20.8710,    26.3407                 
# span 4 = 1.3431e-01, 6.8376e-01                 
# span 5 =     0.1273,     0.1310                 
# span 6 =      0.011,      0.018                 
# span 7 =    1452.13,    1482.62                 
# span 8 =     54.250,     74.509                 
# span 9 =     5.3600,     8.2579                 
# span 10 =  59.742836,  59.746005                
# span 11 =     3.7506,     5.7784                
# span 12 =      0.011,    140.813                
# span 13 = 0.0000e+00, 0.0000e+00                
# interval = seconds: 0.0416667
# start_time = Feb 28 2019 17:49:41 [System UpLoad Time]
# bad_flag = -9.990e-29
*END*
[from data line 4646]
     99.377     7.8008    33.7624    26.3310 1.4652e-01     0.1298      0.015    1481.83     60.396     5.7684  59.745076     4.0364    100.344  0.000e+00
     99.402     7.8007    33.7621    26.3308 1.4652e-01     0.1298      0.018    1481.83     60.395     5.7683  59.745077     4.0363    100.369  0.000e+00
     99.423     7.8001    33.7618    26.3306 1.4652e-01     0.1298      0.018    1481.83     60.455     5.7741  59.745077     4.0404    100.390  0.000e+00
     99.449     7.8000    33.7611    26.3301 1.4652e-01     0.1298      0.015    1481.83     60.460     5.7746  59.745078     4.0408    100.417  0.000e+00
     99.462     7.7999    33.7608    26.3299 1.4652e-01     0.1298      0.015    1481.83     60.472     5.7758  59.745078     4.0416    100.430  0.000e+00
     99.483     7.7996    33.7612    26.3303 1.4652e-01     0.1285      0.018    1481.83     60.476     5.7762  59.745079     4.0418    100.451  0.000e+00
     99.522     7.7997    33.7616    26.3306 1.4652e-01     0.1298      0.015    1481.83     60.417     5.7705  59.745079     4.0379    100.491  0.000e+00
     99.522     7.7998    33.7617    26.3307 1.4652e-01     0.1298      0.015    1481.83     60.482     5.7768  59.745080     4.0422    100.491  0.000e+00
     99.568     7.8002    33.7616    26.3305 1.4652e-01     0.1298      0.018    1481.83     60.485     5.7770  59.745080     4.0424    100.537  0.000e+00
     99.571     7.8004    33.7623    26.3310 1.4652e-01     0.1298      0.018    1481.83     60.495     5.7779  59.745081     4.0430    100.540  0.000e+00
     99.607     7.8005    33.7624    26.3311 1.4652e-01     0.1298      0.015    1481.83     60.504     5.7788  59.745081     4.0436    100.577  0.000e+00
     99.619     7.8010    33.7624    26.3310 1.4652e-01     0.1298      0.018    1481.84     60.505     5.7788  59.745082     4.0437    100.588  0.000e+00
     99.642     7.8013    33.7621    26.3307 1.4652e-01     0.1298      0.015    1481.84     60.506     5.7789  59.745082     4.0437    100.611  0.000e+00
     99.656     7.8012    33.7628    26.3313 1.4652e-01     0.1298      0.015    1481.84     60.506     5.7789  59.745082     4.0437    100.626  0.000e+00
     99.692     7.8016    33.7632    26.3315 1.4652e-01     0.1298      0.015    1481.84     60.514     5.7795  59.745083     4.0441    100.662  0.000e+00
     99.702     7.8016    33.7633    26.3317 1.3431e-01     0.1298      0.015    1481.84     60.450     5.7735  59.745083     4.0399    100.672  0.000e+00
     99.741     7.8020    33.7632    26.3315 1.4652e-01     0.1298      0.015    1481.84     60.442     5.7726  59.745084     4.0393    100.712  0.000e+00
     99.752     7.8020    33.7631    26.3314 1.3431e-01     0.1298      0.018    1481.84     60.496     5.7777  59.745084     4.0429    100.723  0.000e+00
     99.777     7.8017    33.7629    26.3313 1.3431e-01     0.1298      0.015    1481.84     60.494     5.7776  59.745085     4.0428    100.748  0.000e+00
     99.800     7.8020    33.7628    26.3312 1.4652e-01     0.1298      0.015    1481.84     60.491     5.7773  59.745085     4.0426    100.771  0.000e+00
     99.813     7.8020    33.7626    26.3311 1.3431e-01     0.1298      0.018    1481.84     60.488     5.7770  59.745086     4.0424    100.784  0.000e+00
     99.849     7.8018    33.7630    26.3313 1.4652e-01     0.1298      0.018    1481.84     60.484     5.7766  59.745086     4.0421    100.821  0.000e+00
     99.860     7.8018    33.7633    26.3316 1.4652e-01     0.1298      0.015    1481.84     60.487     5.7769  59.745087     4.0424    100.832  0.000e+00
     99.886     7.8021    33.7629    26.3312 1.4652e-01     0.1298      0.018    1481.85     60.482     5.7765  59.745087     4.0420    100.858  0.000e+00
     99.911     7.8018    33.7627    26.3312 1.4652e-01     0.1298      0.018    1481.85     60.485     5.7767  59.745088     4.0422    100.883  0.000e+00
     99.934     7.8020    33.7625    26.3310 1.3431e-01     0.1298      0.015    1481.85     60.487     5.7769  59.745088     4.0423    100.906  0.000e+00
     99.956     7.8021    33.7623    26.3308 1.4652e-01     0.1298      0.018    1481.85     60.488     5.7771  59.745089     4.0424    100.929  0.000e+00
     99.971     7.8021    33.7623    26.3308 1.4652e-01     0.1298      0.015    1481.85     60.428     5.7712  59.745089     4.0384    100.944  0.000e+00
     99.996     7.8017    33.7627    26.3312 1.4652e-01     0.1298      0.015    1481.85     60.484     5.7767  59.745090     4.0422    100.969  0.000e+00
    100.018     7.8015    33.7627    26.3312 1.4652e-01     0.1298      0.018    1481.85     60.423     5.7708  59.745090     4.0381    100.992  0.000e+00
    100.054     7.8015    33.7626    26.3311 1.3431e-01     0.1298      0.015    1481.85     60.409     5.7695  59.745091     4.0372    101.028  0.000e+00
    100.067     7.8013    33.7622    26.3308 1.3431e-01     0.1298      0.015    1481.85     60.464     5.7749  59.745091     4.0409    101.041  0.000e+00
    100.092     7.8012    33.7619    26.3306 1.3431e-01     0.1285      0.018    1481.84     60.395     5.7682  59.745092     4.0363    101.066  0.000e+00
    100.116     7.8005    33.7620    26.3308 1.3431e-01     0.1298      0.015    1481.84     60.380     5.7669  59.745092     4.0353    101.091  0.000e+00
    100.139     7.8006    33.7615    26.3303 1.4652e-01     0.1298      0.018    1481.84     60.435     5.7721  59.745093     4.0390    101.114  0.000e+00
    100.165     7.8005    33.7615    26.3304 1.4652e-01     0.1298      0.018    1481.84     60.434     5.7721  59.745093     4.0390    101.140  0.000e+00
    100.177     7.8004    33.7616    26.3305 1.4652e-01     0.1298      0.015    1481.84     60.433     5.7721  59.745094     4.0389    101.152  0.000e+00
    100.213     7.8007    33.7615    26.3304 1.4652e-01     0.1298      0.018    1481.84     60.432     5.7719  59.745094     4.0389    101.188  0.000e+00
    100.226     7.8005    33.7617    26.3306 1.4652e-01     0.1298      0.015    1481.84     60.431     5.7718  59.745095     4.0388    101.201  0.000e+00
    100.249     7.8005    33.7623    26.3310 1.4652e-01     0.1298      0.015    1481.84     60.429     5.7716  59.745095     4.0386    101.224  0.000e+00
    100.286     7.8010    33.7619    26.3307 1.3431e-01     0.1298      0.015    1481.85     60.365     5.7654  59.745095     4.0343    101.262  0.000e+00
    100.298     7.8010    33.7621    26.3308 1.4652e-01     0.1298      0.018    1481.85     60.356     5.7645  59.745096     4.0337    101.274  0.000e+00
    100.322     7.8012    33.7621    26.3308 1.3431e-01     0.1298      0.018    1481.85     60.346     5.7636  59.745096     4.0330    101.299  0.000e+00
    100.356     7.8012    33.7621    26.3307 1.4652e-01     0.1298      0.015    1481.85     60.399     5.7687  59.745097     4.0366    101.333  0.000e+00
    100.371     7.8013    33.7624    26.3310 1.4652e-01     0.1298      0.018    1481.85     60.335     5.7625  59.745097     4.0322    101.348  0.000e+00
    100.395     7.8012    33.7622    26.3308 1.3431e-01     0.1298      0.015    1481.85     60.325     5.7616  59.745098     4.0316    101.373  0.000e+00
    100.431     7.8012    33.7620    26.3307 1.3431e-01     0.1298      0.015    1481.85     60.315     5.7606  59.745098     4.0310    101.409  0.000e+00
    100.431     7.8012    33.7618    26.3305 1.4652e-01     0.1285      0.018    1481.85     60.305     5.7597  59.745099     4.0303    101.409  0.000e+00
    100.479     7.8010    33.7620    26.3307 1.4652e-01     0.1298      0.015    1481.85     60.304     5.7595  59.745099     4.0302    101.457  0.000e+00
    100.492     7.8011    33.7621    26.3308 1.4652e-01     0.1298      0.018    1481.85     60.294     5.7586  59.745100     4.0296    101.470  0.000e+00
    100.503     7.8012    33.7617    26.3305 1.4652e-01     0.1298      0.018    1481.85     60.285     5.7577  59.745100     4.0289    101.481  0.000e+00
    100.552     7.8008    33.7622    26.3309 1.4652e-01     0.1298      0.015    1481.85     60.283     5.7576  59.745101     4.0288    101.531  0.000e+00
    100.552     7.8012    33.7620    26.3307 1.4652e-01     0.1298      0.018    1481.85     60.282     5.7574  59.745101     4.0287    101.531  0.000e+00
    100.588     7.8010    33.7623    26.3310 1.4652e-01     0.1298      0.018    1481.85     60.281     5.7573  59.745102     4.0286    101.567  0.000e+00
    100.613     7.8012    33.7625    26.3311 1.4652e-01     0.1298      0.018    1481.85     60.280     5.7572  59.745102     4.0286    101.592  0.000e+00
    100.637     7.8011    33.7627    26.3313 1.4652e-01     0.1298      0.015    1481.85     60.272     5.7565  59.745103     4.0280    101.617  0.000e+00
    100.661     7.8015    33.7628    26.3313 1.4652e-01     0.1298      0.018    1481.86     60.271     5.7564  59.745103     4.0280    101.641  0.000e+00
    100.686     7.8018    33.7627    26.3311 1.3431e-01     0.1298      0.015    1481.86     60.271     5.7563  59.745104     4.0279    101.666  0.000e+00
    100.709     7.8018    33.7629    26.3313 1.4652e-01     0.1298      0.015    1481.86     60.271     5.7563  59.745104     4.0279    101.689  0.000e+00
    100.722     7.8020    33.7626    26.3310 1.3431e-01     0.1298      0.018    1481.86     60.272     5.7564  59.745105     4.0280    101.702  0.000e+00
    100.758     7.8021    33.7629    26.3312 1.3431e-01     0.1298      0.018    1481.86     60.273     5.7564  59.745105     4.0280    101.739  0.000e+00
    100.782     7.8018    33.7630    26.3314 1.4652e-01     0.1298      0.018    1481.86     60.274     5.7566  59.745106     4.0281    101.763  0.000e+00
    100.795     7.8018    33.7632    26.3315 1.4652e-01     0.1298      0.018    1481.86     60.275     5.7567  59.745106     4.0282    101.777  0.000e+00
    100.820     7.8018    33.7625    26.3310 1.4652e-01     0.1298      0.015    1481.86     60.277     5.7569  59.745107     4.0283    101.801  0.000e+00
    100.843     7.8016    33.7629    26.3314 1.3431e-01     0.1298      0.018    1481.86     60.271     5.7563  59.745107     4.0279    101.824  0.000e+00
    100.867     7.8016    33.7626    26.3311 1.4652e-01     0.1298      0.018    1481.86     60.265     5.7558  59.745108     4.0276    101.849  0.000e+00
    100.892     7.8016    33.7621    26.3307 1.4652e-01     0.1298      0.018    1481.86     60.267     5.7560  59.745108     4.0277    101.874  0.000e+00
    100.927     7.8013    33.7623    26.3309 1.4652e-01     0.1298      0.018    1481.86     60.270     5.7563  59.745109     4.0279    101.910  0.000e+00
    100.927     7.8012    33.7625    26.3311 1.4652e-01     0.1298      0.018    1481.86     60.272     5.7565  59.745109     4.0281    101.910  0.000e+00
    100.952     7.8015    33.7627    26.3312 1.4652e-01     0.1298      0.018    1481.86     60.275     5.7568  59.745109     4.0282    101.935  0.000e+00
    100.988     7.8013    33.7625    26.3310 1.4652e-01     0.1298      0.015    1481.86     60.279     5.7571  59.745110     4.0285    101.971  0.000e+00
    101.012     7.8015    33.7621    26.3307 1.4652e-01     0.1298      0.018    1481.86     60.282     5.7575  59.745110     4.0287    101.996  0.000e+00
    101.025     7.8010    33.7620    26.3307 1.3431e-01     0.1298      0.018    1481.86     60.286     5.7579  59.745111     4.0290    102.009  0.000e+00
    101.050     7.8010    33.7621    26.3308 1.4652e-01     0.1298      0.015    1481.86     60.228     5.7523  59.745111     4.0251    102.034  0.000e+00
    101.074     7.8008    33.7624    26.3311 1.4652e-01     0.1298      0.015    1481.86     60.288     5.7581  59.745112     4.0291    102.058  0.000e+00
    101.086     7.8010    33.7622    26.3309 1.4652e-01     0.1298      0.018    1481.86     60.293     5.7585  59.745112     4.0295    102.070  0.000e+00
    101.122     7.8011    33.7621    26.3308 1.4652e-01     0.1298      0.015    1481.86     60.228     5.7524  59.745113     4.0252    102.106  0.000e+00
    101.133     7.8010    33.7622    26.3309 1.4652e-01     0.1298      0.018    1481.86     60.227     5.7522  59.745113     4.0250    102.118  0.000e+00
    101.159     7.8008    33.7618    26.3306 1.4652e-01     0.1298      0.018    1481.86     60.280     5.7573  59.745114     4.0286    102.144  0.000e+00
    101.182     7.8008    33.7622    26.3309 1.3431e-01     0.1298      0.018    1481.86     60.216     5.7512  59.745114     4.0244    102.167  0.000e+00
    101.207     7.8012    33.7622    26.3308 1.4652e-01     0.1298      0.015    1481.86     60.216     5.7511  59.745115     4.0243    102.192  0.000e+00
    101.220     7.8013    33.7628    26.3313 1.4652e-01     0.1298      0.015    1481.86     60.208     5.7503  59.745115     4.0237    102.205  0.000e+00
    101.256     7.8013    33.7626    26.3311 1.4652e-01     0.1298      0.018    1481.87     60.200     5.7496  59.745116     4.0232    102.241  0.000e+00
    101.256     7.8016    33.7622    26.3308 1.4652e-01     0.1298      0.018    1481.87     60.201     5.7496  59.745116     4.0232    102.241  0.000e+00
    101.291     7.8013    33.7622    26.3308 1.4652e-01     0.1298      0.015    1481.87     60.264     5.7557  59.745117     4.0275    102.278  0.000e+00
    101.303     7.8015    33.7620    26.3306 1.4652e-01     0.1298      0.015    1481.87     60.273     5.7566  59.745117     4.0281    102.289  0.000e+00
    101.352     7.8013    33.7624    26.3310 1.4652e-01     0.1298      0.015    1481.87     60.282     5.7575  59.745118     4.0287    102.339  0.000e+00
    101.352     7.8013    33.7625    26.3310 1.4652e-01     0.1298      0.015    1481.87     60.229     5.7524  59.745118     4.0252    102.339  0.000e+00
    101.376     7.8010    33.7622    26.3309 1.4652e-01     0.1298      0.015    1481.87     60.294     5.7586  59.745119     4.0296    102.363  0.000e+00
    101.401     7.8012    33.7621    26.3308 1.4652e-01     0.1298      0.018    1481.87     60.235     5.7529  59.745119     4.0256    102.388  0.000e+00
    101.425     7.8012    33.7622    26.3309 1.3431e-01     0.1298      0.018    1481.87     60.292     5.7585  59.745120     4.0294    102.413  0.000e+00
    101.437     7.8011    33.7623    26.3310 1.3431e-01     0.1298      0.015    1481.87     60.295     5.7587  59.745120     4.0296    102.424  0.000e+00
    101.474     7.8012    33.7627    26.3313 1.3431e-01     0.1298      0.015    1481.87     60.244     5.7538  59.745121     4.0262    102.462  0.000e+00
    101.473     7.8016    33.7622    26.3308 1.3431e-01     0.1298      0.015    1481.87     60.302     5.7593  59.745121     4.0300    102.461  0.000e+00
    101.535     7.8015    33.7622    26.3308 1.4652e-01     0.1298      0.015    1481.87     60.306     5.7597  59.745122     4.0303    102.523  0.000e+00
    101.535     7.8013    33.7621    26.3307 1.3431e-01     0.1298      0.015    1481.87     60.247     5.7541  59.745122     4.0264    102.523  0.000e+00
    101.559     7.8015    33.7619    26.3305 1.3431e-01     0.1298      0.015    1481.87     60.243     5.7538  59.745122     4.0261    102.548  0.000e+00
    101.595     7.8013    33.7621    26.3307 1.4652e-01     0.1298      0.018    1481.87     60.303     5.7594  59.745123     4.0301    102.584  0.000e+00
    101.606     7.8015    33.7621    26.3307 1.3431e-01     0.1298      0.018    1481.87     60.307     5.7598  59.745123     4.0304    102.596  0.000e+00
    101.631     7.8015    33.7624    26.3310 1.3431e-01     0.1298      0.015    1481.87     60.311     5.7602  59.745124     4.0306    102.620  0.000e+00
    101.644     7.8016    33.7621    26.3307 1.3431e-01     0.1298      0.018    1481.87     60.315     5.7606  59.745124     4.0309    102.634  0.000e+00
    101.680     7.8016    33.7620    26.3306 1.3431e-01     0.1298      0.018    1481.87     60.319     5.7610  59.745125     4.0312    102.670  0.000e+00
