RAWDATA/20190228/Gl2_20190228_down_bin.cnv
* Sea-Bird SBE 9 Data File:
* FileName = C:\CTD Brukere\NIVA\IO2019\20190228\Gl2_20190228.hex
* Software Version Seasave V 7.23.2
* Temperature SN = 5352
* Conductivity SN = 3840
* Number of Bytes Per Scan = 28
* Number of Voltage Words = 4
* Number of Scans Averaged by the Deck Unit = 1
* NMEA baud rate = 4800
** Ship: R/V Trygve Braarud
** Cruise:
** Station:
** Operator:
# nquan = 14
# nvalues = 140                         
# units = specified
# name 0 = depSM: Depth [salt water, m], lat = 59.60
# name 1 = t090C: Temperature [ITS-90, deg C]
# name 2 = sal00: Salinity, Practical [PSU]
# name 3 = sigma-t00: Density [sigma-t, kg/m^3 ]
# name 4 = flSP: Fluorescence, Seapoint
# name 5 = wetStar: Fluorescence, WET Labs WETstar [mg/m^3]
# name 6 = seaTurbMtr: Turbidity, Seapoint [FTU]
# name 7 = svCM: Sound Velocity [Chen-Millero, m/s]
# name 8 = sbeox0PS: Oxygen, SBE 43 [% saturation]
# name 9 = sbeox0Mg/L: Oxygen, SBE 43 [mg/l]
# name 10 = timeJ: Julian Days
# name 11 = sbeox0ML/L: Oxygen, SBE 43 [ml/l]
# name 12 = prDM: Pressure, Digiquartz [db]
# name 13 = flag: flag
# span 0 =      0.000,    139.000       
# span 1 =     3.2634,     7.8292       
# span 2 =    26.3616,    33.7787       
# span 3 =    20.9783,    26.3400       
# span 4 = 1.4038e-01, 4.6750e-01       
# span 5 =     0.1280,     0.1299       
# span 6 =      0.013,      0.017       
# span 7 =    1452.35,    1482.61       
# span 8 =     54.337,     74.404       
# span 9 =     5.3686,     8.2407       
# span 10 =  59.742895,  59.745949      
# span 11 =     3.7567,     5.7663      
# span 12 =      0.000,    140.366      
# span 13 = 0.0000e+00, 0.0000e+00      
# interval = meters: 1                  
# start_time = Feb 28 2019 17:49:41 [System UpLoad Time]
# bad_flag = -9.990e-29
*END*
      0.000     3.2634    26.3616    20.9783 4.6750e-01     0.1280      0.013    1452.35     66.484     7.4318  59.742895     5.2004      0.000 0.0000e+00
      1.000     3.2854    26.4972    21.0846 4.0265e-01     0.1286      0.015    1452.64     72.865     8.1330  59.742982     5.6910      1.010 0.0000e+00
      2.000     3.3598    27.0813    21.5439 4.2134e-01     0.1286      0.016    1453.73     73.454     8.1511  59.743010     5.7037      2.019 0.0000e+00
      3.000     3.3741    27.2546    21.6807 4.1408e-01     0.1286      0.015    1454.04     74.147     8.2155  59.743033     5.7487      3.028 0.0000e+00
      4.000     3.3695    27.3310    21.7418 4.0331e-01     0.1287      0.015    1454.13     74.404     8.2407  59.743055     5.7663      4.038 0.0000e+00
      5.000     3.3502    27.5558    21.9221 4.1111e-01     0.1286      0.015    1454.35     73.863     8.1722  59.743076     5.7185      5.047 0.0000e+00
      6.000     3.3662    28.1381    22.3842 4.1256e-01     0.1285      0.015    1455.19     73.345     8.0797  59.743098     5.6537      6.057 0.0000e+00
      7.000     3.5614    28.8014    22.8963 4.2744e-01     0.1288      0.015    1456.90     73.053     7.9727  59.743120     5.5788      7.066 0.0000e+00
      8.000     3.8188    29.5016    23.4310 3.9920e-01     0.1286      0.015    1458.91     72.992     7.8782  59.743140     5.5127      8.076 0.0000e+00
      9.000     4.1177    30.1075    23.8856 4.0056e-01     0.1287      0.015    1460.97     73.466     7.8392  59.743161     5.4854      9.086 0.0000e+00
     10.000     4.3839    30.3434    24.0474 3.4012e-01     0.1287      0.015    1462.41     73.017     7.7289  59.743183     5.4082     10.095 0.0000e+00
     11.000     4.8251    30.7843    24.3528 2.8067e-01     0.1289      0.015    1464.82     71.966     7.5146  59.743203     5.2583     11.105 0.0000e+00
     12.000     5.1766    31.1893    24.6363 2.6193e-01     0.1286      0.015    1466.80     70.271     7.2560  59.743224     5.0773     12.114 0.0000e+00
     13.000     5.2263    31.2957    24.7151 2.5555e-01     0.1287      0.015    1467.15     69.305     7.1428  59.743245     4.9981     13.124 0.0000e+00
     14.000     5.3312    31.4251    24.8059 2.4606e-01     0.1287      0.015    1467.76     67.514     6.9348  59.743265     4.8526     14.133 0.0000e+00
     15.000     5.3604    31.4694    24.8377 2.3388e-01     0.1286      0.015    1467.95     65.128     6.6831  59.743287     4.6764     15.143 0.0000e+00
     16.000     5.3805    31.5151    24.8716 2.3968e-01     0.1284      0.015    1468.11     63.849     6.5467  59.743308     4.5810     16.152 0.0000e+00
     17.000     5.7276    31.9573    25.1812 2.3462e-01     0.1282      0.014    1470.09     62.983     6.3864  59.743329     4.4689     17.162 0.0000e+00
     18.000     6.0714    32.2682    25.3858 2.3006e-01     0.1284      0.015    1471.88     62.365     6.2597  59.743351     4.3802     18.172 0.0000e+00
     19.000     6.2735    32.4115    25.4739 2.1225e-01     0.1288      0.015    1472.88     62.501     6.2378  59.743372     4.3648     19.181 0.0000e+00
     20.000     6.4120    32.4857    25.5150 2.0996e-01     0.1288      0.015    1473.54     61.327     6.0979  59.743393     4.2670     20.191 0.0000e+00
     21.000     6.4490    32.4953    25.5179 2.0596e-01     0.1289      0.015    1473.71     59.072     5.8683  59.743416     4.1063     21.200 0.0000e+00
     22.000     6.5657    32.6173    25.5992 1.9745e-01     0.1288      0.015    1474.34     57.283     5.6706  59.743438     3.9679     22.210 0.0000e+00
     23.000     6.5832    32.6931    25.6567 1.9538e-01     0.1289      0.016    1474.52     56.118     5.5502  59.743459     3.8837     23.220 0.0000e+00
     24.000     6.5955    32.7161    25.6732 1.9562e-01     0.1290      0.016    1474.61     55.509     5.4875  59.743482     3.8399     24.229 0.0000e+00
     25.000     6.6012    32.7405    25.6917 1.9394e-01     0.1289      0.016    1474.68     54.714     5.4074  59.743504     3.7838     25.239 0.0000e+00
     26.000     6.6089    32.7547    25.7019 2.0089e-01     0.1290      0.016    1474.75     54.337     5.3686  59.743526     3.7567     26.248 0.0000e+00
     27.000     6.6062    32.7553    25.7027 1.9007e-01     0.1291      0.017    1474.76     54.472     5.3823  59.743550     3.7662     27.258 0.0000e+00
     28.000     6.5976    32.7593    25.7070 1.9217e-01     0.1293      0.016    1474.74     54.486     5.3847  59.743570     3.7679     28.268 0.0000e+00
     29.000     6.5855    32.7747    25.7207 1.9415e-01     0.1291      0.017    1474.73     54.391     5.3763  59.743593     3.7620     29.277 0.0000e+00
     30.000     6.5978    32.8257    25.7593 1.8641e-01     0.1292      0.017    1474.86     54.502     5.3838  59.743615     3.7673     30.287 0.0000e+00
     31.000     6.6544    32.8593    25.7784 1.8375e-01     0.1291      0.017    1475.14     54.656     5.3908  59.743636     3.7721     31.296 0.0000e+00
     32.000     6.6680    32.8665    25.7823 1.8690e-01     0.1293      0.017    1475.22     55.072     5.4298  59.743659     3.7995     32.306 0.0000e+00
     33.000     6.7195    32.8855    25.7906 1.8454e-01     0.1292      0.017    1475.46     55.184     5.4337  59.743682     3.8022     33.316 0.0000e+00
     34.000     6.7121    32.8840    25.7904 1.8448e-01     0.1293      0.017    1475.45     55.299     5.4461  59.743703     3.8109     34.325 0.0000e+00
     35.000     6.7860    32.9319    25.8184 1.8237e-01     0.1291      0.017    1475.81     55.044     5.4100  59.743727     3.7856     35.335 0.0000e+00
     36.000     6.8548    32.9930    25.8574 1.7603e-01     0.1295      0.017    1476.18     55.078     5.4025  59.743749     3.7804     36.345 0.0000e+00
     37.000     7.0205    33.1563    25.9637 1.7214e-01     0.1291      0.017    1477.04     55.055     5.3740  59.743769     3.7604     37.354 0.0000e+00
     38.000     7.1020    33.2180    26.0013 1.6953e-01     0.1292      0.017    1477.45     55.330     5.3885  59.743792     3.7706     38.364 0.0000e+00
     39.000     7.1670    33.2651    26.0295 1.6338e-01     0.1294      0.017    1477.78     56.312     5.4743  59.743813     3.8306     39.374 0.0000e+00
     40.000     7.2648    33.3452    26.0791 1.6127e-01     0.1293      0.017    1478.27     57.240     5.5492  59.743834     3.8830     40.383 0.0000e+00
     41.000     7.2580    33.3370    26.0735 1.5922e-01     0.1292      0.016    1478.25     57.632     5.5883  59.743857     3.9104     41.393 0.0000e+00
     42.000     7.2943    33.3780    26.1007 1.5663e-01     0.1295      0.016    1478.46     57.896     5.6078  59.743878     3.9240     42.403 0.0000e+00
     43.000     7.4161    33.4671    26.1539 1.5964e-01     0.1294      0.017    1479.06     58.116     5.6102  59.743899     3.9257     43.413 0.0000e+00
     44.000     7.4256    33.4745    26.1584 1.5341e-01     0.1296      0.017    1479.12     58.511     5.6468  59.743922     3.9513     44.422 0.0000e+00
     45.000     7.4368    33.4862    26.1660 1.5334e-01     0.1294      0.017    1479.20     58.738     5.6668  59.743942     3.9653     45.432 0.0000e+00
     46.000     7.4684    33.5148    26.1840 1.5187e-01     0.1294      0.016    1479.37     58.910     5.6783  59.743964     3.9733     46.442 0.0000e+00
     47.000     7.5271    33.5580    26.2096 1.4834e-01     0.1295      0.016    1479.66     59.043     5.6819  59.743987     3.9759     47.451 0.0000e+00
     48.000     7.5386    33.5688    26.2166 1.4686e-01     0.1294      0.017    1479.74     59.249     5.6998  59.744007     3.9884     48.461 0.0000e+00
     49.000     7.5637    33.5887    26.2286 1.4807e-01     0.1294      0.016    1479.88     59.323     5.7029  59.744029     3.9906     49.471 0.0000e+00
     50.000     7.5690    33.5936    26.2317 1.4650e-01     0.1294      0.017    1479.92     59.530     5.7219  59.744051     4.0039     50.480 0.0000e+00
     51.000     7.5805    33.6023    26.2369 1.4652e-01     0.1295      0.016    1479.99     59.627     5.7294  59.744072     4.0091     51.490 0.0000e+00
     52.000     7.5860    33.6063    26.2393 1.4801e-01     0.1295      0.017    1480.03     59.584     5.7245  59.744095     4.0057     52.500 0.0000e+00
     53.000     7.5870    33.6076    26.2402 1.4681e-01     0.1296      0.017    1480.06     59.697     5.7352  59.744116     4.0131     53.510 0.0000e+00
     54.000     7.5806    33.6049    26.2390 1.4834e-01     0.1294      0.017    1480.04     59.657     5.7322  59.744136     4.0110     54.519 0.0000e+00
     55.000     7.5803    33.6058    26.2397 1.4623e-01     0.1294      0.017    1480.06     59.696     5.7360  59.744159     4.0137     55.529 0.0000e+00
     56.000     7.5880    33.6147    26.2456 1.4708e-01     0.1296      0.017    1480.12     59.675     5.7326  59.744179     4.0113     56.539 0.0000e+00
     57.000     7.5980    33.6247    26.2520 1.4681e-01     0.1296      0.017    1480.19     59.704     5.7337  59.744200     4.0121     57.549 0.0000e+00
     58.000     7.6059    33.6319    26.2566 1.4679e-01     0.1297      0.017    1480.24     59.805     5.7421  59.744221     4.0180     58.558 0.0000e+00
     59.000     7.6157    33.6407    26.2621 1.4684e-01     0.1298      0.017    1480.30     59.770     5.7372  59.744242     4.0146     59.568 0.0000e+00
     60.000     7.6226    33.6467    26.2658 1.4625e-01     0.1296      0.016    1480.36     59.879     5.7465  59.744261     4.0211     60.578 0.0000e+00
     61.000     7.6367    33.6585    26.2731 1.4652e-01     0.1297      0.017    1480.44     59.941     5.7502  59.744283     4.0236     61.588 0.0000e+00
     62.000     7.6374    33.6596    26.2739 1.4652e-01     0.1296      0.017    1480.46     59.900     5.7461  59.744303     4.0208     62.598 0.0000e+00
     63.000     7.6396    33.6609    26.2745 1.4652e-01     0.1296      0.016    1480.49     60.099     5.7648  59.744324     4.0339     63.607 0.0000e+00
     64.000     7.6409    33.6611    26.2745 1.4652e-01     0.1296      0.017    1480.51     60.045     5.7595  59.744345     4.0302     64.617 0.0000e+00
     65.000     7.6422    33.6620    26.2751 1.4620e-01     0.1297      0.017    1480.53     60.042     5.7590  59.744366     4.0298     65.627 0.0000e+00
     66.000     7.6453    33.6647    26.2767 1.4652e-01     0.1296      0.017    1480.56     60.173     5.7710  59.744387     4.0382     66.637 0.0000e+00
     67.000     7.6474    33.6666    26.2779 1.4652e-01     0.1295      0.017    1480.59     60.228     5.7760  59.744409     4.0417     67.647 0.0000e+00
     68.000     7.6495    33.6683    26.2790 1.4680e-01     0.1296      0.017    1480.62     60.241     5.7769  59.744429     4.0423     68.657 0.0000e+00
     69.000     7.6635    33.6793    26.2856 1.4652e-01     0.1297      0.017    1480.70     60.140     5.7650  59.744449     4.0340     69.666 0.0000e+00
     70.000     7.6963    33.6985    26.2959 1.4652e-01     0.1298      0.017    1480.87     60.237     5.7692  59.744471     4.0370     70.676 0.0000e+00
     71.000     7.6953    33.6972    26.2951 1.4623e-01     0.1297      0.017    1480.88     60.236     5.7693  59.744491     4.0370     71.686 0.0000e+00
     72.000     7.7054    33.7041    26.2991 1.4625e-01     0.1297      0.017    1480.94     60.230     5.7672  59.744512     4.0355     72.696 0.0000e+00
     73.000     7.7135    33.7078    26.3008 1.4569e-01     0.1298      0.017    1480.99     60.120     5.7554  59.744533     4.0273     73.706 0.0000e+00
     74.000     7.7142    33.7094    26.3019 1.4567e-01     0.1297      0.017    1481.02     60.216     5.7645  59.744555     4.0336     74.716 0.0000e+00
     75.000     7.7095    33.7057    26.2997 1.4324e-01     0.1297      0.017    1481.01     60.297     5.7730  59.744575     4.0396     75.725 0.0000e+00
     76.000     7.7257    33.7166    26.3060 1.4632e-01     0.1297      0.017    1481.10     60.269     5.7678  59.744597     4.0359     76.735 0.0000e+00
     77.000     7.7285    33.7179    26.3065 1.4561e-01     0.1298      0.017    1481.13     60.292     5.7696  59.744617     4.0372     77.745 0.0000e+00
     78.000     7.7274    33.7167    26.3058 1.4652e-01     0.1297      0.016    1481.14     60.372     5.7774  59.744637     4.0427     78.755 0.0000e+00
     79.000     7.7263    33.7158    26.3052 1.4427e-01     0.1298      0.017    1481.15     60.331     5.7737  59.744658     4.0401     79.765 0.0000e+00
     80.000     7.7136    33.7079    26.3009 1.4532e-01     0.1298      0.016    1481.11     60.281     5.7708  59.744678     4.0381     80.775 0.0000e+00
     81.000     7.7104    33.7062    26.2999 1.4486e-01     0.1297      0.017    1481.11     60.253     5.7686  59.744698     4.0366     81.784 0.0000e+00
     82.000     7.7328    33.7220    26.3092 1.4598e-01     0.1297      0.017    1481.23     60.181     5.7582  59.744720     4.0293     82.794 0.0000e+00
     83.000     7.7535    33.7341    26.3157 1.4439e-01     0.1298      0.017    1481.35     60.263     5.7629  59.744739     4.0325     83.804 0.0000e+00
     84.000     7.7605    33.7382    26.3179 1.4570e-01     0.1297      0.017    1481.39     60.325     5.7678  59.744760     4.0360     84.814 0.0000e+00
     85.000     7.7636    33.7402    26.3190 1.4423e-01     0.1298      0.017    1481.42     60.240     5.7592  59.744779     4.0300     85.824 0.0000e+00
     86.000     7.7634    33.7405    26.3192 1.4469e-01     0.1298      0.017    1481.44     60.261     5.7612  59.744800     4.0314     86.834 0.0000e+00
     87.000     7.7720    33.7459    26.3223 1.4449e-01     0.1297      0.017    1481.50     60.229     5.7568  59.744819     4.0283     87.844 0.0000e+00
     88.000     7.7813    33.7524    26.3261 1.4374e-01     0.1298      0.017    1481.56     60.293     5.7615  59.744840     4.0315     88.854 0.0000e+00
     89.000     7.7860    33.7537    26.3264 1.4557e-01     0.1298      0.016    1481.59     60.428     5.7737  59.744860     4.0401     89.864 0.0000e+00
     90.000     7.7877    33.7551    26.3272 1.4307e-01     0.1297      0.016    1481.62     60.355     5.7664  59.744880     4.0350     90.874 0.0000e+00
     91.000     7.7911    33.7564    26.3277 1.4650e-01     0.1297      0.016    1481.65     60.374     5.7678  59.744901     4.0360     91.884 0.0000e+00
     92.000     7.7914    33.7569    26.3281 1.4295e-01     0.1298      0.017    1481.67     60.372     5.7675  59.744922     4.0358     92.894 0.0000e+00
     93.000     7.7924    33.7573    26.3283 1.4311e-01     0.1298      0.017    1481.69     60.411     5.7711  59.744942     4.0383     93.904 0.0000e+00
     94.000     7.7941    33.7585    26.3290 1.4601e-01     0.1298      0.017    1481.71     60.271     5.7575  59.744964     4.0288     94.913 0.0000e+00
     95.000     7.7951    33.7587    26.3290 1.4358e-01     0.1297      0.017    1481.73     60.302     5.7603  59.744984     4.0307     95.923 0.0000e+00
     96.000     7.7957    33.7592    26.3293 1.4381e-01     0.1298      0.017    1481.75     60.260     5.7562  59.745006     4.0278     96.933 0.0000e+00
     97.000     7.7960    33.7594    26.3294 1.4255e-01     0.1296      0.017    1481.77     60.301     5.7601  59.745026     4.0306     97.943 0.0000e+00
     98.000     7.8014    33.7629    26.3314 1.4659e-01     0.1298      0.017    1481.81     60.232     5.7527  59.745048     4.0254     98.953 0.0000e+00
     99.000     7.8011    33.7626    26.3311 1.4350e-01     0.1297      0.016    1481.83     60.345     5.7635  59.745068     4.0329     99.963 0.0000e+00
    100.000     7.8012    33.7623    26.3309 1.4291e-01     0.1297      0.016    1481.84     60.435     5.7721  59.745090     4.0389    100.973 0.0000e+00
    101.000     7.8013    33.7624    26.3310 1.4374e-01     0.1298      0.017    1481.86     60.266     5.7559  59.745110     4.0276    101.983 0.0000e+00
    102.000     7.8040    33.7637    26.3316 1.4155e-01     0.1297      0.017    1481.89     60.354     5.7639  59.745132     4.0332    102.993 0.0000e+00
