RAWDATA/20190228/Gl2_20190228_down.cnv
* Sea-Bird SBE 9 Data File:
* FileName = C:\CTD Brukere\NIVA\IO2019\20190228\Gl2_20190228.hex
* Software Version Seasave V 7.23.2
* Temperature SN = 5352
* Conductivity SN = 3840
* Number of Bytes Per Scan = 28
* Number of Voltage Words = 4
* Number of Scans Averaged by the Deck Unit = 1
* NMEA baud rate = 4800
** Ship: R/V Trygve Braarud
** Cruise:
** Station:
** Operator:
# nquan = 14
# nvalues = 6572                                  
# units = specified
# name 0 = depSM: Depth [salt water, m], lat = 59.60
# name 1 = t090C: Temperature [ITS-90, deg C]
# name 2 = sal00: Salinity, Practical [PSU]
# name 3 = sigma-t00: Density [sigma-t, kg/m^3 ]
# name 4 = flSP: Fluorescence, Seapoint
# name 5 = wetStar: Fluorescence, WET Labs WETstar [mg/m^3]
# name 6 = seaTurbMtr: Turbidity, Seapoint [FTU]
# name 7 = svCM: Sound Velocity [Chen-Millero, m/s]
# name 8 = sbeox0PS: Oxygen, SBE 43 [% saturation]
# name 9 = sbeox0Mg/L: Oxygen, SBE 43 [mg/l]
# name 10 = timeJ: Julian Days
# name 11 = sbeox0ML/L: Oxygen, SBE 43 [ml/l]
# name 12 = prDM: Pressure, Digiquartz [db]
# name 13 = flag:  0.000e+00
# span 0 =      0.011,    139.442                 
# span 1 =     3.2250,     7.8298                 
# span 2 =    26.2274,    33.7794                 
# span 3 =    20.8710,    26.3407                 
# span 4 = 1.3431e-01, 6.8376e-01                 
# span 5 =     0.1273,     0.1310                 
# span 6 =      0.011,      0.018                 
# span 7 =    1452.13,    1482.62                 
# span 8 =     54.250,     74.509                 
# span 9 =     5.3600,     8.2579                 
# span 10 =  59.742836,  59.746005                
# span 11 =     3.7506,     5.7784                
# span 12 =      0.011,    140.813                
# span 13 = 0.0000e+00, 0.0000e+00                
# interval = seconds: 0.0416667
# start_time = Feb 28 2019 17:49:41 [System UpLoad Time]
# bad_flag = -9.990e-29
*END*
[from data line 5678]
    122.493     7.8245    33.7744    26.3370 1.4652e-01     0.1285      0.018    1482.32     60.301     5.7557  59.745574     4.0275    123.692  0.000e+00
    122.529     7.8244    33.7741    26.3368 1.3431e-01     0.1298      0.018    1482.32     60.298     5.7556  59.745574     4.0274    123.729  0.000e+00
    122.529     7.8243    33.7744    26.3370 1.3431e-01     0.1298      0.018    1482.32     60.296     5.7553  59.745575     4.0272    123.729  0.000e+00
    122.567     7.8244    33.7744    26.3370 1.3431e-01     0.1298      0.018    1482.32     60.294     5.7551  59.745575     4.0271    123.766  0.000e+00
    122.591     7.8242    33.7747    26.3373 1.4652e-01     0.1298      0.018    1482.32     60.292     5.7549  59.745576     4.0269    123.791  0.000e+00
    122.603     7.8240    33.7745    26.3372 1.4652e-01     0.1298      0.015    1482.32     60.289     5.7547  59.745576     4.0268    123.803  0.000e+00
    122.627     7.8239    33.7745    26.3372 1.3431e-01     0.1298      0.015    1482.32     60.349     5.7605  59.745577     4.0308    123.828  0.000e+00
    122.639     7.8242    33.7743    26.3370 1.4652e-01     0.1298      0.018    1482.32     60.354     5.7609  59.745577     4.0311    123.839  0.000e+00
    122.676     7.8242    33.7745    26.3371 1.3431e-01     0.1285      0.018    1482.32     60.304     5.7561  59.745578     4.0278    123.877  0.000e+00
    122.701     7.8242    33.7746    26.3372 1.4652e-01     0.1298      0.018    1482.32     60.301     5.7558  59.745578     4.0276    123.902  0.000e+00
    122.701     7.8239    33.7751    26.3376 1.4652e-01     0.1298      0.018    1482.32     60.299     5.7556  59.745579     4.0274    123.902  0.000e+00
    122.758     7.8240    33.7742    26.3370 1.4652e-01     0.1298      0.018    1482.32     60.359     5.7614  59.745579     4.0315    123.960  0.000e+00
    122.773     7.8240    33.7741    26.3369 1.4652e-01     0.1298      0.018    1482.32     60.363     5.7618  59.745580     4.0318    123.975  0.000e+00
    122.797     7.8240    33.7743    26.3370 1.3431e-01     0.1298      0.018    1482.32     60.305     5.7562  59.745580     4.0279    123.999  0.000e+00
    122.809     7.8239    33.7746    26.3373 1.4652e-01     0.1298      0.018    1482.32     60.302     5.7559  59.745581     4.0277    124.011  0.000e+00
    122.833     7.8242    33.7746    26.3372 1.4652e-01     0.1298      0.018    1482.33     60.298     5.7556  59.745581     4.0274    124.036  0.000e+00
    122.858     7.8240    33.7744    26.3371 1.4652e-01     0.1298      0.018    1482.32     60.358     5.7613  59.745582     4.0314    124.060  0.000e+00
    122.871     7.8239    33.7748    26.3375 1.3431e-01     0.1298      0.018    1482.32     60.299     5.7557  59.745582     4.0275    124.074  0.000e+00
    122.907     7.8240    33.7746    26.3373 1.3431e-01     0.1298      0.018    1482.33     60.296     5.7553  59.745583     4.0272    124.110  0.000e+00
    122.918     7.8241    33.7746    26.3373 1.4652e-01     0.1298      0.018    1482.33     60.292     5.7550  59.745583     4.0270    124.122  0.000e+00
    122.956     7.8240    33.7747    26.3374 1.3431e-01     0.1298      0.018    1482.33     60.288     5.7546  59.745584     4.0268    124.160  0.000e+00
    122.967     7.8239    33.7749    26.3375 1.3431e-01     0.1298      0.015    1482.33     60.347     5.7603  59.745584     4.0307    124.171  0.000e+00
    123.005     7.8239    33.7750    26.3376 1.3431e-01     0.1285      0.018    1482.33     60.351     5.7606  59.745584     4.0309    124.209  0.000e+00
    123.041     7.8240    33.7748    26.3374 1.4652e-01     0.1298      0.018    1482.33     60.354     5.7609  59.745585     4.0312    124.245  0.000e+00
    123.028     7.8240    33.7751    26.3376 1.3431e-01     0.1298      0.015    1482.33     60.295     5.7552  59.745585     4.0272    124.232  0.000e+00
    123.065     7.8242    33.7742    26.3369 1.3431e-01     0.1298      0.018    1482.33     60.361     5.7615  59.745586     4.0316    124.270  0.000e+00
    123.090     7.8240    33.7746    26.3372 1.4652e-01     0.1285      0.015    1482.33     60.364     5.7618  59.745586     4.0318    124.295  0.000e+00
    123.101     7.8239    33.7749    26.3375 1.4652e-01     0.1298      0.015    1482.33     60.304     5.7561  59.745587     4.0278    124.307  0.000e+00
    123.137     7.8241    33.7747    26.3373 1.3431e-01     0.1298      0.015    1482.33     60.307     5.7564  59.745587     4.0280    124.343  0.000e+00
    123.162     7.8240    33.7745    26.3372 1.4652e-01     0.1298      0.018    1482.33     60.310     5.7567  59.745588     4.0282    124.368  0.000e+00
    123.186     7.8239    33.7748    26.3374 1.4652e-01     0.1298      0.018    1482.33     60.306     5.7563  59.745588     4.0279    124.392  0.000e+00
    123.211     7.8239    33.7746    26.3373 1.4652e-01     0.1298      0.018    1482.33     60.309     5.7567  59.745589     4.0282    124.417  0.000e+00
    123.235     7.8239    33.7747    26.3373 1.3431e-01     0.1298      0.015    1482.33     60.368     5.7623  59.745589     4.0321    124.442  0.000e+00
    123.247     7.8237    33.7745    26.3372 1.4652e-01     0.1298      0.015    1482.33     60.379     5.7633  59.745590     4.0328    124.454  0.000e+00
    123.271     7.8239    33.7742    26.3370 1.4652e-01     0.1298      0.015    1482.33     60.320     5.7577  59.745590     4.0289    124.478  0.000e+00
    123.306     7.8237    33.7748    26.3374 1.3431e-01     0.1298      0.018    1482.33     60.378     5.7633  59.745591     4.0328    124.513  0.000e+00
    123.321     7.8238    33.7746    26.3373 1.4652e-01     0.1298      0.015    1482.33     60.381     5.7635  59.745591     4.0330    124.528  0.000e+00
    123.345     7.8240    33.7743    26.3371 1.3431e-01     0.1310      0.018    1482.33     60.384     5.7638  59.745592     4.0331    124.553  0.000e+00
    123.356     7.8239    33.7742    26.3370 1.4652e-01     0.1298      0.018    1482.33     60.394     5.7647  59.745592     4.0338    124.564  0.000e+00
    123.406     7.8240    33.7742    26.3369 1.4652e-01     0.1298      0.015    1482.33     60.334     5.7590  59.745593     4.0298    124.614  0.000e+00
    123.394     7.8240    33.7743    26.3370 1.4652e-01     0.1298      0.015    1482.33     60.329     5.7585  59.745593     4.0294    124.602  0.000e+00
    123.430     7.8239    33.7744    26.3372 1.4652e-01     0.1298      0.015    1482.33     60.386     5.7640  59.745594     4.0333    124.639  0.000e+00
    123.466     7.8237    33.7743    26.3371 1.4652e-01     0.1298      0.018    1482.33     60.326     5.7583  59.745594     4.0293    124.675  0.000e+00
    123.479     7.8237    33.7746    26.3373 1.4652e-01     0.1298      0.018    1482.33     60.383     5.7637  59.745595     4.0331    124.688  0.000e+00
    123.491     7.8239    33.7740    26.3368 1.4652e-01     0.1298      0.015    1482.33     60.322     5.7579  59.745595     4.0290    124.700  0.000e+00
    123.527     7.8236    33.7742    26.3370 1.4652e-01     0.1298      0.018    1482.33     60.324     5.7581  59.745596     4.0292    124.736  0.000e+00
    123.540     7.8237    33.7742    26.3370 1.4652e-01     0.1298      0.018    1482.33     60.381     5.7635  59.745596     4.0330    124.749  0.000e+00
    123.572     7.8236    33.7741    26.3369 1.4652e-01     0.1298      0.018    1482.33     60.383     5.7637  59.745597     4.0331    124.782  0.000e+00
    123.589     7.8234    33.7739    26.3368 1.4652e-01     0.1298      0.018    1482.33     60.384     5.7639  59.745597     4.0332    124.799  0.000e+00
    123.613     7.8233    33.7741    26.3370 1.4652e-01     0.1298      0.015    1482.33     60.385     5.7640  59.745598     4.0333    124.823  0.000e+00
    123.625     7.8234    33.7741    26.3370 1.4652e-01     0.1298      0.018    1482.33     60.386     5.7641  59.745598     4.0334    124.835  0.000e+00
    123.649     7.8233    33.7743    26.3371 1.4652e-01     0.1298      0.015    1482.33     60.387     5.7641  59.745598     4.0334    124.860  0.000e+00
    123.685     7.8234    33.7746    26.3373 1.3431e-01     0.1298      0.018    1482.34     60.387     5.7641  59.745599     4.0334    124.896  0.000e+00
    123.698     7.8235    33.7747    26.3374 1.4652e-01     0.1298      0.015    1482.34     60.324     5.7581  59.745599     4.0292    124.909  0.000e+00
    123.710     7.8237    33.7747    26.3373 1.4652e-01     0.1285      0.018    1482.34     60.317     5.7574  59.745600     4.0287    124.921  0.000e+00
    123.746     7.8237    33.7744    26.3371 1.4652e-01     0.1298      0.015    1482.34     60.317     5.7574  59.745600     4.0287    124.957  0.000e+00
    123.734     7.8239    33.7740    26.3368 1.4652e-01     0.1298      0.015    1482.34     60.317     5.7574  59.745601     4.0287    124.946  0.000e+00
    123.805     7.8239    33.7739    26.3368 1.4652e-01     0.1298      0.018    1482.34     60.373     5.7627  59.745601     4.0324    125.017  0.000e+00
    123.819     7.8237    33.7745    26.3372 1.4652e-01     0.1298      0.018    1482.34     60.373     5.7628  59.745602     4.0324    125.032  0.000e+00
    123.819     7.8236    33.7743    26.3371 1.3431e-01     0.1298      0.015    1482.34     60.310     5.7568  59.745602     4.0283    125.032  0.000e+00
    123.844     7.8237    33.7743    26.3370 1.3431e-01     0.1298      0.015    1482.34     60.310     5.7568  59.745603     4.0283    125.056  0.000e+00
    123.868     7.8237    33.7744    26.3371 1.3431e-01     0.1298      0.015    1482.34     60.311     5.7568  59.745603     4.0283    125.081  0.000e+00
    123.893     7.8236    33.7745    26.3372 1.3431e-01     0.1298      0.015    1482.34     60.366     5.7621  59.745604     4.0320    125.106  0.000e+00
    123.904     7.8237    33.7741    26.3369 1.4652e-01     0.1298      0.015    1482.34     60.367     5.7622  59.745604     4.0320    125.117  0.000e+00
    123.904     7.8239    33.7741    26.3369 1.3431e-01     0.1298      0.018    1482.34     60.366     5.7621  59.745605     4.0320    125.117  0.000e+00
    123.986     7.8237    33.7743    26.3371 1.4652e-01     0.1298      0.018    1482.34     60.374     5.7629  59.745605     4.0325    125.200  0.000e+00
    123.965     7.8237    33.7739    26.3368 1.4652e-01     0.1298      0.015    1482.34     60.373     5.7628  59.745606     4.0325    125.179  0.000e+00
    123.978     7.8237    33.7739    26.3368 1.4652e-01     0.1298      0.015    1482.34     60.310     5.7567  59.745606     4.0282    125.192  0.000e+00
    124.027     7.8237    33.7744    26.3372 1.4652e-01     0.1298      0.018    1482.34     60.364     5.7619  59.745607     4.0319    125.241  0.000e+00
    124.027     7.8237    33.7746    26.3373 1.4652e-01     0.1298      0.018    1482.34     60.363     5.7618  59.745607     4.0318    125.241  0.000e+00
    124.063     7.8239    33.7739    26.3368 1.4652e-01     0.1298      0.018    1482.34     60.307     5.7565  59.745608     4.0280    125.278  0.000e+00
    124.074     7.8236    33.7750    26.3377 1.4652e-01     0.1298      0.015    1482.34     60.306     5.7564  59.745608     4.0280    125.289  0.000e+00
    124.096     7.8237    33.7745    26.3372 1.3431e-01     0.1298      0.018    1482.34     60.306     5.7563  59.745609     4.0279    125.311  0.000e+00
    124.123     7.8239    33.7743    26.3371 1.4652e-01     0.1298      0.018    1482.35     60.298     5.7556  59.745609     4.0274    125.339  0.000e+00
    124.136     7.8240    33.7743    26.3370 1.3431e-01     0.1298      0.015    1482.35     60.298     5.7555  59.745610     4.0274    125.352  0.000e+00
    124.172     7.8239    33.7744    26.3371 1.4652e-01     0.1298      0.018    1482.35     60.298     5.7556  59.745610     4.0274    125.388  0.000e+00
    124.184     7.8239    33.7744    26.3371 1.4652e-01     0.1298      0.018    1482.35     60.291     5.7549  59.745611     4.0269    125.400  0.000e+00
    124.197     7.8239    33.7752    26.3378 1.4652e-01     0.1285      0.015    1482.35     60.346     5.7601  59.745611     4.0306    125.413  0.000e+00
    124.241     7.8242    33.7752    26.3377 1.4652e-01     0.1298      0.015    1482.35     60.283     5.7541  59.745611     4.0264    125.458  0.000e+00
    124.246     7.8243    33.7753    26.3378 1.4652e-01     0.1298      0.018    1482.35     60.276     5.7533  59.745612     4.0259    125.463  0.000e+00
    124.269     7.8245    33.7753    26.3378 1.4652e-01     0.1298      0.018    1482.35     60.268     5.7526  59.745612     4.0253    125.486  0.000e+00
    124.307     7.8244    33.7751    26.3376 1.4652e-01     0.1298      0.015    1482.35     60.331     5.7586  59.745613     4.0295    125.524  0.000e+00
    124.307     7.8245    33.7745    26.3371 1.4652e-01     0.1298      0.015    1482.35     60.276     5.7534  59.745613     4.0259    125.524  0.000e+00
    124.342     7.8244    33.7746    26.3372 1.4652e-01     0.1298      0.018    1482.35     60.269     5.7527  59.745614     4.0254    125.560  0.000e+00
    124.364     7.8240    33.7746    26.3373 1.4652e-01     0.1298      0.015    1482.35     60.332     5.7587  59.745614     4.0296    125.582  0.000e+00
    124.378     7.8240    33.7746    26.3372 1.4652e-01     0.1298      0.015    1482.35     60.277     5.7535  59.745615     4.0260    125.596  0.000e+00
    124.392     7.8240    33.7742    26.3370 1.4652e-01     0.1298      0.015    1482.35     60.278     5.7536  59.745615     4.0260    125.610  0.000e+00
    124.428     7.8242    33.7740    26.3367 1.4652e-01     0.1298      0.018    1482.35     60.279     5.7537  59.745616     4.0261    125.646  0.000e+00
    124.428     7.8236    33.7748    26.3375 1.4652e-01     0.1298      0.015    1482.35     60.272     5.7531  59.745616     4.0257    125.646  0.000e+00
    124.463     7.8239    33.7747    26.3374 1.4652e-01     0.1298      0.018    1482.35     60.266     5.7525  59.745617     4.0253    125.682  0.000e+00
    124.498     7.8240    33.7745    26.3372 1.4652e-01     0.1298      0.018    1482.35     60.268     5.7526  59.745617     4.0254    125.717  0.000e+00
    124.513     7.8237    33.7748    26.3375 1.4652e-01     0.1298      0.015    1482.35     60.261     5.7521  59.745618     4.0250    125.732  0.000e+00
    124.537     7.8240    33.7750    26.3375 1.4652e-01     0.1298      0.015    1482.35     60.263     5.7522  59.745618     4.0251    125.757  0.000e+00
    124.550     7.8242    33.7750    26.3375 1.4652e-01     0.1298      0.018    1482.35     60.257     5.7516  59.745619     4.0247    125.770  0.000e+00
    124.573     7.8245    33.7747    26.3372 1.4652e-01     0.1298      0.015    1482.36     60.252     5.7511  59.745619     4.0242    125.793  0.000e+00
    124.606     7.8245    33.7746    26.3372 1.4652e-01     0.1298      0.018    1482.36     60.254     5.7513  59.745620     4.0244    125.826  0.000e+00
    124.611     7.8243    33.7749    26.3374 1.4652e-01     0.1298      0.018    1482.36     60.256     5.7515  59.745620     4.0246    125.831  0.000e+00
    124.647     7.8242    33.7749    26.3375 1.4652e-01     0.1298      0.015    1482.36     60.259     5.7518  59.745621     4.0247    125.867  0.000e+00
    124.660     7.8245    33.7746    26.3372 1.4652e-01     0.1298      0.018    1482.36     60.262     5.7520  59.745621     4.0249    125.881  0.000e+00
    124.683     7.8244    33.7747    26.3373 1.4652e-01     0.1298      0.015    1482.36     60.265     5.7523  59.745622     4.0252    125.904  0.000e+00
    124.704     7.8242    33.7750    26.3376 1.4652e-01     0.1298      0.015    1482.36     60.269     5.7527  59.745622     4.0254    125.925  0.000e+00
    124.732     7.8244    33.7747    26.3373 1.4652e-01     0.1298      0.015    1482.36     60.210     5.7471  59.745623     4.0215    125.953  0.000e+00
