RAWDATA/20190228/Gl2_20190228_down.cnv
* Sea-Bird SBE 9 Data File:
* FileName = C:\CTD Brukere\NIVA\IO2019\20190228\Gl2_20190228.hex
* Software Version Seasave V 7.23.2
* Temperature SN = 5352
* Conductivity SN = 3840
* Number of Bytes Per Scan = 28
* Number of Voltage Words = 4
* Number of Scans Averaged by the Deck Unit = 1
* NMEA baud rate = 4800
** Ship: R/V Trygve Braarud
** Cruise:
** Station:
** Operator:
# nquan = 14
# nvalues = 6572                                  
# units = specified
# name 0 = depSM: Depth [salt water, m], lat = 59.60
# name 1 = t090C: Temperature [ITS-90, deg C]
# name 2 = sal00: Salinity, Practical [PSU]
# name 3 = sigma-t00: Density [sigma-t, kg/m^3 ]
# name 4 = flSP: Fluorescence, Seapoint
# name 5 = wetStar: Fluorescence, WET Labs WETstar [mg/m^3]
# name 6 = seaTurbMtr: Turbidity, Seapoint [FTU]
# name 7 = svCM: Sound Velocity [Chen-Millero, m/s]
# name 8 = sbeox0PS: Oxygen, SBE 43 [% saturation]
# name 9 = sbeox0Mg/L: Oxygen, SBE 43 [mg/l]
# name 10 = timeJ: Julian Days
# name 11 = sbeox0ML/L: Oxygen, SBE 43 [ml/l]
# name 12 = prDM: Pressure, Digiquartz [db]
# name 13 = flag:  0.000e+00
# span 0 =      0.011,    139.442                 
# span 1 =     3.2250,     7.8298                 
# span 2 =    26.2274,    33.7794                 
# span 3 =    20.8710,    26.3407                 
# span 4 = 1.3431e-01, 6.8376e-01                 
# span 5 =     0.1273,     0.1310                 
# span 6 =      0.011,      0.018                 
# span 7 =    1452.13,    1482.62                 
# span 8 =     54.250,     74.509                 
# span 9 =     5.3600,     8.2579                 
# span 10 =  59.742836,  59.746005                
# span 11 =     3.7506,     5.7784                
# span 12 =      0.011,    140.813                
# span 13 = 0.0000e+00, 0.0000e+00                
# interval = seconds: 0.0416667
# start_time = Feb 28 2019 17:49:41 [System UpLoad Time]
# bad_flag = -9.990e-29
*END*
[from data line 5884]
    127.057     7.8250    33.7746    26.3371 1.3431e-01     0.1298      0.018    1482.40     60.407     5.7658  59.745673     4.0346    128.302  0.000e+00
    127.075     7.8248    33.7748    26.3373 1.4652e-01     0.1298      0.018    1482.40     60.351     5.7605  59.745674     4.0309    128.321  0.000e+00
    127.093     7.8250    33.7749    26.3373 1.4652e-01     0.1298      0.018    1482.40     60.350     5.7604  59.745674     4.0308    128.339  0.000e+00
    127.124     7.8248    33.7749    26.3373 1.3431e-01     0.1298      0.015    1482.40     60.349     5.7603  59.745675     4.0307    128.370  0.000e+00
    127.131     7.8250    33.7749    26.3373 1.4652e-01     0.1298      0.015    1482.40     60.340     5.7594  59.745675     4.0301    128.377  0.000e+00
    127.173     7.8248    33.7748    26.3373 1.4652e-01     0.1298      0.018    1482.40     60.339     5.7593  59.745676     4.0300    128.420  0.000e+00
    127.191     7.8248    33.7748    26.3373 1.3431e-01     0.1298      0.018    1482.40     60.337     5.7592  59.745676     4.0299    128.438  0.000e+00
    127.209     7.8247    33.7749    26.3374 1.4652e-01     0.1298      0.018    1482.40     60.336     5.7591  59.745677     4.0299    128.456  0.000e+00
    127.227     7.8247    33.7749    26.3374 1.4652e-01     0.1298      0.018    1482.40     60.334     5.7589  59.745677     4.0298    128.474  0.000e+00
    127.240     7.8248    33.7746    26.3372 1.4652e-01     0.1298      0.015    1482.40     60.333     5.7588  59.745678     4.0297    128.487  0.000e+00
    127.270     7.8248    33.7744    26.3370 1.4652e-01     0.1298      0.018    1482.40     60.394     5.7646  59.745678     4.0338    128.517  0.000e+00
    127.288     7.8250    33.7744    26.3370 1.4652e-01     0.1298      0.018    1482.40     60.400     5.7652  59.745679     4.0341    128.535  0.000e+00
    127.308     7.8248    33.7750    26.3374 1.4652e-01     0.1298      0.018    1482.40     60.343     5.7597  59.745679     4.0303    128.555  0.000e+00
    127.350     7.8247    33.7746    26.3372 1.3431e-01     0.1298      0.015    1482.40     60.341     5.7596  59.745679     4.0302    128.598  0.000e+00
    127.357     7.8247    33.7750    26.3375 1.4652e-01     0.1298      0.018    1482.40     60.339     5.7594  59.745680     4.0301    128.605  0.000e+00
    127.373     7.8249    33.7750    26.3374 1.3431e-01     0.1298      0.015    1482.40     60.337     5.7591  59.745680     4.0299    128.621  0.000e+00
    127.404     7.8248    33.7747    26.3372 1.4652e-01     0.1298      0.015    1482.40     60.335     5.7590  59.745681     4.0298    128.653  0.000e+00
    127.422     7.8248    33.7752    26.3376 1.4652e-01     0.1310      0.018    1482.40     60.395     5.7647  59.745681     4.0338    128.671  0.000e+00
    127.442     7.8250    33.7752    26.3376 1.4652e-01     0.1298      0.015    1482.41     60.338     5.7592  59.745682     4.0300    128.691  0.000e+00
    127.471     7.8252    33.7750    26.3374 1.4652e-01     0.1298      0.015    1482.41     60.398     5.7650  59.745682     4.0340    128.720  0.000e+00
    127.478     7.8252    33.7746    26.3371 1.4652e-01     0.1298      0.018    1482.41     60.340     5.7595  59.745683     4.0301    128.727  0.000e+00
    127.520     7.8252    33.7749    26.3373 1.4652e-01     0.1298      0.015    1482.41     60.338     5.7592  59.745683     4.0300    128.770  0.000e+00
    127.538     7.8250    33.7749    26.3373 1.4652e-01     0.1298      0.015    1482.41     60.335     5.7590  59.745684     4.0298    128.788  0.000e+00
    127.556     7.8254    33.7751    26.3375 1.4652e-01     0.1298      0.015    1482.41     60.333     5.7587  59.745684     4.0296    128.806  0.000e+00
    127.574     7.8253    33.7752    26.3376 1.4652e-01     0.1298      0.018    1482.41     60.393     5.7644  59.745685     4.0336    128.824  0.000e+00
    127.605     7.8255    33.7747    26.3372 1.3431e-01     0.1298      0.018    1482.41     60.397     5.7648  59.745685     4.0339    128.856  0.000e+00
    127.623     7.8256    33.7747    26.3371 1.3431e-01     0.1298      0.018    1482.41     60.339     5.7592  59.745686     4.0300    128.874  0.000e+00
    127.630     7.8253    33.7749    26.3373 1.3431e-01     0.1310      0.018    1482.41     60.335     5.7589  59.745686     4.0298    128.881  0.000e+00
    127.659     7.8250    33.7748    26.3373 1.3431e-01     0.1298      0.015    1482.41     60.340     5.7594  59.745687     4.0301    128.910  0.000e+00
    127.690     7.8252    33.7743    26.3368 1.4652e-01     0.1298      0.015    1482.41     60.345     5.7599  59.745687     4.0304    128.942  0.000e+00
    127.697     7.8248    33.7747    26.3372 1.3431e-01     0.1298      0.018    1482.41     60.405     5.7656  59.745688     4.0345    128.948  0.000e+00
    127.726     7.8248    33.7748    26.3373 1.4652e-01     0.1298      0.015    1482.41     60.347     5.7601  59.745688     4.0306    128.978  0.000e+00
    127.746     7.8248    33.7749    26.3374 1.4652e-01     0.1298      0.018    1482.41     60.344     5.7598  59.745689     4.0304    128.998  0.000e+00
    127.775     7.8248    33.7746    26.3371 1.4652e-01     0.1298      0.018    1482.41     60.404     5.7655  59.745689     4.0344    129.028  0.000e+00
    127.793     7.8248    33.7747    26.3373 1.3431e-01     0.1298      0.018    1482.41     60.408     5.7659  59.745690     4.0346    129.046  0.000e+00
    127.813     7.8248    33.7745    26.3371 1.3431e-01     0.1298      0.018    1482.41     60.349     5.7603  59.745690     4.0307    129.066  0.000e+00
    127.831     7.8248    33.7747    26.3372 1.3431e-01     0.1298      0.015    1482.41     60.345     5.7600  59.745691     4.0305    129.084  0.000e+00
    127.849     7.8248    33.7751    26.3375 1.3431e-01     0.1285      0.015    1482.41     60.342     5.7596  59.745691     4.0302    129.102  0.000e+00
    127.878     7.8252    33.7748    26.3373 1.3431e-01     0.1298      0.018    1482.41     60.338     5.7592  59.745692     4.0300    129.132  0.000e+00
    127.898     7.8252    33.7748    26.3373 1.4652e-01     0.1298      0.015    1482.41     60.343     5.7596  59.745692     4.0303    129.152  0.000e+00
    127.927     7.8250    33.7750    26.3374 1.4652e-01     0.1298      0.015    1482.41     60.339     5.7594  59.745693     4.0301    129.181  0.000e+00
    127.934     7.8254    33.7749    26.3373 1.4652e-01     0.1298      0.018    1482.41     60.336     5.7590  59.745693     4.0298    129.188  0.000e+00
    127.952     7.8253    33.7750    26.3374 1.4652e-01     0.1298      0.018    1482.41     60.333     5.7587  59.745693     4.0296    129.206  0.000e+00
    127.983     7.8252    33.7748    26.3373 1.4652e-01     0.1298      0.018    1482.41     60.330     5.7584  59.745694     4.0294    129.238  0.000e+00
    128.001     7.8252    33.7752    26.3376 1.4652e-01     0.1298      0.015    1482.42     60.326     5.7581  59.745694     4.0292    129.256  0.000e+00
    128.026     7.8255    33.7753    26.3376 1.4652e-01     0.1285      0.018    1482.42     60.386     5.7637  59.745695     4.0331    129.281  0.000e+00
    128.044     7.8256    33.7758    26.3379 1.4652e-01     0.1298      0.015    1482.42     60.335     5.7588  59.745695     4.0297    129.299  0.000e+00
    128.073     7.8258    33.7758    26.3379 1.3431e-01     0.1298      0.015    1482.42     60.269     5.7525  59.745696     4.0253    129.328  0.000e+00
    128.080     7.8261    33.7757    26.3378 1.3431e-01     0.1298      0.018    1482.42     60.321     5.7574  59.745696     4.0287    129.335  0.000e+00
    128.111     7.8263    33.7754    26.3375 1.4652e-01     0.1298      0.018    1482.42     60.326     5.7579  59.745697     4.0290    129.366  0.000e+00
    128.129     7.8262    33.7751    26.3373 1.4652e-01     0.1285      0.018    1482.42     60.323     5.7576  59.745697     4.0289    129.385  0.000e+00
    128.160     7.8263    33.7753    26.3375 1.4652e-01     0.1298      0.018    1482.42     60.321     5.7574  59.745698     4.0287    129.416  0.000e+00
    128.165     7.8263    33.7753    26.3375 1.4652e-01     0.1298      0.018    1482.42     60.318     5.7571  59.745698     4.0285    129.421  0.000e+00
    128.196     7.8261    33.7751    26.3374 1.4652e-01     0.1298      0.015    1482.42     60.253     5.7509  59.745699     4.0242    129.452  0.000e+00
    128.178     7.8258    33.7754    26.3376 1.4652e-01     0.1298      0.015    1482.42     60.305     5.7560  59.745699     4.0277    129.434  0.000e+00
    128.281     7.8261    33.7750    26.3373 1.4652e-01     0.1298      0.018    1482.42     60.303     5.7558  59.745700     4.0276    129.538  0.000e+00
    128.256     7.8258    33.7753    26.3376 1.4652e-01     0.1298      0.018    1482.42     60.301     5.7555  59.745700     4.0274    129.513  0.000e+00
    128.287     7.8260    33.7752    26.3374 1.3431e-01     0.1298      0.018    1482.42     60.298     5.7553  59.745701     4.0272    129.545  0.000e+00
    128.305     7.8260    33.7749    26.3372 1.3431e-01     0.1298      0.015    1482.42     60.359     5.7611  59.745701     4.0313    129.563  0.000e+00
    128.323     7.8257    33.7753    26.3375 1.3431e-01     0.1285      0.015    1482.42     60.309     5.7563  59.745702     4.0279    129.581  0.000e+00
    128.354     7.8258    33.7750    26.3373 1.3431e-01     0.1298      0.015    1482.42     60.314     5.7569  59.745702     4.0283    129.613  0.000e+00
    128.372     7.8258    33.7754    26.3376 1.4652e-01     0.1298      0.015    1482.42     60.312     5.7566  59.745703     4.0282    129.631  0.000e+00
    128.390     7.8260    33.7751    26.3374 1.3431e-01     0.1298      0.018    1482.42     60.310     5.7564  59.745703     4.0280    129.649  0.000e+00
    128.415     7.8261    33.7752    26.3374 1.4652e-01     0.1298      0.015    1482.43     60.308     5.7562  59.745704     4.0279    129.674  0.000e+00
    128.446     7.8260    33.7752    26.3374 1.3431e-01     0.1298      0.015    1482.43     60.306     5.7561  59.745704     4.0278    129.705  0.000e+00
    128.451     7.8258    33.7750    26.3373 1.4652e-01     0.1298      0.018    1482.43     60.304     5.7559  59.745705     4.0276    129.710  0.000e+00
    128.482     7.8261    33.7748    26.3371 1.4652e-01     0.1298      0.015    1482.43     60.310     5.7564  59.745705     4.0280    129.742  0.000e+00
    128.511     7.8258    33.7757    26.3378 1.4652e-01     0.1298      0.018    1482.43     60.308     5.7563  59.745706     4.0279    129.771  0.000e+00
    128.525     7.8261    33.7754    26.3376 1.4652e-01     0.1298      0.018    1482.43     60.314     5.7568  59.745706     4.0283    129.784  0.000e+00
    128.556     7.8263    33.7751    26.3373 1.4652e-01     0.1298      0.015    1482.43     60.313     5.7567  59.745707     4.0282    129.816  0.000e+00
    128.574     7.8261    33.7758    26.3379 1.4652e-01     0.1298      0.015    1482.43     60.249     5.7506  59.745707     4.0239    129.834  0.000e+00
    128.592     7.8264    33.7753    26.3374 1.4652e-01     0.1298      0.018    1482.43     60.303     5.7557  59.745707     4.0275    129.852  0.000e+00
    128.621     7.8263    33.7759    26.3379 1.4652e-01     0.1298      0.018    1482.43     60.302     5.7556  59.745708     4.0274    129.882  0.000e+00
    128.634     7.8263    33.7758    26.3379 1.4652e-01     0.1298      0.015    1482.43     60.309     5.7562  59.745708     4.0279    129.895  0.000e+00
    128.665     7.8264    33.7756    26.3377 1.4652e-01     0.1298      0.018    1482.43     60.316     5.7569  59.745709     4.0283    129.927  0.000e+00
    128.683     7.8264    33.7758    26.3379 1.4652e-01     0.1298      0.018    1482.43     60.315     5.7568  59.745709     4.0283    129.945  0.000e+00
    128.701     7.8263    33.7761    26.3381 1.4652e-01     0.1298      0.018    1482.43     60.315     5.7568  59.745710     4.0283    129.963  0.000e+00
    128.731     7.8264    33.7753    26.3375 1.4652e-01     0.1298      0.018    1482.43     60.314     5.7568  59.745710     4.0283    129.993  0.000e+00
    128.755     7.8264    33.7755    26.3376 1.4652e-01     0.1298      0.015    1482.43     60.314     5.7567  59.745711     4.0282    130.017  0.000e+00
    128.775     7.8263    33.7754    26.3375 1.4652e-01     0.1298      0.018    1482.43     60.321     5.7575  59.745711     4.0287    130.037  0.000e+00
    128.780     7.8261    33.7759    26.3379 1.4652e-01     0.1285      0.015    1482.43     60.321     5.7574  59.745712     4.0287    130.042  0.000e+00
    128.824     7.8264    33.7753    26.3374 1.4652e-01     0.1298      0.015    1482.43     60.321     5.7574  59.745712     4.0287    130.087  0.000e+00
    128.853     7.8263    33.7755    26.3377 1.4652e-01     0.1298      0.015    1482.43     60.329     5.7582  59.745713     4.0292    130.117  0.000e+00
    128.853     7.8263    33.7757    26.3378 1.4652e-01     0.1298      0.018    1482.43     60.337     5.7589  59.745713     4.0297    130.117  0.000e+00
    128.884     7.8264    33.7757    26.3378 1.4652e-01     0.1298      0.018    1482.44     60.337     5.7589  59.745714     4.0298    130.148  0.000e+00
    128.901     7.8263    33.7757    26.3378 1.4652e-01     0.1298      0.018    1482.44     60.338     5.7590  59.745714     4.0298    130.165  0.000e+00
    128.938     7.8264    33.7755    26.3376 1.4652e-01     0.1298      0.018    1482.44     60.338     5.7590  59.745715     4.0298    130.203  0.000e+00
    128.945     7.8265    33.7754    26.3375 1.4652e-01     0.1298      0.018    1482.44     60.339     5.7591  59.745715     4.0299    130.209  0.000e+00
    128.974     7.8264    33.7759    26.3380 1.4652e-01     0.1298      0.018    1482.44     60.339     5.7591  59.745716     4.0299    130.239  0.000e+00
    128.994     7.8266    33.7757    26.3377 1.4652e-01     0.1298      0.018    1482.44     60.340     5.7591  59.745716     4.0299    130.259  0.000e+00
    129.035     7.8266    33.7754    26.3375 1.4652e-01     0.1298      0.018    1482.44     60.340     5.7592  59.745717     4.0300    130.300  0.000e+00
    129.023     7.8266    33.7755    26.3376 1.4652e-01     0.1298      0.015    1482.44     60.340     5.7592  59.745717     4.0300    130.288  0.000e+00
    129.066     7.8268    33.7761    26.3381 1.4652e-01     0.1298      0.018    1482.44     60.341     5.7592  59.745718     4.0300    130.331  0.000e+00
    129.084     7.8268    33.7761    26.3381 1.4652e-01     0.1298      0.015    1482.44     60.341     5.7593  59.745718     4.0300    130.350  0.000e+00
    129.109     7.8269    33.7759    26.3379 1.3431e-01     0.1298      0.018    1482.44     60.287     5.7541  59.745719     4.0264    130.374  0.000e+00
    129.115     7.8271    33.7760    26.3379 1.3431e-01     0.1298      0.015    1482.44     60.343     5.7594  59.745719     4.0301    130.381  0.000e+00
    129.145     7.8269    33.7757    26.3377 1.3431e-01     0.1285      0.018    1482.44     60.337     5.7588  59.745720     4.0297    130.411  0.000e+00
    129.169     7.8268    33.7759    26.3379 1.4652e-01     0.1298      0.018    1482.44     60.337     5.7589  59.745720     4.0297    130.436  0.000e+00
    129.200     7.8269    33.7759    26.3378 1.3431e-01     0.1298      0.018    1482.44     60.338     5.7590  59.745720     4.0298    130.467  0.000e+00
    129.218     7.8268    33.7762    26.3381 1.4652e-01     0.1298      0.018    1482.44     60.339     5.7591  59.745721     4.0298    130.485  0.000e+00
    129.230     7.8269    33.7760    26.3379 1.4652e-01     0.1298      0.018    1482.44     60.340     5.7591  59.745721     4.0299    130.497  0.000e+00
    129.262     7.8269    33.7764    26.3382 1.4652e-01     0.1298      0.015    1482.44     60.341     5.7592  59.745722     4.0299    130.530  0.000e+00
    129.292     7.8268    33.7761    26.3380 1.4652e-01     0.1298      0.018    1482.44     60.334     5.7585  59.745722     4.0295    130.559  0.000e+00
