RAWDATA/20190228/Gl2_20190228_down.cnv
* Sea-Bird SBE 9 Data File:
* FileName = C:\CTD Brukere\NIVA\IO2019\20190228\Gl2_20190228.hex
* Software Version Seasave V 7.23.2
* Temperature SN = 5352
* Conductivity SN = 3840
* Number of Bytes Per Scan = 28
* Number of Voltage Words = 4
* Number of Scans Averaged by the Deck Unit = 1
* NMEA baud rate = 4800
** Ship: R/V Trygve Braarud
** Cruise:
** Station:
** Operator:
# nquan = 14
# nvalues = 6572                                  
# units = specified
# name 0 = depSM: Depth [salt water, m], lat = 59.60
# name 1 = t090C: Temperature [ITS-90, deg C]
# name 2 = sal00: Salinity, Practical [PSU]
# name 3 = sigma-t00: Density [sigma-t, kg/m^3 ]
# name 4 = flSP: Fluorescence, Seapoint
# name 5 = wetStar: Fluorescence, WET Labs WETstar [mg/m^3]
# name 6 = seaTurbMtr: Turbidity, Seapoint [FTU]
# name 7 = svCM: Sound Velocity [Chen-Millero, m/s]
# name 8 = sbeox0PS: Oxygen, SBE 43 [% saturation]
# name 9 = sbeox0Mg/L: Oxygen, SBE 43 [mg/l]
# name 10 = timeJ: Julian Days
# name 11 = sbeox0ML/L: Oxygen, SBE 43 [ml/l]
# name 12 = prDM: Pressure, Digiquartz [db]
# name 13 = flag:  0.000e+00
# span 0 =      0.011,    139.442                 
# span 1 =     3.2250,     7.8298                 
# span 2 =    26.2274,    33.7794                 
# span 3 =    20.8710,    26.3407                 
# span 4 = 1.3431e-01, 6.8376e-01                 
# span 5 =     0.1273,     0.1310                 
# span 6 =      0.011,      0.018                 
# span 7 =    1452.13,    1482.62                 
# span 8 =     54.250,     74.509                 
# span 9 =     5.3600,     8.2579                 
# span 10 =  59.742836,  59.746005                
# span 11 =     3.7506,     5.7784                
# span 12 =      0.011,    140.813                
# span 13 = 0.0000e+00, 0.0000e+00                
# interval = seconds: 0.0416667
# start_time = Feb 28 2019 17:49:41 [System UpLoad Time]
# bad_flag = -9.990e-29
*END*
[from data line 3613]
     75.149     7.7068    33.7051    26.2997 1.4652e-01     0.1298      0.018    1481.00     60.300     5.7736  59.744578     4.0401     75.876  0.000e+00
     75.185     7.7072    33.7043    26.2990 1.4652e-01     0.1298      0.015    1481.00     60.304     5.7741  59.744579     4.0403     75.912  0.000e+00
     75.192     7.7068    33.7051    26.2996 1.4652e-01     0.1298      0.018    1481.00     60.301     5.7738  59.744579     4.0401     75.919  0.000e+00
     75.234     7.7073    33.7067    26.3008 1.4652e-01     0.1298      0.018    1481.01     60.298     5.7733  59.744579     4.0398     75.962  0.000e+00
     75.245     7.7082    33.7076    26.3014 1.4652e-01     0.1298      0.018    1481.01     60.301     5.7735  59.744580     4.0400     75.973  0.000e+00
     75.265     7.7090    33.7070    26.3008 1.4652e-01     0.1298      0.018    1481.01     60.298     5.7731  59.744580     4.0397     75.993  0.000e+00
     75.281     7.7089    33.7061    26.3001 1.4652e-01     0.1298      0.018    1481.01     60.301     5.7734  59.744581     4.0399     76.009  0.000e+00
     75.317     7.7088    33.7057    26.2998 1.4652e-01     0.1298      0.015    1481.01     60.297     5.7731  59.744581     4.0397     76.046  0.000e+00
     75.330     7.7089    33.7065    26.3004 1.4652e-01     0.1298      0.015    1481.01     60.292     5.7726  59.744582     4.0393     76.059  0.000e+00
     75.337     7.7091    33.7064    26.3003 1.4652e-01     0.1298      0.018    1481.01     60.295     5.7729  59.744582     4.0395     76.065  0.000e+00
     75.355     7.7096    33.7057    26.2997 1.4652e-01     0.1298      0.018    1481.02     60.290     5.7724  59.744583     4.0392     76.083  0.000e+00
     75.402     7.7091    33.7052    26.2994 1.3431e-01     0.1298      0.015    1481.01     60.286     5.7720  59.744583     4.0389     76.131  0.000e+00
     75.397     7.7085    33.7047    26.2991 1.4652e-01     0.1298      0.018    1481.01     60.280     5.7715  59.744584     4.0386     76.126  0.000e+00
     75.426     7.7081    33.7053    26.2996 1.4652e-01     0.1298      0.018    1481.01     60.274     5.7710  59.744584     4.0382     76.156  0.000e+00
     75.451     7.7079    33.7047    26.2992 1.4652e-01     0.1298      0.015    1481.01     60.276     5.7712  59.744585     4.0384     76.180  0.000e+00
     75.475     7.7078    33.7037    26.2984 1.4652e-01     0.1298      0.018    1481.01     60.278     5.7715  59.744585     4.0385     76.205  0.000e+00
     75.495     7.7068    33.7044    26.2991 1.4652e-01     0.1298      0.018    1481.01     60.280     5.7717  59.744586     4.0387     76.225  0.000e+00
     75.511     7.7065    33.7039    26.2987 1.4652e-01     0.1298      0.015    1481.00     60.281     5.7720  59.744586     4.0389     76.241  0.000e+00
     75.535     7.7071    33.7066    26.3008 1.4652e-01     0.1298      0.015    1481.01     60.283     5.7719  59.744587     4.0389     76.266  0.000e+00
     75.566     7.7096    33.7140    26.3063 1.4652e-01     0.1298      0.015    1481.03     60.285     5.7715  59.744587     4.0386     76.297  0.000e+00
     75.571     7.7153    33.7177    26.3083 1.4652e-01     0.1298      0.015    1481.06     60.278     5.7700  59.744588     4.0375     76.302  0.000e+00
     75.596     7.7195    33.7188    26.3086 1.4652e-01     0.1298      0.018    1481.07     60.279     5.7695  59.744588     4.0372     76.327  0.000e+00
     75.615     7.7225    33.7184    26.3078 1.4652e-01     0.1298      0.018    1481.09     60.281     5.7692  59.744589     4.0370     76.347  0.000e+00
     75.631     7.7242    33.7175    26.3069 1.4652e-01     0.1298      0.015    1481.09     60.282     5.7692  59.744589     4.0369     76.363  0.000e+00
     75.644     7.7249    33.7169    26.3063 1.4652e-01     0.1298      0.015    1481.09     60.283     5.7692  59.744590     4.0370     76.376  0.000e+00
     75.675     7.7255    33.7168    26.3062 1.4652e-01     0.1298      0.018    1481.10     60.277     5.7685  59.744590     4.0365     76.407  0.000e+00
     75.705     7.7260    33.7167    26.3060 1.4652e-01     0.1298      0.018    1481.10     60.278     5.7686  59.744591     4.0365     76.437  0.000e+00
     75.716     7.7264    33.7167    26.3060 1.4652e-01     0.1298      0.018    1481.10     60.271     5.7679  59.744591     4.0360     76.449  0.000e+00
     75.747     7.7265    33.7146    26.3042 1.4652e-01     0.1298      0.015    1481.10     60.272     5.7680  59.744592     4.0361     76.480  0.000e+00
     75.765     7.7258    33.7137    26.3036 1.4652e-01     0.1298      0.018    1481.09     60.335     5.7742  59.744592     4.0404     76.498  0.000e+00
     75.776     7.7248    33.7122    26.3026 1.4652e-01     0.1298      0.018    1481.09     60.273     5.7685  59.744592     4.0364     76.509  0.000e+00
     75.807     7.7241    33.7160    26.3057 1.4652e-01     0.1298      0.018    1481.09     60.266     5.7677  59.744593     4.0359     76.541  0.000e+00
     75.801     7.7255    33.7180    26.3071 1.4652e-01     0.1298      0.018    1481.10     60.265     5.7674  59.744593     4.0357     76.534  0.000e+00
     75.850     7.7271    33.7190    26.3077 1.4652e-01     0.1298      0.018    1481.11     60.265     5.7671  59.744594     4.0355     76.583  0.000e+00
     75.856     7.7280    33.7204    26.3086 1.4652e-01     0.1298      0.015    1481.11     60.265     5.7669  59.744594     4.0354     76.590  0.000e+00
     75.897     7.7292    33.7207    26.3086 1.4652e-01     0.1298      0.015    1481.12     60.265     5.7668  59.744595     4.0352     76.631  0.000e+00
     75.897     7.7301    33.7199    26.3079 1.4652e-01     0.1298      0.018    1481.12     60.264     5.7666  59.744595     4.0351     76.631  0.000e+00
     75.952     7.7308    33.7191    26.3072 1.4652e-01     0.1285      0.018    1481.12     60.264     5.7666  59.744596     4.0351     76.687  0.000e+00
     75.959     7.7310    33.7192    26.3072 1.4652e-01     0.1298      0.015    1481.12     60.264     5.7665  59.744596     4.0351     76.694  0.000e+00
     75.970     7.7312    33.7191    26.3071 1.4652e-01     0.1285      0.018    1481.13     60.264     5.7665  59.744597     4.0350     76.705  0.000e+00
     75.990     7.7313    33.7185    26.3066 1.4652e-01     0.1298      0.018    1481.12     60.264     5.7665  59.744597     4.0350     76.725  0.000e+00
     76.030     7.7309    33.7188    26.3069 1.4652e-01     0.1298      0.018    1481.12     60.264     5.7665  59.744598     4.0351     76.766  0.000e+00
     76.042     7.7306    33.7178    26.3062 1.4652e-01     0.1298      0.018    1481.12     60.264     5.7666  59.744598     4.0351     76.777  0.000e+00
     76.061     7.7298    33.7167    26.3054 1.4652e-01     0.1298      0.015    1481.12     60.263     5.7667  59.744599     4.0352     76.797  0.000e+00
     76.079     7.7288    33.7154    26.3046 1.4652e-01     0.1298      0.018    1481.11     60.263     5.7669  59.744599     4.0353     76.815  0.000e+00
     76.115     7.7271    33.7155    26.3049 1.4652e-01     0.1298      0.015    1481.11     60.263     5.7671  59.744600     4.0355     76.851  0.000e+00
     76.122     7.7272    33.7164    26.3055 1.4652e-01     0.1298      0.018    1481.11     60.263     5.7670  59.744600     4.0354     76.858  0.000e+00
     76.164     7.7271    33.7156    26.3049 1.4652e-01     0.1298      0.018    1481.11     60.263     5.7671  59.744601     4.0355     76.901  0.000e+00
     76.195     7.7267    33.7148    26.3044 1.4652e-01     0.1298      0.015    1481.11     60.263     5.7672  59.744601     4.0355     76.932  0.000e+00
     76.200     7.7259    33.7149    26.3046 1.4652e-01     0.1285      0.018    1481.10     60.263     5.7673  59.744602     4.0356     76.937  0.000e+00
     76.236     7.7256    33.7155    26.3051 1.4652e-01     0.1298      0.015    1481.10     60.263     5.7673  59.744602     4.0356     76.973  0.000e+00
     76.255     7.7256    33.7169    26.3062 1.4652e-01     0.1298      0.015    1481.11     60.263     5.7672  59.744603     4.0355     76.993  0.000e+00
     76.271     7.7263    33.7168    26.3060 1.4652e-01     0.1298      0.018    1481.11     60.263     5.7671  59.744603     4.0355     77.009  0.000e+00
     76.309     7.7264    33.7158    26.3052 1.4652e-01     0.1298      0.018    1481.11     60.263     5.7671  59.744604     4.0355     77.047  0.000e+00
     76.327     7.7259    33.7149    26.3046 1.4652e-01     0.1298      0.015    1481.11     60.262     5.7672  59.744604     4.0355     77.065  0.000e+00
     76.345     7.7255    33.7158    26.3053 1.3431e-01     0.1298      0.018    1481.11     60.262     5.7672  59.744605     4.0355     77.083  0.000e+00
     76.376     7.7257    33.7163    26.3057 1.4652e-01     0.1298      0.015    1481.11     60.262     5.7671  59.744605     4.0355     77.115  0.000e+00
     76.416     7.7261    33.7168    26.3061 1.4652e-01     0.1298      0.018    1481.11     60.262     5.7671  59.744606     4.0355     77.156  0.000e+00
     76.429     7.7265    33.7171    26.3062 1.4652e-01     0.1298      0.018    1481.11     60.262     5.7670  59.744606     4.0354     77.169  0.000e+00
     76.460     7.7265    33.7171    26.3062 1.4652e-01     0.1298      0.018    1481.11     60.262     5.7670  59.744606     4.0354     77.200  0.000e+00
     76.478     7.7264    33.7168    26.3060 1.4652e-01     0.1298      0.015    1481.11     60.262     5.7670  59.744607     4.0354     77.218  0.000e+00
     76.521     7.7262    33.7167    26.3059 1.4652e-01     0.1298      0.015    1481.11     60.262     5.7670  59.744607     4.0354     77.261  0.000e+00
     76.514     7.7264    33.7172    26.3063 1.4652e-01     0.1298      0.018    1481.11     60.261     5.7669  59.744608     4.0354     77.254  0.000e+00
     76.561     7.7270    33.7179    26.3067 1.4652e-01     0.1298      0.015    1481.12     60.261     5.7668  59.744608     4.0353     77.302  0.000e+00
     76.568     7.7277    33.7177    26.3065 1.4652e-01     0.1298      0.015    1481.12     60.261     5.7667  59.744609     4.0352     77.309  0.000e+00
     76.610     7.7278    33.7173    26.3062 1.4652e-01     0.1298      0.018    1481.12     60.261     5.7667  59.744609     4.0352     77.351  0.000e+00
     76.628     7.7279    33.7172    26.3061 1.4652e-01     0.1298      0.015    1481.12     60.261     5.7667  59.744610     4.0352     77.370  0.000e+00
     76.671     7.7280    33.7176    26.3064 1.4652e-01     0.1298      0.015    1481.12     60.261     5.7667  59.744610     4.0352     77.412  0.000e+00
     76.684     7.7283    33.7171    26.3059 1.4652e-01     0.1298      0.015    1481.12     60.261     5.7666  59.744611     4.0352     77.425  0.000e+00
     76.726     7.7277    33.7177    26.3065 1.4652e-01     0.1298      0.018    1481.12     60.261     5.7667  59.744611     4.0352     77.468  0.000e+00
     76.731     7.7283    33.7190    26.3074 1.4652e-01     0.1298      0.015    1481.13     60.261     5.7665  59.744612     4.0351     77.473  0.000e+00
     76.762     7.7295    33.7190    26.3073 1.3431e-01     0.1298      0.015    1481.13     60.260     5.7664  59.744612     4.0350     77.504  0.000e+00
     76.804     7.7295    33.7180    26.3065 1.4652e-01     0.1298      0.018    1481.13     60.260     5.7664  59.744613     4.0350     77.547  0.000e+00
     76.811     7.7291    33.7168    26.3056 1.4652e-01     0.1298      0.015    1481.13     60.260     5.7665  59.744613     4.0351     77.554  0.000e+00
     76.851     7.7280    33.7162    26.3053 1.4652e-01     0.1298      0.015    1481.12     60.260     5.7667  59.744614     4.0352     77.595  0.000e+00
     76.876     7.7278    33.7167    26.3057 1.4652e-01     0.1298      0.015    1481.12     60.260     5.7667  59.744614     4.0352     77.620  0.000e+00
     76.895     7.7275    33.7169    26.3059 1.3431e-01     0.1298      0.015    1481.12     60.260     5.7667  59.744615     4.0352     77.639  0.000e+00
     76.925     7.7276    33.7165    26.3056 1.4652e-01     0.1298      0.018    1481.12     60.260     5.7667  59.744615     4.0352     77.669  0.000e+00
     76.956     7.7271    33.7159    26.3052 1.4652e-01     0.1298      0.015    1481.12     60.268     5.7675  59.744616     4.0358     77.700  0.000e+00
     76.973     7.7265    33.7162    26.3055 1.4652e-01     0.1298      0.015    1481.12     60.268     5.7676  59.744616     4.0358     77.718  0.000e+00
     77.003     7.7267    33.7166    26.3058 1.4652e-01     0.1298      0.018    1481.12     60.268     5.7676  59.744617     4.0358     77.748  0.000e+00
     77.021     7.7269    33.7184    26.3072 1.4652e-01     0.1298      0.015    1481.13     60.268     5.7675  59.744617     4.0357     77.766  0.000e+00
     77.052     7.7281    33.7199    26.3082 1.4652e-01     0.1298      0.015    1481.13     60.268     5.7673  59.744618     4.0356     77.797  0.000e+00
     77.081     7.7295    33.7200    26.3081 1.4652e-01     0.1298      0.018    1481.14     60.331     5.7730  59.744618     4.0396     77.827  0.000e+00
     77.112     7.7302    33.7185    26.3068 1.4652e-01     0.1298      0.015    1481.14     60.276     5.7678  59.744619     4.0359     77.858  0.000e+00
     77.118     7.7301    33.7182    26.3066 1.4652e-01     0.1285      0.015    1481.14     60.275     5.7678  59.744619     4.0359     77.865  0.000e+00
     77.154     7.7295    33.7181    26.3065 1.4652e-01     0.1298      0.018    1481.14     60.338     5.7738  59.744620     4.0402     77.901  0.000e+00
     77.172     7.7291    33.7177    26.3063 1.4652e-01     0.1298      0.018    1481.14     60.282     5.7686  59.744620     4.0365     77.919  0.000e+00
     77.203     7.7290    33.7173    26.3060 1.4652e-01     0.1298      0.018    1481.13     60.282     5.7686  59.744620     4.0365     77.950  0.000e+00
     77.232     7.7286    33.7174    26.3062 1.4652e-01     0.1298      0.018    1481.13     60.282     5.7686  59.744621     4.0365     77.980  0.000e+00
     77.250     7.7287    33.7190    26.3074 1.4652e-01     0.1298      0.018    1481.14     60.343     5.7744  59.744621     4.0406     77.998  0.000e+00
     77.281     7.7295    33.7197    26.3078 1.4652e-01     0.1298      0.015    1481.14     60.288     5.7690  59.744622     4.0368     78.029  0.000e+00
     77.299     7.7300    33.7196    26.3077 1.4652e-01     0.1298      0.018    1481.14     60.349     5.7748  59.744622     4.0408     78.047  0.000e+00
     77.317     7.7304    33.7189    26.3071 1.4652e-01     0.1298      0.018    1481.14     60.355     5.7753  59.744623     4.0412     78.065  0.000e+00
     77.348     7.7303    33.7189    26.3071 1.4652e-01     0.1298      0.018    1481.14     60.362     5.7759  59.744623     4.0417     78.097  0.000e+00
     77.377     7.7304    33.7182    26.3065 1.4652e-01     0.1298      0.018    1481.14     60.367     5.7765  59.744624     4.0421     78.126  0.000e+00
     77.395     7.7298    33.7181    26.3065 1.3431e-01     0.1298      0.015    1481.14     60.373     5.7771  59.744624     4.0425     78.144  0.000e+00
     77.426     7.7296    33.7184    26.3068 1.4652e-01     0.1298      0.018    1481.14     60.378     5.7776  59.744625     4.0428     78.176  0.000e+00
     77.444     7.7295    33.7185    26.3069 1.4652e-01     0.1298      0.018    1481.14     60.383     5.7781  59.744625     4.0432     78.194  0.000e+00
     77.474     7.7295    33.7183    26.3067 1.4652e-01     0.1298      0.018    1481.14     60.325     5.7726  59.744626     4.0393     78.223  0.000e+00
     77.480     7.7293    33.7182    26.3067 1.4652e-01     0.1298      0.018    1481.14     60.322     5.7723  59.744626     4.0391     78.230  0.000e+00
     77.511     7.7287    33.7178    26.3064 1.4652e-01     0.1298      0.018    1481.14     60.381     5.7781  59.744627     4.0432     78.261  0.000e+00
     77.553     7.7285    33.7181    26.3067 1.4652e-01     0.1298      0.018    1481.14     60.324     5.7726  59.744627     4.0393     78.304  0.000e+00
