RAWDATA/20190228/Gl2_20190228_down_bin.cnv
* Sea-Bird SBE 9 Data File:
* FileName = C:\CTD Brukere\NIVA\IO2019\20190228\Gl2_20190228.hex
* Software Version Seasave V 7.23.2
* Temperature SN = 5352
* Conductivity SN = 3840
* Number of Bytes Per Scan = 28
* Number of Voltage Words = 4
* Number of Scans Averaged by the Deck Unit = 1
* NMEA baud rate = 4800
** Ship: R/V Trygve Braarud
** Cruise:
** Station:
** Operator:
# nquan = 14
# nvalues = 140                         
# units = specified
# name 0 = depSM: Depth [salt water, m], lat = 59.60
# name 1 = t090C: Temperature [ITS-90, deg C]
# name 2 = sal00: Salinity, Practical [PSU]
# name 3 = sigma-t00: Density [sigma-t, kg/m^3 ]
# name 4 = flSP: Fluorescence, Seapoint
# name 5 = wetStar: Fluorescence, WET Labs WETstar [mg/m^3]
# name 6 = seaTurbMtr: Turbidity, Seapoint [FTU]
# name 7 = svCM: Sound Velocity [Chen-Millero, m/s]
# name 8 = sbeox0PS: Oxygen, SBE 43 [% saturation]
# name 9 = sbeox0Mg/L: Oxygen, SBE 43 [mg/l]
# name 10 = timeJ: Julian Days
# name 11 = sbeox0ML/L: Oxygen, SBE 43 [ml/l]
# name 12 = prDM: Pressure, Digiquartz [db]
# name 13 = flag: flag
# span 0 =      0.000,    139.000       
# span 1 =     3.2634,     7.8292       
# span 2 =    26.3616,    33.7787       
# span 3 =    20.9783,    26.3400       
# span 4 = 1.4038e-01, 4.6750e-01       
# span 5 =     0.1280,     0.1299       
# span 6 =      0.013,      0.017       
# span 7 =    1452.35,    1482.61       
# span 8 =     54.337,     74.404       
# span 9 =     5.3686,     8.2407       
# span 10 =  59.742895,  59.745949      
# span 11 =     3.7567,     5.7663      
# span 12 =      0.000,    140.366      
# span 13 = 0.0000e+00, 0.0000e+00      
# interval = meters: 1                  
# start_time = Feb 28 2019 17:49:41 [System UpLoad Time]
# bad_flag = -9.990e-29
*END*
[from data line 104]
    104.000     7.8074    33.7656    26.3326 1.4339e-01     0.1298      0.017    1481.94     60.373     5.7652  59.745175     4.0342    105.013 0.0000e+00
    105.000     7.8071    33.7656    26.3326 1.4571e-01     0.1298      0.017    1481.95     60.316     5.7599  59.745196     4.0304    106.023 0.0000e+00
    106.000     7.8092    33.7669    26.3334 1.4290e-01     0.1298      0.017    1481.98     60.269     5.7550  59.745218     4.0270    107.033 0.0000e+00
    107.000     7.8113    33.7683    26.3342 1.4543e-01     0.1298      0.017    1482.01     60.237     5.7516  59.745239     4.0247    108.043 0.0000e+00
    108.000     7.8122    33.7690    26.3346 1.4425e-01     0.1297      0.017    1482.03     60.369     5.7641  59.745261     4.0334    109.053 0.0000e+00
    109.000     7.8148    33.7703    26.3352 1.4326e-01     0.1298      0.017    1482.06     60.338     5.7608  59.745283     4.0310    110.063 0.0000e+00
    110.000     7.8142    33.7702    26.3352 1.4218e-01     0.1299      0.017    1482.07     60.346     5.7616  59.745304     4.0316    111.073 0.0000e+00
    111.000     7.8153    33.7706    26.3354 1.4163e-01     0.1297      0.016    1482.09     60.364     5.7632  59.745326     4.0327    112.083 0.0000e+00
    112.000     7.8137    33.7698    26.3350 1.4485e-01     0.1298      0.017    1482.10     60.369     5.7638  59.745347     4.0332    113.093 0.0000e+00
    113.000     7.8143    33.7701    26.3351 1.4196e-01     0.1297      0.017    1482.12     60.315     5.7586  59.745370     4.0295    114.103 0.0000e+00
    114.000     7.8164    33.7710    26.3355 1.4533e-01     0.1298      0.016    1482.14     60.215     5.7488  59.745391     4.0226    115.113 0.0000e+00
    115.000     7.8175    33.7713    26.3356 1.4439e-01     0.1297      0.017    1482.17     60.344     5.7609  59.745413     4.0312    116.124 0.0000e+00
    116.000     7.8179    33.7714    26.3356 1.4376e-01     0.1298      0.017    1482.18     60.365     5.7629  59.745434     4.0325    117.134 0.0000e+00
    117.000     7.8183    33.7714    26.3356 1.4510e-01     0.1298      0.016    1482.20     60.302     5.7568  59.745455     4.0282    118.144 0.0000e+00
    118.000     7.8192    33.7717    26.3357 1.4151e-01     0.1298      0.017    1482.22     60.251     5.7518  59.745477     4.0248    119.154 0.0000e+00
    119.000     7.8197    33.7721    26.3359 1.4169e-01     0.1297      0.017    1482.24     60.225     5.7493  59.745498     4.0230    120.164 0.0000e+00
    120.000     7.8209    33.7729    26.3364 1.4351e-01     0.1298      0.017    1482.26     60.306     5.7567  59.745519     4.0282    121.174 0.0000e+00
    121.000     7.8227    33.7738    26.3368 1.4299e-01     0.1297      0.017    1482.29     60.255     5.7516  59.745541     4.0246    122.184 0.0000e+00
    122.000     7.8239    33.7743    26.3370 1.4386e-01     0.1297      0.016    1482.31     60.305     5.7562  59.745563     4.0279    123.194 0.0000e+00
    123.000     7.8240    33.7745    26.3372 1.4182e-01     0.1297      0.017    1482.33     60.330     5.7586  59.745585     4.0295    124.204 0.0000e+00
    124.000     7.8238    33.7744    26.3372 1.4438e-01     0.1297      0.017    1482.34     60.326     5.7582  59.745606     4.0293    125.214 0.0000e+00
    125.000     7.8248    33.7752    26.3376 1.4272e-01     0.1297      0.017    1482.36     60.216     5.7476  59.745628     4.0218    126.224 0.0000e+00
    126.000     7.8252    33.7751    26.3375 1.4148e-01     0.1298      0.017    1482.38     60.331     5.7586  59.745650     4.0295    127.234 0.0000e+00
    127.000     7.8250    33.7749    26.3373 1.4191e-01     0.1298      0.017    1482.40     60.357     5.7610  59.745672     4.0312    128.245 0.0000e+00
    128.000     7.8255    33.7750    26.3374 1.4174e-01     0.1297      0.017    1482.42     60.333     5.7587  59.745694     4.0296    129.255 0.0000e+00
    129.000     7.8265    33.7758    26.3378 1.4378e-01     0.1297      0.017    1482.44     60.322     5.7575  59.745716     4.0288    130.265 0.0000e+00
    130.000     7.8267    33.7760    26.3380 1.4425e-01     0.1298      0.016    1482.45     60.223     5.7480  59.745737     4.0221    131.275 0.0000e+00
    131.000     7.8269    33.7758    26.3378 1.4218e-01     0.1298      0.017    1482.47     60.280     5.7534  59.745758     4.0259    132.285 0.0000e+00
    132.000     7.8270    33.7759    26.3378 1.4038e-01     0.1298      0.017    1482.49     60.320     5.7573  59.745780     4.0286    133.295 0.0000e+00
    133.000     7.8266    33.7757    26.3378 1.4227e-01     0.1297      0.017    1482.50     60.300     5.7553  59.745801     4.0272    134.305 0.0000e+00
    134.000     7.8265    33.7760    26.3380 1.4601e-01     0.1297      0.016    1482.52     60.211     5.7469  59.745823     4.0213    135.315 0.0000e+00
    135.000     7.8278    33.7767    26.3384 1.4403e-01     0.1298      0.017    1482.54     60.191     5.7448  59.745844     4.0199    136.326 0.0000e+00
    136.000     7.8292    33.7779    26.3391 1.4368e-01     0.1297      0.017    1482.57     60.205     5.7459  59.745865     4.0206    137.336 0.0000e+00
    137.000     7.8289    33.7780    26.3392 1.4457e-01     0.1297      0.017    1482.58     60.304     5.7554  59.745886     4.0273    138.346 0.0000e+00
    138.000     7.8271    33.7787    26.3400 1.4401e-01     0.1297      0.017    1482.59     60.404     5.7651  59.745908     4.0341    139.356 0.0000e+00
    139.000     7.8268    33.7785    26.3399 1.4448e-01     0.1297      0.017    1482.61     60.307     5.7559  59.745949     4.0276    140.366 0.0000e+00
