RAWDATA/20190228/Gp1_20190228_down.cnv
* Sea-Bird SBE 9 Data File:
* FileName = C:\CTD Brukere\NIVA\IO2019\20190228\Gp1_20190228.hex
* Software Version Seasave V 7.23.2
* Temperature SN = 5352
* Conductivity SN = 3840
* Number of Bytes Per Scan = 28
* Number of Voltage Words = 4
* Number of Scans Averaged by the Deck Unit = 1
* NMEA baud rate = 4800
** Ship: R/V Trygve Braarud
** Cruise:
** Station:
** Operator:
# nquan = 14
# nvalues = 1125                                  
# units = specified
# name 0 = depSM: Depth [salt water, m], lat = 59.60
# name 1 = t090C: Temperature [ITS-90, deg C]
# name 2 = sal00: Salinity, Practical [PSU]
# name 3 = sigma-t00: Density [sigma-t, kg/m^3 ]
# name 4 = flSP: Fluorescence, Seapoint
# name 5 = wetStar: Fluorescence, WET Labs WETstar [mg/m^3]
# name 6 = seaTurbMtr: Turbidity, Seapoint [FTU]
# name 7 = svCM: Sound Velocity [Chen-Millero, m/s]
# name 8 = sbeox0PS: Oxygen, SBE 43 [% saturation]
# name 9 = sbeox0Mg/L: Oxygen, SBE 43 [mg/l]
# name 10 = timeJ: Julian Days
# name 11 = sbeox0ML/L: Oxygen, SBE 43 [ml/l]
# name 12 = prDM: Pressure, Digiquartz [db]
# name 13 = flag:  0.000e+00
# span 0 =     -0.244,     14.518                 
# span 1 =     2.8420,     4.6228                 
# span 2 =    12.8921,    31.0042                 
# span 3 =    10.2791,    24.5548                 
# span 4 = 2.5641e-01, 1.8315e+00                 
# span 5 =     0.1261,     0.1298                 
# span 6 =      0.007,      0.018                 
# span 7 =    1433.23,    1464.27                 
# span 8 =     62.484,     77.701                 
# span 9 =     6.6326,     8.8266                 
# span 10 =  59.508657,  59.509199                
# span 11 =     4.6411,     6.1763                
# span 12 =     -0.247,     14.656                
# span 13 = 0.0000e+00, 0.0000e+00                
# interval = seconds: 0.0416667
# start_time = Feb 28 2019 12:12:28 [System UpLoad Time]
# bad_flag = -9.990e-29
*END*
[from data line 620]
      8.624     3.1488    28.8748    22.9876 3.1746e-01     0.1273      0.015    1455.25     76.049     8.3809  59.508956     5.8645      8.706  0.000e+00
      8.637     3.1493    28.8903    23.0000 3.2967e-01     0.1273      0.015    1455.27     76.054     8.3805  59.508957     5.8641      8.719  0.000e+00
      8.664     3.1480    28.8908    23.0005 3.4188e-01     0.1285      0.015    1455.26     76.115     8.3874  59.508957     5.8690      8.746  0.000e+00
      8.696     3.1471    28.8750    22.9880 3.4188e-01     0.1273      0.015    1455.24     76.059     8.3823  59.508958     5.8655      8.779  0.000e+00
      8.713     3.1490    28.8605    22.9763 3.2967e-01     0.1273      0.015    1455.23     76.058     8.3827  59.508958     5.8657      8.795  0.000e+00
      8.743     3.1518    28.8725    22.9856 3.2967e-01     0.1273      0.015    1455.26     76.123     8.3886  59.508959     5.8698      8.827  0.000e+00
      8.743     3.1535    28.9041    23.0106 3.2967e-01     0.1273      0.015    1455.31     76.070     8.3806  59.508959     5.8642      8.827  0.000e+00
      8.784     3.1551    28.9309    23.0319 3.2967e-01     0.1273      0.015    1455.35     76.074     8.3792  59.508960     5.8632      8.867  0.000e+00
      8.803     3.1557    28.9441    23.0423 3.2967e-01     0.1273      0.015    1455.37     76.079     8.3789  59.508960     5.8630      8.887  0.000e+00
      8.820     3.1549    28.9428    23.0414 3.1746e-01     0.1273      0.015    1455.36     76.086     8.3799  59.508961     5.8637      8.903  0.000e+00
      8.852     3.1529    28.9293    23.0308 3.1746e-01     0.1285      0.015    1455.34     76.095     8.3821  59.508961     5.8653      8.936  0.000e+00
      8.875     3.1515    28.9067    23.0129 3.1746e-01     0.1285      0.015    1455.30     76.096     8.3837  59.508962     5.8664      8.959  0.000e+00
      8.892     3.1510    28.8854    22.9960 3.1746e-01     0.1285      0.015    1455.27     76.098     8.3853  59.508962     5.8675      8.977  0.000e+00
      8.923     3.1516    28.8760    22.9884 3.1746e-01     0.1273      0.015    1455.26     76.101     8.3860  59.508963     5.8680      9.008  0.000e+00
      8.923     3.1532    28.8804    22.9918 3.1746e-01     0.1273      0.015    1455.28     76.114     8.3868  59.508963     5.8686      9.008  0.000e+00
      8.964     3.1549    28.8945    23.0029 3.1746e-01     0.1285      0.015    1455.30     76.119     8.3862  59.508964     5.8682      9.049  0.000e+00
      8.970     3.1569    28.9146    23.0188 3.1746e-01     0.1273      0.015    1455.34     76.125     8.3853  59.508964     5.8676      9.055  0.000e+00
      8.975     3.1576    28.9328    23.0332 3.1746e-01     0.1273      0.015    1455.36     76.132     8.3850  59.508965     5.8673      9.060  0.000e+00
      9.054     3.1574    28.9400    23.0389 3.2967e-01     0.1285      0.015    1455.37     76.142     8.3857  59.508965     5.8678      9.140  0.000e+00
      9.043     3.1569    28.9367    23.0363 3.1746e-01     0.1285      0.015    1455.37     76.152     8.3870  59.508966     5.8687      9.129  0.000e+00
      9.071     3.1568    28.9301    23.0311 3.4188e-01     0.1285      0.015    1455.36     76.163     8.3887  59.508966     5.8699      9.157  0.000e+00
      9.090     3.1560    28.9238    23.0261 3.4188e-01     0.1273      0.015    1455.35     76.166     8.3895  59.508967     5.8705      9.176  0.000e+00
      9.114     3.1557    28.9168    23.0206 3.4188e-01     0.1285      0.015    1455.34     76.169     8.3904  59.508967     5.8711      9.201  0.000e+00
      9.143     3.1569    28.9186    23.0220 3.4188e-01     0.1273      0.015    1455.35     76.174     8.3905  59.508967     5.8712      9.230  0.000e+00
      9.161     3.1582    28.9358    23.0356 3.2967e-01     0.1273      0.015    1455.37     76.178     8.3898  59.508968     5.8707      9.248  0.000e+00
      9.186     3.1583    28.9560    23.0516 3.2967e-01     0.1285      0.015    1455.40     76.184     8.3892  59.508968     5.8703      9.273  0.000e+00
      9.215     3.1594    28.9682    23.0612 3.1746e-01     0.1273      0.015    1455.42     76.200     8.3900  59.508969     5.8709      9.302  0.000e+00
      9.245     3.1600    28.9824    23.0725 3.1746e-01     0.1273      0.015    1455.44     76.208     8.3899  59.508969     5.8708      9.333  0.000e+00
      9.270     3.1608    28.9941    23.0818 3.1746e-01     0.1273      0.015    1455.46     76.216     8.3900  59.508970     5.8709      9.358  0.000e+00
      9.263     3.1611    28.9970    23.0841 3.1746e-01     0.1285      0.015    1455.47     76.225     8.3908  59.508970     5.8714      9.351  0.000e+00
      9.305     3.1614    28.9946    23.0821 3.6630e-01     0.1285      0.015    1455.47     76.235     8.3920  59.508971     5.8722      9.394  0.000e+00
      9.317     3.1604    28.9906    23.0790 4.1514e-01     0.1273      0.015    1455.46     76.246     8.3936  59.508971     5.8734      9.405  0.000e+00
      9.335     3.1588    28.9823    23.0725 4.2735e-01     0.1285      0.015    1455.44     76.258     8.3957  59.508972     5.8748      9.423  0.000e+00
      9.377     3.1577    28.9707    23.0634 4.0293e-01     0.1273      0.015    1455.42     76.270     8.3980  59.508972     5.8764      9.466  0.000e+00
      9.390     3.1571    28.9630    23.0573 3.6630e-01     0.1285      0.015    1455.41     76.220     8.3930  59.508973     5.8729      9.479  0.000e+00
      9.394     3.1572    28.9585    23.0537 3.5409e-01     0.1285      0.015    1455.40     76.225     8.3937  59.508973     5.8735      9.484  0.000e+00
      9.437     3.1579    28.9562    23.0518 3.2967e-01     0.1285      0.015    1455.40     76.231     8.3944  59.508974     5.8739      9.526  0.000e+00
      9.448     3.1588    28.9583    23.0534 3.2967e-01     0.1273      0.015    1455.41     76.229     8.3939  59.508974     5.8735      9.538  0.000e+00
      9.466     3.1593    28.9635    23.0575 3.2967e-01     0.1273      0.015    1455.42     76.227     8.3933  59.508975     5.8731      9.556  0.000e+00
      9.496     3.1590    28.9681    23.0612 3.4188e-01     0.1285      0.015    1455.42     76.227     8.3931  59.508975     5.8730      9.587  0.000e+00
      9.521     3.1582    28.9688    23.0618 3.2967e-01     0.1273      0.015    1455.42     76.227     8.3933  59.508976     5.8731      9.611  0.000e+00
      9.537     3.1572    28.9633    23.0575 3.2967e-01     0.1285      0.015    1455.41     76.228     8.3939  59.508976     5.8735      9.628  0.000e+00
      9.556     3.1557    28.9588    23.0541 3.2967e-01     0.1273      0.015    1455.40     76.167     8.3877  59.508977     5.8692      9.647  0.000e+00
      9.581     3.1539    28.9510    23.0480 3.4188e-01     0.1285      0.015    1455.38     76.225     8.3949  59.508977     5.8742      9.672  0.000e+00
      9.592     3.1532    28.9388    23.0383 3.4188e-01     0.1285      0.015    1455.36     76.219     8.3951  59.508978     5.8744      9.683  0.000e+00
      9.633     3.1558    28.9347    23.0349 3.2967e-01     0.1273      0.015    1455.37     76.213     8.3941  59.508978     5.8737      9.724  0.000e+00
      9.639     3.1582    28.9526    23.0489 3.2967e-01     0.1273      0.018    1455.40     76.144     8.3850  59.508979     5.8673      9.731  0.000e+00
      9.676     3.1596    28.9745    23.0663 3.1746e-01     0.1285      0.015    1455.44     76.203     8.3900  59.508979     5.8708      9.768  0.000e+00
      9.670     3.1590    28.9817    23.0720 3.1746e-01     0.1273      0.015    1455.45     76.136     8.3823  59.508980     5.8654      9.762  0.000e+00
      9.712     3.1588    28.9782    23.0693 3.2967e-01     0.1273      0.015    1455.44     76.124     8.3813  59.508980     5.8647      9.804  0.000e+00
      9.723     3.1594    28.9808    23.0713 3.2967e-01     0.1285      0.015    1455.45     76.113     8.3797  59.508981     5.8637      9.816  0.000e+00
      9.765     3.1603    28.9911    23.0794 3.2967e-01     0.1273      0.015    1455.46     76.112     8.3789  59.508981     5.8630      9.858  0.000e+00
      9.772     3.1602    28.9997    23.0863 3.2967e-01     0.1285      0.015    1455.48     76.103     8.3774  59.508981     5.8620      9.865  0.000e+00
      9.783     3.1618    29.0070    23.0920 3.5409e-01     0.1285      0.015    1455.49     76.094     8.3757  59.508982     5.8608      9.876  0.000e+00
      9.819     3.1629    29.0182    23.1008 3.5409e-01     0.1285      0.015    1455.51     76.096     8.3750  59.508982     5.8603      9.912  0.000e+00
      9.837     3.1633    29.0257    23.1068 3.4188e-01     0.1273      0.015    1455.52     76.089     8.3737  59.508983     5.8594      9.930  0.000e+00
      9.867     3.1633    29.0285    23.1090 3.2967e-01     0.1285      0.015    1455.53     76.020     8.3659  59.508983     5.8540      9.961  0.000e+00
      9.879     3.1630    29.0293    23.1097 3.2967e-01     0.1273      0.015    1455.53     76.070     8.3714  59.508984     5.8578      9.973  0.000e+00
      9.903     3.1624    29.0264    23.1074 3.4188e-01     0.1285      0.015    1455.52     76.066     8.3713  59.508984     5.8578      9.997  0.000e+00
      9.932     3.1607    29.0154    23.0988 3.4188e-01     0.1285      0.015    1455.50     75.999     8.3650  59.508985     5.8533     10.027  0.000e+00
      9.939     3.1582    28.9979    23.0850 3.4188e-01     0.1285      0.015    1455.47     75.989     8.3653  59.508985     5.8536     10.033  0.000e+00
      9.986     3.1579    28.9874    23.0766 3.4188e-01     0.1285      0.015    1455.45     75.979     8.3649  59.508986     5.8533     10.081  0.000e+00
      9.981     3.1597    28.9904    23.0789 3.2967e-01     0.1285      0.015    1455.46     75.970     8.3633  59.508986     5.8522     10.076  0.000e+00
     10.023     3.1625    29.0011    23.0873 3.2967e-01     0.1285      0.015    1455.49     75.962     8.3613  59.508987     5.8507     10.118  0.000e+00
     10.023     3.1638    29.0157    23.0987 3.1746e-01     0.1285      0.015    1455.52     75.955     8.3594  59.508987     5.8494     10.118  0.000e+00
     10.058     3.1654    29.0204    23.1024 3.2967e-01     0.1285      0.015    1455.53     75.949     8.3582  59.508988     5.8486     10.154  0.000e+00
     10.076     3.1688    29.0223    23.1036 3.5409e-01     0.1273      0.015    1455.55     75.880     8.3498  59.508988     5.8427     10.172  0.000e+00
     10.105     3.1713    29.0340    23.1127 3.5409e-01     0.1273      0.015    1455.57     75.868     8.3473  59.508989     5.8409     10.202  0.000e+00
     10.118     3.1745    29.0471    23.1230 3.4188e-01     0.1285      0.015    1455.60     75.857     8.3447  59.508989     5.8391     10.215  0.000e+00
     10.154     3.1765    29.0611    23.1339 3.2967e-01     0.1285      0.015    1455.63     75.848     8.3425  59.508990     5.8376     10.251  0.000e+00
     10.159     3.1769    29.0695    23.1406 3.2967e-01     0.1285      0.018    1455.64     75.841     8.3411  59.508990     5.8366     10.256  0.000e+00
     10.190     3.1755    29.0675    23.1391 3.4188e-01     0.1273      0.015    1455.64     75.835     8.3409  59.508991     5.8364     10.287  0.000e+00
     10.214     3.1746    29.0565    23.1304 3.2967e-01     0.1273      0.015    1455.62     75.831     8.3412  59.508991     5.8367     10.311  0.000e+00
     10.225     3.1735    29.0456    23.1218 3.4188e-01     0.1285      0.015    1455.60     75.828     8.3418  59.508992     5.8371     10.323  0.000e+00
     10.267     3.1726    29.0413    23.1185 3.2967e-01     0.1273      0.015    1455.59     75.828     8.3421  59.508992     5.8373     10.365  0.000e+00
     10.285     3.1732    29.0448    23.1212 3.2967e-01     0.1273      0.015    1455.60     75.828     8.3418  59.508993     5.8371     10.383  0.000e+00
     10.285     3.1738    29.0530    23.1277 3.2967e-01     0.1285      0.015    1455.61     75.829     8.3414  59.508993     5.8368     10.383  0.000e+00
     10.345     3.1749    29.0594    23.1327 3.2967e-01     0.1273      0.018    1455.63     75.769     8.3341  59.508994     5.8317     10.444  0.000e+00
     10.332     3.1772    29.0623    23.1348 3.2967e-01     0.1285      0.015    1455.64     75.764     8.3330  59.508994     5.8309     10.430  0.000e+00
     10.374     3.1799    29.0688    23.1398 3.2967e-01     0.1285      0.015    1455.66     75.762     8.3318  59.508995     5.8301     10.473  0.000e+00
     10.392     3.1809    29.0814    23.1497 3.1746e-01     0.1285      0.015    1455.68     75.761     8.3308  59.508995     5.8294     10.491  0.000e+00
     10.405     3.1802    29.0870    23.1542 3.1746e-01     0.1273      0.015    1455.68     75.699     8.3239  59.508995     5.8245     10.504  0.000e+00
     10.441     3.1780    29.0782    23.1474 3.2967e-01     0.1285      0.015    1455.66     75.695     8.3243  59.508996     5.8249     10.540  0.000e+00
     10.459     3.1768    29.0625    23.1350 3.2967e-01     0.1285      0.015    1455.64     75.619     8.3171  59.508996     5.8198     10.558  0.000e+00
     10.501     3.1761    29.0513    23.1261 3.2967e-01     0.1285      0.015    1455.62     75.664     8.3229  59.508997     5.8238     10.601  0.000e+00
     10.501     3.1784    29.0458    23.1216 3.2967e-01     0.1273      0.015    1455.63     75.592     8.3147  59.508997     5.8182     10.601  0.000e+00
     10.548     3.1808    29.0512    23.1257 3.2967e-01     0.1285      0.015    1455.64     75.641     8.3193  59.508998     5.8213     10.648  0.000e+00
     10.536     3.1827    29.0644    23.1361 3.1746e-01     0.1285      0.015    1455.67     75.636     8.3176  59.508998     5.8202     10.637  0.000e+00
     10.578     3.1831    29.0736    23.1433 3.5409e-01     0.1285      0.015    1455.68     75.570     8.3098  59.508999     5.8147     10.679  0.000e+00
     10.596     3.1848    29.0794    23.1479 3.5409e-01     0.1285      0.015    1455.70     75.498     8.3011  59.508999     5.8086     10.697  0.000e+00
     10.619     3.1915    29.0915    23.1570 3.4188e-01     0.1285      0.015    1455.74     75.481     8.2973  59.509000     5.8060     10.720  0.000e+00
     10.643     3.1999    29.1138    23.1741 3.4188e-01     0.1285      0.015    1455.81     75.458     8.2917  59.509000     5.8021     10.744  0.000e+00
     10.667     3.2044    29.1426    23.1967 3.4188e-01     0.1285      0.015    1455.87     75.510     8.2949  59.509001     5.8043     10.769  0.000e+00
     10.698     3.2060    29.1619    23.2119 3.4188e-01     0.1273      0.015    1455.90     75.448     8.2866  59.509001     5.7985     10.800  0.000e+00
     10.716     3.2071    29.1668    23.2157 3.4188e-01     0.1285      0.015    1455.91     75.442     8.2855  59.509002     5.7977     10.818  0.000e+00
     10.727     3.2088    29.1723    23.2199 3.4188e-01     0.1285      0.018    1455.92     75.429     8.2835  59.509002     5.7963     10.829  0.000e+00
     10.774     3.2076    29.1777    23.2243 3.4188e-01     0.1285      0.015    1455.93     75.429     8.2834  59.509003     5.7962     10.877  0.000e+00
     10.774     3.2116    29.1676    23.2160 3.2967e-01     0.1273      0.015    1455.93     75.357     8.2752  59.509003     5.7905     10.877  0.000e+00
     10.805     3.2186    29.1692    23.2167 3.2967e-01     0.1285      0.015    1455.96     75.406     8.2791  59.509004     5.7932     10.908  0.000e+00
     10.834     3.2208    29.1903    23.2333 3.2967e-01     0.1273      0.015    1456.00     75.340     8.2701  59.509004     5.7870     10.937  0.000e+00
     10.859     3.2236    29.2040    23.2440 3.4188e-01     0.1285      0.015    1456.03     75.267     8.2608  59.509005     5.7804     10.962  0.000e+00
     10.883     3.2287    29.2115    23.2496 3.5409e-01     0.1285      0.015    1456.06     75.251     8.2576  59.509005     5.7782     10.986  0.000e+00
