RAWDATA/20190228/Gp1_20190228_down.cnv
* Sea-Bird SBE 9 Data File:
* FileName = C:\CTD Brukere\NIVA\IO2019\20190228\Gp1_20190228.hex
* Software Version Seasave V 7.23.2
* Temperature SN = 5352
* Conductivity SN = 3840
* Number of Bytes Per Scan = 28
* Number of Voltage Words = 4
* Number of Scans Averaged by the Deck Unit = 1
* NMEA baud rate = 4800
** Ship: R/V Trygve Braarud
** Cruise:
** Station:
** Operator:
# nquan = 14
# nvalues = 1125                                  
# units = specified
# name 0 = depSM: Depth [salt water, m], lat = 59.60
# name 1 = t090C: Temperature [ITS-90, deg C]
# name 2 = sal00: Salinity, Practical [PSU]
# name 3 = sigma-t00: Density [sigma-t, kg/m^3 ]
# name 4 = flSP: Fluorescence, Seapoint
# name 5 = wetStar: Fluorescence, WET Labs WETstar [mg/m^3]
# name 6 = seaTurbMtr: Turbidity, Seapoint [FTU]
# name 7 = svCM: Sound Velocity [Chen-Millero, m/s]
# name 8 = sbeox0PS: Oxygen, SBE 43 [% saturation]
# name 9 = sbeox0Mg/L: Oxygen, SBE 43 [mg/l]
# name 10 = timeJ: Julian Days
# name 11 = sbeox0ML/L: Oxygen, SBE 43 [ml/l]
# name 12 = prDM: Pressure, Digiquartz [db]
# name 13 = flag:  0.000e+00
# span 0 =     -0.244,     14.518                 
# span 1 =     2.8420,     4.6228                 
# span 2 =    12.8921,    31.0042                 
# span 3 =    10.2791,    24.5548                 
# span 4 = 2.5641e-01, 1.8315e+00                 
# span 5 =     0.1261,     0.1298                 
# span 6 =      0.007,      0.018                 
# span 7 =    1433.23,    1464.27                 
# span 8 =     62.484,     77.701                 
# span 9 =     6.6326,     8.8266                 
# span 10 =  59.508657,  59.509199                
# span 11 =     4.6411,     6.1763                
# span 12 =     -0.247,     14.656                
# span 13 = 0.0000e+00, 0.0000e+00                
# interval = seconds: 0.0416667
# start_time = Feb 28 2019 12:12:28 [System UpLoad Time]
# bad_flag = -9.990e-29
*END*
[from data line 517]
      6.298     3.1134    27.9341    22.2410 2.6862e-01     0.1273      0.015    1453.84     77.351     8.5867  59.508907     6.0085      6.358  0.000e+00
      6.344     3.1112    27.9581    22.2603 2.6862e-01     0.1285      0.015    1453.86     77.337     8.5843  59.508907     6.0068      6.404  0.000e+00
      6.358     3.1093    27.9877    22.2840 2.6862e-01     0.1273      0.015    1453.89     77.384     8.5881  59.508908     6.0095      6.419  0.000e+00
      6.366     3.1081    28.0262    22.3148 2.6862e-01     0.1273      0.015    1453.93     77.308     8.5778  59.508908     6.0022      6.427  0.000e+00
      6.405     3.1075    28.0636    22.3446 2.5641e-01     0.1285      0.015    1453.98     77.294     8.5742  59.508909     5.9997      6.466  0.000e+00
      6.418     3.1065    28.0910    22.3665 2.5641e-01     0.1273      0.015    1454.01     77.277     8.5709  59.508909     5.9974      6.479  0.000e+00
      6.450     3.1065    28.1113    22.3827 2.5641e-01     0.1285      0.015    1454.04     77.258     8.5675  59.508910     5.9951      6.512  0.000e+00
      6.465     3.1065    28.1174    22.3876 2.6862e-01     0.1273      0.015    1454.05     77.235     8.5647  59.508910     5.9931      6.526  0.000e+00
      6.478     3.1064    28.1213    22.3907 2.6862e-01     0.1285      0.015    1454.05     77.220     8.5628  59.508911     5.9917      6.540  0.000e+00
      6.497     3.1064    28.1288    22.3967 2.6862e-01     0.1273      0.015    1454.06     77.202     8.5603  59.508911     5.9900      6.559  0.000e+00
      6.525     3.1062    28.1373    22.4035 2.6862e-01     0.1285      0.015    1454.07     77.182     8.5577  59.508912     5.9881      6.587  0.000e+00
      6.557     3.1064    28.1435    22.4084 2.6862e-01     0.1285      0.015    1454.08     77.160     8.5548  59.508912     5.9861      6.620  0.000e+00
      6.574     3.1065    28.1464    22.4107 2.6862e-01     0.1285      0.015    1454.09     77.135     8.5519  59.508913     5.9841      6.636  0.000e+00
      6.596     3.1073    28.1458    22.4101 2.6862e-01     0.1273      0.015    1454.09     77.117     8.5498  59.508913     5.9826      6.659  0.000e+00
      6.617     3.1089    28.1420    22.4070 2.6862e-01     0.1273      0.015    1454.09     77.098     8.5475  59.508913     5.9810      6.680  0.000e+00
      6.633     3.1099    28.1383    22.4040 2.6862e-01     0.1285      0.015    1454.09     77.085     8.5461  59.508914     5.9801      6.696  0.000e+00
      6.666     3.1112    28.1387    22.4042 2.9304e-01     0.1285      0.015    1454.10     77.062     8.5433  59.508914     5.9781      6.729  0.000e+00
      6.680     3.1132    28.1482    22.4116 2.9304e-01     0.1285      0.015    1454.12     77.047     8.5406  59.508915     5.9762      6.744  0.000e+00
      6.692     3.1151    28.1758    22.4334 2.9304e-01     0.1273      0.015    1454.16     77.030     8.5366  59.508915     5.9734      6.755  0.000e+00
      6.726     3.1154    28.2094    22.4602 3.0525e-01     0.1285      0.015    1454.21     77.011     8.5326  59.508916     5.9706      6.790  0.000e+00
      6.740     3.1156    28.2137    22.4636 2.9304e-01     0.1285      0.015    1454.22     77.001     8.5312  59.508916     5.9696      6.804  0.000e+00
      6.761     3.1160    28.2057    22.4572 2.9304e-01     0.1285      0.015    1454.21     76.989     8.5303  59.508917     5.9690      6.826  0.000e+00
      6.776     3.1160    28.2070    22.4583 2.9304e-01     0.1273      0.015    1454.21     76.977     8.5288  59.508917     5.9679      6.840  0.000e+00
      6.776     3.1162    28.2147    22.4644 2.9304e-01     0.1273      0.015    1454.22     76.963     8.5268  59.508918     5.9665      6.840  0.000e+00
      6.857     3.1167    28.2248    22.4723 2.8083e-01     0.1285      0.015    1454.24     76.949     8.5245  59.508918     5.9649      6.922  0.000e+00
      6.836     3.1165    28.2354    22.4808 2.8083e-01     0.1273      0.015    1454.25     76.932     8.5221  59.508919     5.9633      6.901  0.000e+00
      6.868     3.1159    28.2457    22.4891 2.8083e-01     0.1273      0.015    1454.26     76.915     8.5198  59.508919     5.9616      6.934  0.000e+00
      6.884     3.1151    28.2518    22.4939 2.8083e-01     0.1273      0.015    1454.27     76.897     8.5176  59.508920     5.9601      6.950  0.000e+00
      6.904     3.1144    28.2554    22.4969 2.8083e-01     0.1273      0.018    1454.27     76.878     8.5154  59.508920     5.9586      6.969  0.000e+00
      6.931     3.1137    28.2602    22.5008 2.8083e-01     0.1273      0.015    1454.27     76.803     8.5070  59.508921     5.9527      6.997  0.000e+00
      6.943     3.1128    28.2648    22.5045 2.8083e-01     0.1285      0.015    1454.27     76.847     8.5117  59.508921     5.9560      7.009  0.000e+00
      6.964     3.1118    28.2680    22.5072 2.6862e-01     0.1285      0.015    1454.27     76.771     8.5034  59.508922     5.9502      7.030  0.000e+00
      7.003     3.1112    28.2672    22.5066 2.6862e-01     0.1285      0.015    1454.27     76.823     8.5093  59.508922     5.9543      7.069  0.000e+00
      7.012     3.1114    28.2542    22.4962 2.8083e-01     0.1273      0.015    1454.25     76.746     8.5015  59.508923     5.9488      7.079  0.000e+00
      7.038     3.1102    28.2323    22.4788 2.8083e-01     0.1273      0.015    1454.22     76.733     8.5016  59.508923     5.9489      7.105  0.000e+00
      7.048     3.1073    28.2207    22.4698 2.8083e-01     0.1285      0.015    1454.19     76.721     8.5015  59.508924     5.9489      7.115  0.000e+00
      7.076     3.1031    28.2416    22.4868 2.8083e-01     0.1273      0.015    1454.20     76.709     8.4999  59.508924     5.9477      7.143  0.000e+00
      7.108     3.0992    28.2876    22.5237 2.9304e-01     0.1273      0.015    1454.25     76.697     8.4967  59.508925     5.9455      7.175  0.000e+00
      7.111     3.0974    28.3365    22.5628 2.9304e-01     0.1285      0.015    1454.30     76.684     8.4929  59.508925     5.9428      7.179  0.000e+00
      7.147     3.0964    28.3637    22.5845 2.9304e-01     0.1285      0.018    1454.33     76.672     8.4901  59.508926     5.9409      7.215  0.000e+00
      7.166     3.0963    28.3764    22.5947 2.9304e-01     0.1273      0.015    1454.35     76.659     8.4879  59.508926     5.9394      7.234  0.000e+00
      7.182     3.0963    28.3805    22.5979 3.0525e-01     0.1285      0.015    1454.35     76.646     8.4863  59.508927     5.9382      7.251  0.000e+00
      7.203     3.0968    28.3803    22.5977 2.9304e-01     0.1285      0.015    1454.36     76.632     8.4847  59.508927     5.9371      7.272  0.000e+00
      7.231     3.0970    28.3805    22.5979 2.9304e-01     0.1273      0.015    1454.36     76.620     8.4832  59.508927     5.9361      7.300  0.000e+00
      7.239     3.0974    28.3845    22.6010 2.9304e-01     0.1273      0.015    1454.37     76.616     8.4825  59.508928     5.9356      7.308  0.000e+00
      7.278     3.0977    28.3937    22.6083 3.0525e-01     0.1273      0.015    1454.38     76.603     8.4805  59.508928     5.9342      7.347  0.000e+00
      7.286     3.0981    28.4076    22.6194 3.0525e-01     0.1273      0.015    1454.40     76.536     8.4722  59.508929     5.9284      7.355  0.000e+00
      7.314     3.0986    28.4176    22.6273 2.9304e-01     0.1273      0.015    1454.42     76.525     8.4703  59.508929     5.9270      7.383  0.000e+00
      7.335     3.0992    28.4176    22.6273 2.8083e-01     0.1285      0.015    1454.42     76.504     8.4679  59.508930     5.9253      7.404  0.000e+00
      7.349     3.0994    28.4099    22.6211 2.8083e-01     0.1285      0.015    1454.41     76.494     8.4671  59.508930     5.9248      7.419  0.000e+00
      7.370     3.0997    28.3980    22.6116 2.9304e-01     0.1273      0.015    1454.40     76.484     8.4667  59.508931     5.9245      7.440  0.000e+00
      7.398     3.1000    28.3850    22.6013 2.9304e-01     0.1273      0.015    1454.38     76.485     8.4674  59.508931     5.9250      7.468  0.000e+00
      7.422     3.1000    28.3762    22.5942 2.8083e-01     0.1273      0.015    1454.37     76.477     8.4671  59.508932     5.9248      7.493  0.000e+00
      7.453     3.0995    28.3777    22.5954 2.8083e-01     0.1285      0.015    1454.37     76.471     8.4664  59.508932     5.9243      7.524  0.000e+00
      7.458     3.0998    28.3798    22.5971 2.8083e-01     0.1285      0.015    1454.37     76.400     8.4584  59.508933     5.9187      7.529  0.000e+00
      7.490     3.0995    28.3695    22.5889 2.8083e-01     0.1285      0.015    1454.36     76.450     8.4646  59.508933     5.9230      7.561  0.000e+00
      7.518     3.0983    28.3591    22.5807 2.8083e-01     0.1285      0.015    1454.34     76.383     8.4580  59.508934     5.9184      7.589  0.000e+00
      7.526     3.0978    28.3649    22.5853 2.8083e-01     0.1273      0.015    1454.35     76.370     8.4564  59.508934     5.9173      7.597  0.000e+00
      7.553     3.0970    28.3861    22.6023 2.9304e-01     0.1285      0.015    1454.37     76.359     8.4541  59.508935     5.9157      7.625  0.000e+00
      7.586     3.0958    28.4042    22.6169 2.9304e-01     0.1273      0.015    1454.39     76.350     8.4523  59.508935     5.9144      7.658  0.000e+00
      7.600     3.0947    28.4184    22.6282 3.0525e-01     0.1285      0.015    1454.40     76.341     8.4507  59.508936     5.9133      7.672  0.000e+00
      7.621     3.0939    28.4327    22.6397 3.0525e-01     0.1273      0.015    1454.42     76.334     8.4492  59.508936     5.9123      7.694  0.000e+00
      7.649     3.0933    28.4474    22.6515 3.0525e-01     0.1273      0.015    1454.44     76.327     8.4478  59.508937     5.9113      7.721  0.000e+00
      7.668     3.0925    28.4621    22.6632 3.1746e-01     0.1273      0.015    1454.45     76.322     8.4465  59.508937     5.9104      7.741  0.000e+00
      7.696     3.0916    28.4774    22.6754 3.6630e-01     0.1285      0.015    1454.47     76.318     8.4454  59.508938     5.9096      7.769  0.000e+00
      7.717     3.0919    28.4923    22.6873 4.5177e-01     0.1285      0.015    1454.49     76.251     8.4371  59.508938     5.9038      7.790  0.000e+00
      7.744     3.0930    28.5069    22.6988 4.2735e-01     0.1273      0.015    1454.51     76.240     8.4348  59.508939     5.9022      7.818  0.000e+00
      7.777     3.0935    28.5196    22.7090 3.9072e-01     0.1285      0.015    1454.53     76.231     8.4330  59.508939     5.9009      7.851  0.000e+00
      7.780     3.0928    28.5501    22.7333 3.5409e-01     0.1273      0.018    1454.57     76.287     8.4375  59.508940     5.9041      7.854  0.000e+00
      7.824     3.0927    28.5944    22.7686 3.2967e-01     0.1285      0.015    1454.63     76.226     8.4283  59.508940     5.8976      7.898  0.000e+00
      7.840     3.0925    28.6221    22.7906 3.2967e-01     0.1273      0.015    1454.66     76.221     8.4261  59.508940     5.8961      7.914  0.000e+00
      7.859     3.0931    28.6272    22.7947 3.4188e-01     0.1273      0.015    1454.67     76.217     8.4253  59.508941     5.8955      7.934  0.000e+00
      7.895     3.0931    28.6150    22.7850 3.5409e-01     0.1273      0.015    1454.66     76.215     8.4258  59.508941     5.8959      7.970  0.000e+00
      7.900     3.0938    28.5989    22.7721 3.4188e-01     0.1273      0.018    1454.64     76.214     8.4265  59.508942     5.8964      7.975  0.000e+00
      7.943     3.0939    28.5991    22.7722 3.2967e-01     0.1285      0.015    1454.64     76.215     8.4266  59.508942     5.8964      8.019  0.000e+00
      7.960     3.0944    28.6187    22.7878 3.2967e-01     0.1273      0.015    1454.67     76.154     8.4186  59.508943     5.8908      8.035  0.000e+00
      7.979     3.0949    28.6432    22.8073 3.1746e-01     0.1285      0.015    1454.70     76.149     8.4166  59.508943     5.8894      8.055  0.000e+00
      7.995     3.0956    28.6608    22.8213 3.2967e-01     0.1273      0.015    1454.73     76.146     8.4151  59.508944     5.8884      8.071  0.000e+00
      8.039     3.0969    28.6786    22.8353 3.4188e-01     0.1273      0.015    1454.76     76.136     8.4126  59.508944     5.8867      8.115  0.000e+00
      8.067     3.0983    28.7024    22.8542 3.4188e-01     0.1285      0.015    1454.79     76.136     8.4110  59.508945     5.8855      8.143  0.000e+00
      8.050     3.1005    28.7236    22.8710 3.2967e-01     0.1273      0.015    1454.83     76.192     8.4155  59.508945     5.8887      8.127  0.000e+00
      8.102     3.1014    28.7345    22.8795 3.2967e-01     0.1273      0.015    1454.85     76.141     8.4091  59.508946     5.8842      8.179  0.000e+00
      8.135     3.1017    28.7173    22.8659 3.4188e-01     0.1285      0.015    1454.83     76.138     8.4096  59.508946     5.8845      8.212  0.000e+00
      8.151     3.1058    28.6953    22.8480 4.3956e-01     0.1273      0.015    1454.82     76.134     8.4096  59.508947     5.8846      8.228  0.000e+00
      8.170     3.1081    28.6996    22.8512 4.3956e-01     0.1285      0.015    1454.84     76.133     8.4087  59.508947     5.8839      8.248  0.000e+00
      8.194     3.1106    28.7162    22.8642 4.0293e-01     0.1285      0.015    1454.87     76.133     8.4073  59.508948     5.8829      8.272  0.000e+00
      8.222     3.1159    28.7342    22.8782 3.6630e-01     0.1273      0.015    1454.91     76.134     8.4053  59.508948     5.8815      8.300  0.000e+00
      8.241     3.1206    28.7647    22.9022 3.4188e-01     0.1273      0.015    1454.97     76.137     8.4028  59.508949     5.8798      8.320  0.000e+00
      8.271     3.1250    28.7982    22.9285 3.4188e-01     0.1273      0.015    1455.04     76.141     8.4005  59.508949     5.8782      8.349  0.000e+00
      8.277     3.1284    28.8253    22.9498 3.2967e-01     0.1273      0.015    1455.09     76.147     8.3989  59.508950     5.8770      8.356  0.000e+00
      8.318     3.1315    28.8492    22.9686 3.2967e-01     0.1273      0.015    1455.13     76.155     8.3977  59.508950     5.8762      8.397  0.000e+00
      8.337     3.1332    28.8604    22.9774 3.1746e-01     0.1273      0.015    1455.15     76.100     8.3907  59.508951     5.8713      8.416  0.000e+00
      8.361     3.1343    28.8543    22.9724 3.1746e-01     0.1273      0.015    1455.15     76.103     8.3911  59.508951     5.8716      8.441  0.000e+00
      8.390     3.1349    28.8451    22.9651 3.1746e-01     0.1285      0.015    1455.14     76.107     8.3919  59.508952     5.8722      8.470  0.000e+00
      8.421     3.1351    28.8411    22.9619 3.0525e-01     0.1285      0.015    1455.14     76.113     8.3928  59.508952     5.8728      8.501  0.000e+00
      8.426     3.1355    28.8370    22.9586 3.1746e-01     0.1285      0.015    1455.14     76.112     8.3928  59.508953     5.8728      8.506  0.000e+00
      8.457     3.1362    28.8281    22.9515 3.2967e-01     0.1285      0.015    1455.13     76.112     8.3932  59.508953     5.8731      8.537  0.000e+00
      8.486     3.1371    28.8198    22.9448 3.2967e-01     0.1273      0.015    1455.12     76.114     8.3936  59.508954     5.8734      8.567  0.000e+00
      8.505     3.1374    28.8130    22.9393 3.2967e-01     0.1285      0.015    1455.11     76.053     8.3873  59.508954     5.8689      8.586  0.000e+00
      8.541     3.1390    28.8066    22.9341 3.1746e-01     0.1273      0.015    1455.11     76.049     8.3869  59.508954     5.8686      8.622  0.000e+00
      8.546     3.1421    28.8111    22.9375 3.1746e-01     0.1273      0.015    1455.13     76.046     8.3856  59.508955     5.8678      8.627  0.000e+00
      8.577     3.1443    28.8302    22.9525 3.1746e-01     0.1273      0.015    1455.17     76.109     8.3911  59.508955     5.8716      8.658  0.000e+00
