RAWDATA/20190228/Gp1_20190228_down.cnv
* Sea-Bird SBE 9 Data File:
* FileName = C:\CTD Brukere\NIVA\IO2019\20190228\Gp1_20190228.hex
* Software Version Seasave V 7.23.2
* Temperature SN = 5352
* Conductivity SN = 3840
* Number of Bytes Per Scan = 28
* Number of Voltage Words = 4
* Number of Scans Averaged by the Deck Unit = 1
* NMEA baud rate = 4800
** Ship: R/V Trygve Braarud
** Cruise:
** Station:
** Operator:
# nquan = 14
# nvalues = 1125                                  
# units = specified
# name 0 = depSM: Depth [salt water, m], lat = 59.60
# name 1 = t090C: Temperature [ITS-90, deg C]
# name 2 = sal00: Salinity, Practical [PSU]
# name 3 = sigma-t00: Density [sigma-t, kg/m^3 ]
# name 4 = flSP: Fluorescence, Seapoint
# name 5 = wetStar: Fluorescence, WET Labs WETstar [mg/m^3]
# name 6 = seaTurbMtr: Turbidity, Seapoint [FTU]
# name 7 = svCM: Sound Velocity [Chen-Millero, m/s]
# name 8 = sbeox0PS: Oxygen, SBE 43 [% saturation]
# name 9 = sbeox0Mg/L: Oxygen, SBE 43 [mg/l]
# name 10 = timeJ: Julian Days
# name 11 = sbeox0ML/L: Oxygen, SBE 43 [ml/l]
# name 12 = prDM: Pressure, Digiquartz [db]
# name 13 = flag:  0.000e+00
# span 0 =     -0.244,     14.518                 
# span 1 =     2.8420,     4.6228                 
# span 2 =    12.8921,    31.0042                 
# span 3 =    10.2791,    24.5548                 
# span 4 = 2.5641e-01, 1.8315e+00                 
# span 5 =     0.1261,     0.1298                 
# span 6 =      0.007,      0.018                 
# span 7 =    1433.23,    1464.27                 
# span 8 =     62.484,     77.701                 
# span 9 =     6.6326,     8.8266                 
# span 10 =  59.508657,  59.509199                
# span 11 =     4.6411,     6.1763                
# span 12 =     -0.247,     14.656                
# span 13 = 0.0000e+00, 0.0000e+00                
# interval = seconds: 0.0416667
# start_time = Feb 28 2019 12:12:28 [System UpLoad Time]
# bad_flag = -9.990e-29
*END*
[from data line 104]
     -0.091     2.8619    13.1529    10.4871 1.3919e+00     0.1261      0.011    1433.52     71.229     8.8003  59.508708     6.1579     -0.091  0.000e+00
     -0.078     2.8618    13.1057    10.4495 1.3675e+00     0.1273      0.011    1433.45     71.240     8.8045  59.508708     6.1608     -0.078  0.000e+00
     -0.092     2.8618    13.0783    10.4277 1.3309e+00     0.1273      0.011    1433.42     71.186     8.7994  59.508709     6.1573     -0.093  0.000e+00
     -0.091     2.8624    13.0491    10.4044 1.2943e+00     0.1261      0.011    1433.38     71.250     8.8089  59.508709     6.1640     -0.091  0.000e+00
     -0.091     2.8639    13.0329    10.3915 1.2698e+00     0.1261      0.015    1433.37     71.259     8.8106  59.508709     6.1651     -0.091  0.000e+00
     -0.091     2.8670    13.0021    10.3669 1.2943e+00     0.1261      0.011    1433.34     71.266     8.8126  59.508710     6.1666     -0.091  0.000e+00
     -0.079     2.8702    12.9581    10.3318 1.2943e+00     0.1261      0.011    1433.30     71.273     8.8154  59.508710     6.1685     -0.080  0.000e+00
     -0.091     2.8719    12.9208    10.3020 1.2821e+00     0.1273      0.015    1433.26     71.279     8.8180  59.508711     6.1703     -0.091  0.000e+00
     -0.078     2.8731    12.8934    10.2801 1.2454e+00     0.1273      0.011    1433.23     71.284     8.8200  59.508711     6.1717     -0.078  0.000e+00
     -0.092     2.8734    12.8921    10.2791 1.2088e+00     0.1261      0.011    1433.23     71.289     8.8206  59.508712     6.1721     -0.093  0.000e+00
     -0.091     2.8720    12.9016    10.2867 1.2088e+00     0.1273      0.011    1433.24     71.293     8.8209  59.508712     6.1724     -0.091  0.000e+00
     -0.066     2.8697    12.9310    10.3102 1.2210e+00     0.1261      0.011    1433.26     71.297     8.8202  59.508713     6.1719     -0.067  0.000e+00
     -0.102     2.8675    12.9568    10.3308 1.2454e+00     0.1261      0.011    1433.29     71.300     8.8195  59.508713     6.1714     -0.103  0.000e+00
     -0.079     2.8668    12.9647    10.3371 1.2821e+00     0.1261      0.007    1433.29     71.303     8.8195  59.508714     6.1714     -0.080  0.000e+00
     -0.078     2.8663    12.9754    10.3456 1.2698e+00     0.1261      0.007    1433.31     71.304     8.8191  59.508714     6.1711     -0.078  0.000e+00
     -0.078     2.8667    12.9893    10.3567 1.2576e+00     0.1261      0.011    1433.33     71.304     8.8182  59.508715     6.1705     -0.078  0.000e+00
     -0.079     2.8685    12.9926    10.3593 1.2332e+00     0.1261      0.007    1433.34     71.367     8.8254  59.508715     6.1755     -0.080  0.000e+00
     -0.091     2.8714    13.0016    10.3664 1.2210e+00     0.1261      0.011    1433.36     71.374     8.8250  59.508716     6.1752     -0.091  0.000e+00
     -0.078     2.8730    13.0154    10.3773 1.1844e+00     0.1261      0.011    1433.39     71.380     8.8246  59.508716     6.1749     -0.078  0.000e+00
     -0.078     2.8738    13.0185    10.3797 1.1722e+00     0.1261      0.011    1433.40     71.385     8.8249  59.508717     6.1751     -0.078  0.000e+00
     -0.079     2.8740    13.0186    10.3798 1.2210e+00     0.1273      0.011    1433.40     71.389     8.8253  59.508717     6.1755     -0.080  0.000e+00
     -0.091     2.8734    13.0108    10.3736 1.2698e+00     0.1261      0.011    1433.38     71.393     8.8263  59.508718     6.1761     -0.091  0.000e+00
     -0.066     2.8732    12.9915    10.3582 1.2821e+00     0.1273      0.015    1433.36     71.331     8.8199  59.508718     6.1716     -0.067  0.000e+00
     -0.091     2.8724    12.9987    10.3641 1.2943e+00     0.1261      0.011    1433.36     71.387     8.8266  59.508719     6.1763     -0.091  0.000e+00
     -0.079     2.8714    13.0563    10.4100 1.3065e+00     0.1261      0.011    1433.43     71.387     8.8233  59.508719     6.1741     -0.080  0.000e+00
     -0.078     2.8711    13.1199    10.4606 1.3187e+00     0.1273      0.015    1433.52     71.386     8.8195  59.508720     6.1714     -0.078  0.000e+00
     -0.078     2.8722    13.1885    10.5152 1.3187e+00     0.1261      0.011    1433.61     71.383     8.8148  59.508720     6.1681     -0.078  0.000e+00
     -0.079     2.8719    13.2926    10.5981 1.3431e+00     0.1261      0.007    1433.74     71.380     8.8082  59.508721     6.1635     -0.080  0.000e+00
     -0.078     2.8689    13.3526    10.6460 1.3675e+00     0.1273      0.011    1433.81     71.386     8.8060  59.508721     6.1619     -0.078  0.000e+00
     -0.078     2.8672    13.4143    10.6952 1.3431e+00     0.1273      0.011    1433.88     71.381     8.8021  59.508722     6.1592     -0.078  0.000e+00
     -0.091     2.8677    13.4607    10.7321 1.3431e+00     0.1273      0.011    1433.94     71.374     8.7984  59.508722     6.1566     -0.091  0.000e+00
     -0.079     2.8699    13.4515    10.7247 1.2943e+00     0.1261      0.011    1433.94     71.366     8.7974  59.508723     6.1559     -0.080  0.000e+00
     -0.091     2.8721    13.4698    10.7393 1.2210e+00     0.1261      0.007    1433.97     71.357     8.7947  59.508723     6.1540     -0.091  0.000e+00
     -0.078     2.8739    13.4419    10.7169 1.2088e+00     0.1261      0.011    1433.94     71.410     8.8025  59.508723     6.1595     -0.078  0.000e+00
     -0.078     2.8752    13.3946    10.6793 1.2454e+00     0.1273      0.011    1433.89     71.408     8.8048  59.508724     6.1611     -0.078  0.000e+00
     -0.079     2.8767    13.3814    10.6687 1.2576e+00     0.1261      0.011    1433.88     71.349     8.7980  59.508724     6.1563     -0.080  0.000e+00
     -0.091     2.8782    13.3527    10.6458 1.2576e+00     0.1261      0.011    1433.85     71.409     8.8067  59.508725     6.1624     -0.091  0.000e+00
     -0.078     2.8788    13.3719    10.6611 1.2698e+00     0.1273      0.011    1433.88     71.349     8.7980  59.508725     6.1563     -0.078  0.000e+00
     -0.092     2.8796    13.4100    10.6914 1.3431e+00     0.1273      0.011    1433.93     71.406     8.8026  59.508726     6.1596     -0.093  0.000e+00
     -0.091     2.8796    13.4187    10.6983 1.3553e+00     0.1261      0.011    1433.94     71.344     8.7945  59.508726     6.1539     -0.091  0.000e+00
     -0.091     2.8797    13.4678    10.7375 1.3065e+00     0.1261      0.007    1434.00     71.336     8.7905  59.508727     6.1511     -0.091  0.000e+00
     -0.091     2.8794    13.4833    10.7498 1.2576e+00     0.1261      0.011    1434.02     71.391     8.7964  59.508727     6.1552     -0.091  0.000e+00
     -0.079     2.8792    13.4830    10.7495 1.2454e+00     0.1261      0.011    1434.02     71.327     8.7886  59.508728     6.1497     -0.080  0.000e+00
     -0.091     2.8788    13.5007    10.7636 1.2576e+00     0.1261      0.007    1434.04     71.316     8.7863  59.508728     6.1481     -0.091  0.000e+00
     -0.091     2.8800    13.5025    10.7651 1.2454e+00     0.1261      0.011    1434.05     71.368     8.7923  59.508729     6.1524     -0.091  0.000e+00
     -0.079     2.8811    13.5387    10.7939 1.2576e+00     0.1273      0.011    1434.10     71.374     8.7907  59.508729     6.1512     -0.080  0.000e+00
     -0.102     2.8828    13.5686    10.8177 1.3065e+00     0.1261      0.011    1434.15     71.370     8.7879  59.508730     6.1493     -0.103  0.000e+00
     -0.078     2.8836    13.5757    10.8233 1.3187e+00     0.1273      0.011    1434.16     71.374     8.7878  59.508730     6.1492     -0.078  0.000e+00
     -0.091     2.8815    13.6189    10.8578 1.3675e+00     0.1261      0.007    1434.21     71.378     8.7862  59.508731     6.1480     -0.091  0.000e+00
     -0.092     2.8782    13.6565    10.8878 1.4286e+00     0.1273      0.011    1434.24     71.381     8.7851  59.508731     6.1473     -0.093  0.000e+00
     -0.091     2.8760    13.7045    10.9261 1.4286e+00     0.1261      0.011    1434.29     71.383     8.7830  59.508732     6.1458     -0.091  0.000e+00
     -0.091     2.8748    13.7749    10.9821 1.3919e+00     0.1273      0.011    1434.38     71.375     8.7781  59.508732     6.1424     -0.091  0.000e+00
     -0.091     2.8738    13.8496    11.0417 1.3675e+00     0.1273      0.011    1434.47     71.375     8.7739  59.508733     6.1394     -0.091  0.000e+00
     -0.092     2.8731    13.9354    11.1100 1.3309e+00     0.1273      0.011    1434.58     71.375     8.7688  59.508733     6.1359     -0.093  0.000e+00
     -0.091     2.8732    14.0102    11.1696 1.3187e+00     0.1273      0.011    1434.68     71.373     8.7642  59.508734     6.1326     -0.091  0.000e+00
     -0.102     2.8721    14.0630    11.2117 1.3431e+00     0.1261      0.011    1434.74     71.371     8.7610  59.508734     6.1304     -0.103  0.000e+00
     -0.092     2.8728    14.1273    11.2628 1.3553e+00     0.1273      0.011    1434.83     71.368     8.7566  59.508735     6.1274     -0.093  0.000e+00
     -0.091     2.8737    14.1558    11.2855 1.3919e+00     0.1273      0.011    1434.87     71.364     8.7542  59.508735     6.1257     -0.091  0.000e+00
     -0.113     2.8747    14.1715    11.2980 1.3675e+00     0.1261      0.011    1434.89     71.359     8.7525  59.508736     6.1245     -0.114  0.000e+00
     -0.102     2.8758    14.1734    11.2994 1.3309e+00     0.1261      0.007    1434.90     71.354     8.7514  59.508736     6.1237     -0.103  0.000e+00
     -0.092     2.8765    14.1273    11.2627 1.3553e+00     0.1261      0.011    1434.84     71.347     8.7533  59.508736     6.1250     -0.093  0.000e+00
     -0.113     2.8772    14.1212    11.2578 1.3919e+00     0.1273      0.007    1434.84     71.340     8.7526  59.508737     6.1246     -0.114  0.000e+00
     -0.102     2.8774    14.0987    11.2399 1.3919e+00     0.1273      0.007    1434.81     71.333     8.7530  59.508737     6.1248     -0.103  0.000e+00
     -0.115     2.8780    13.9791    11.1447 1.3675e+00     0.1261      0.011    1434.66     71.388     8.7667  59.508738     6.1344     -0.116  0.000e+00
     -0.102     2.8785    13.9047    11.0854 1.3797e+00     0.1261      0.007    1434.56     71.388     8.7710  59.508738     6.1374     -0.103  0.000e+00
     -0.113     2.8791    13.8400    11.0339 1.4042e+00     0.1273      0.011    1434.48     71.332     8.7679  59.508739     6.1352     -0.114  0.000e+00
     -0.113     2.8791    13.7864    10.9912 1.4286e+00     0.1273      0.011    1434.41     71.394     8.7787  59.508739     6.1428     -0.114  0.000e+00
     -0.115     2.8788    13.7981    11.0005 1.4164e+00     0.1273      0.011    1434.43     71.337     8.7711  59.508740     6.1375     -0.116  0.000e+00
     -0.126     2.8786    13.7928    10.9963 1.4164e+00     0.1273      0.011    1434.42     71.398     8.7789  59.508740     6.1430     -0.127  0.000e+00
     -0.102     2.8785    13.8162    11.0149 1.3919e+00     0.1261      0.007    1434.45     71.404     8.7783  59.508741     6.1425     -0.103  0.000e+00
     -0.151     2.8784    13.9027    11.0838 1.3553e+00     0.1273      0.011    1434.56     71.408     8.7737  59.508741     6.1393     -0.152  0.000e+00
     -0.091     2.8780    13.9883    11.1520 1.3309e+00     0.1273      0.011    1434.67     71.404     8.7681  59.508742     6.1354     -0.091  0.000e+00
     -0.113     2.8782    14.1232    11.2594 1.2943e+00     0.1261      0.011    1434.84     71.406     8.7604  59.508742     6.1300     -0.114  0.000e+00
     -0.126     2.8783    14.1807    11.3052 1.2698e+00     0.1273      0.011    1434.92     71.472     8.7650  59.508743     6.1332     -0.127  0.000e+00
     -0.115     2.8785    14.1937    11.3155 1.2698e+00     0.1273      0.011    1434.94     71.419     8.7576  59.508743     6.1281     -0.116  0.000e+00
     -0.113     2.8772    14.2038    11.3236 1.2943e+00     0.1261      0.011    1434.94     71.420     8.7574  59.508744     6.1279     -0.114  0.000e+00
     -0.113     2.8757    14.1907    11.3132 1.3797e+00     0.1273      0.011    1434.92     71.483     8.7663  59.508744     6.1342     -0.114  0.000e+00
     -0.126     2.8744    14.1958    11.3173 1.4530e+00     0.1261      0.011    1434.92     71.427     8.7594  59.508745     6.1293     -0.127  0.000e+00
     -0.104     2.8723    14.2028    11.3230 1.4652e+00     0.1261      0.011    1434.92     71.426     8.7593  59.508745     6.1293     -0.105  0.000e+00
     -0.126     2.8713    14.1508    11.2816 1.4652e+00     0.1273      0.011    1434.85     71.486     8.7701  59.508746     6.1368     -0.127  0.000e+00
     -0.113     2.8705    14.1223    11.2589 1.4408e+00     0.1261      0.007    1434.81     71.492     8.7726  59.508746     6.1386     -0.114  0.000e+00
     -0.115     2.8698    14.1102    11.2493 1.4164e+00     0.1261      0.011    1434.79     71.495     8.7740  59.508747     6.1395     -0.116  0.000e+00
     -0.113     2.8695    14.0760    11.2221 1.3675e+00     0.1273      0.011    1434.74     71.508     8.7776  59.508747     6.1420     -0.114  0.000e+00
     -0.113     2.8694    14.0680    11.2157 1.3309e+00     0.1261      0.011    1434.73     71.519     8.7795  59.508748     6.1434     -0.114  0.000e+00
     -0.126     2.8689    14.0395    11.1930 1.2943e+00     0.1273      0.011    1434.69     71.520     8.7814  59.508748     6.1447     -0.127  0.000e+00
     -0.104     2.8689    14.0097    11.1693 1.3431e+00     0.1273      0.011    1434.66     71.530     8.7844  59.508749     6.1468     -0.105  0.000e+00
     -0.113     2.8690    14.0203    11.1777 1.3919e+00     0.1273      0.011    1434.67     71.593     8.7915  59.508749     6.1518     -0.114  0.000e+00
     -0.113     2.8691    14.0259    11.1821 1.3919e+00     0.1261      0.011    1434.68     71.545     8.7853  59.508750     6.1474     -0.114  0.000e+00
     -0.115     2.8689    14.0664    11.2145 1.3797e+00     0.1273      0.011    1434.73     71.542     8.7826  59.508750     6.1455     -0.116  0.000e+00
     -0.113     2.8693    14.1106    11.2496 1.3675e+00     0.1273      0.011    1434.79     71.538     8.7793  59.508750     6.1432     -0.114  0.000e+00
     -0.113     2.8690    14.1367    11.2704 1.3431e+00     0.1273      0.011    1434.82     71.606     8.7861  59.508751     6.1480     -0.114  0.000e+00
     -0.113     2.8689    14.1860    11.3097 1.3187e+00     0.1261      0.007    1434.88     71.609     8.7836  59.508751     6.1462     -0.114  0.000e+00
     -0.115     2.8675    14.2030    11.3233 1.2943e+00     0.1273      0.011    1434.90     71.546     8.7752  59.508752     6.1404     -0.116  0.000e+00
     -0.102     2.8655    14.2118    11.3303 1.2332e+00     0.1261      0.011    1434.90     71.611     8.7831  59.508752     6.1459     -0.103  0.000e+00
     -0.113     2.8630    14.2152    11.3331 1.1966e+00     0.1273      0.011    1434.89     71.620     8.7845  59.508753     6.1469     -0.114  0.000e+00
     -0.113     2.8615    14.2096    11.3287 1.1844e+00     0.1273      0.011    1434.88     71.627     8.7861  59.508753     6.1480     -0.114  0.000e+00
     -0.115     2.8601    14.2182    11.3356 1.2210e+00     0.1261      0.007    1434.89     71.634     8.7867  59.508754     6.1484     -0.116  0.000e+00
     -0.113     2.8600    14.2171    11.3347 1.2576e+00     0.1261      0.011    1434.88     71.639     8.7874  59.508754     6.1489     -0.114  0.000e+00
     -0.102     2.8589    14.2128    11.3314 1.3431e+00     0.1273      0.011    1434.87     71.643     8.7884  59.508755     6.1496     -0.103  0.000e+00
     -0.115     2.8570    14.2214    11.3382 1.3553e+00     0.1273      0.011    1434.88     71.646     8.7887  59.508755     6.1498     -0.116  0.000e+00
     -0.102     2.8566    14.2115    11.3304 1.2943e+00     0.1261      0.011    1434.86     71.711     8.7974  59.508756     6.1559     -0.103  0.000e+00
     -0.113     2.8564    14.2011    11.3221 1.2332e+00     0.1261      0.007    1434.85     71.657     8.7914  59.508756     6.1517     -0.114  0.000e+00
