RAWDATA/20190228/Gp1_20190228_down.cnv
* Sea-Bird SBE 9 Data File:
* FileName = C:\CTD Brukere\NIVA\IO2019\20190228\Gp1_20190228.hex
* Software Version Seasave V 7.23.2
* Temperature SN = 5352
* Conductivity SN = 3840
* Number of Bytes Per Scan = 28
* Number of Voltage Words = 4
* Number of Scans Averaged by the Deck Unit = 1
* NMEA baud rate = 4800
** Ship: R/V Trygve Braarud
** Cruise:
** Station:
** Operator:
# nquan = 14
# nvalues = 1125                                  
# units = specified
# name 0 = depSM: Depth [salt water, m], lat = 59.60
# name 1 = t090C: Temperature [ITS-90, deg C]
# name 2 = sal00: Salinity, Practical [PSU]
# name 3 = sigma-t00: Density [sigma-t, kg/m^3 ]
# name 4 = flSP: Fluorescence, Seapoint
# name 5 = wetStar: Fluorescence, WET Labs WETstar [mg/m^3]
# name 6 = seaTurbMtr: Turbidity, Seapoint [FTU]
# name 7 = svCM: Sound Velocity [Chen-Millero, m/s]
# name 8 = sbeox0PS: Oxygen, SBE 43 [% saturation]
# name 9 = sbeox0Mg/L: Oxygen, SBE 43 [mg/l]
# name 10 = timeJ: Julian Days
# name 11 = sbeox0ML/L: Oxygen, SBE 43 [ml/l]
# name 12 = prDM: Pressure, Digiquartz [db]
# name 13 = flag:  0.000e+00
# span 0 =     -0.244,     14.518                 
# span 1 =     2.8420,     4.6228                 
# span 2 =    12.8921,    31.0042                 
# span 3 =    10.2791,    24.5548                 
# span 4 = 2.5641e-01, 1.8315e+00                 
# span 5 =     0.1261,     0.1298                 
# span 6 =      0.007,      0.018                 
# span 7 =    1433.23,    1464.27                 
# span 8 =     62.484,     77.701                 
# span 9 =     6.6326,     8.8266                 
# span 10 =  59.508657,  59.509199                
# span 11 =     4.6411,     6.1763                
# span 12 =     -0.247,     14.656                
# span 13 = 0.0000e+00, 0.0000e+00                
# interval = seconds: 0.0416667
# start_time = Feb 28 2019 12:12:28 [System UpLoad Time]
# bad_flag = -9.990e-29
*END*
[from data line 207]
     -0.104     2.8565    14.1771    11.3030 1.1477e+00     0.1261      0.011    1434.82     71.726     8.8013  59.508757     6.1586     -0.105  0.000e+00
     -0.113     2.8570    14.1540    11.2846 1.1966e+00     0.1261      0.011    1434.79     71.731     8.8031  59.508758     6.1599     -0.114  0.000e+00
     -0.113     2.8572    14.1408    11.2741 1.3065e+00     0.1261      0.007    1434.77     71.734     8.8043  59.508758     6.1607     -0.114  0.000e+00
     -0.092     2.8576    14.1208    11.2581 1.4408e+00     0.1273      0.011    1434.75     71.736     8.8056  59.508759     6.1617     -0.093  0.000e+00
     -0.102     2.8580    14.1180    11.2559 1.4652e+00     0.1273      0.011    1434.75     71.736     8.8057  59.508759     6.1617     -0.103  0.000e+00
     -0.102     2.8585    14.1177    11.2556 1.4652e+00     0.1261      0.011    1434.75     71.671     8.7977  59.508760     6.1561     -0.103  0.000e+00
     -0.102     2.8590    14.1168    11.2549 1.3675e+00     0.1273      0.011    1434.75     71.723     8.8040  59.508760     6.1605     -0.103  0.000e+00
     -0.104     2.8593    14.1317    11.2668 1.2943e+00     0.1273      0.011    1434.77     71.720     8.8026  59.508761     6.1595     -0.105  0.000e+00
     -0.113     2.8597    14.1514    11.2824 1.2698e+00     0.1273      0.011    1434.80     71.714     8.8006  59.508761     6.1582     -0.114  0.000e+00
     -0.091     2.8602    14.1937    11.3161 1.2698e+00     0.1261      0.011    1434.85     71.717     8.7983  59.508762     6.1566     -0.091  0.000e+00
     -0.092     2.8605    14.2110    11.3299 1.3065e+00     0.1273      0.011    1434.88     71.718     8.7974  59.508762     6.1559     -0.093  0.000e+00
     -0.102     2.8604    14.2092    11.3284 1.3553e+00     0.1273      0.011    1434.88     71.709     8.7964  59.508763     6.1552     -0.103  0.000e+00
     -0.091     2.8591    14.1974    11.3190 1.3553e+00     0.1261      0.011    1434.85     71.708     8.7973  59.508763     6.1558     -0.091  0.000e+00
     -0.091     2.8591    14.1784    11.3039 1.2698e+00     0.1261      0.011    1434.83     71.760     8.8048  59.508764     6.1611     -0.091  0.000e+00
     -0.092     2.8616    14.1661    11.2940 1.2210e+00     0.1273      0.011    1434.83     71.701     8.7977  59.508764     6.1561     -0.093  0.000e+00
     -0.091     2.8668    14.1447    11.2769 1.2454e+00     0.1261      0.007    1434.82     71.695     8.7970  59.508764     6.1556     -0.091  0.000e+00
     -0.078     2.8683    14.1284    11.2638 1.2454e+00     0.1261      0.011    1434.81     71.688     8.7968  59.508765     6.1555     -0.078  0.000e+00
     -0.091     2.8674    14.1150    11.2532 1.2210e+00     0.1261      0.011    1434.79     71.680     8.7969  59.508765     6.1556     -0.091  0.000e+00
     -0.092     2.8700    14.0874    11.2312 1.2088e+00     0.1261      0.011    1434.76     71.671     8.7968  59.508766     6.1555     -0.093  0.000e+00
     -0.078     2.8768    14.0661    11.2140 1.1722e+00     0.1261      0.011    1434.76     71.669     8.7964  59.508766     6.1552     -0.078  0.000e+00
     -0.078     2.8908    14.0351    11.1889 1.1477e+00     0.1261      0.007    1434.79     71.656     8.7934  59.508767     6.1531     -0.078  0.000e+00
     -0.079     2.9050    14.0060    11.1653 1.1477e+00     0.1261      0.011    1434.82     71.641     8.7900  59.508767     6.1508     -0.080  0.000e+00
     -0.066     2.9201    13.9930    11.1545 1.1355e+00     0.1273      0.011    1434.87     71.635     8.7866  59.508768     6.1483     -0.067  0.000e+00
     -0.078     2.9392    13.9655    11.1321 1.1355e+00     0.1261      0.007    1434.92     71.681     8.7895  59.508768     6.1504     -0.078  0.000e+00
     -0.066     2.9575    13.9495    11.1188 1.1477e+00     0.1261      0.011    1434.98     71.607     8.7773  59.508769     6.1418     -0.067  0.000e+00
     -0.055     2.9719    13.9325    11.1048 1.1477e+00     0.1273      0.011    1435.02     71.598     8.7739  59.508769     6.1394     -0.056  0.000e+00
     -0.053     2.9836    13.8897    11.0704 1.1233e+00     0.1261      0.011    1435.02     71.588     8.7725  59.508770     6.1385     -0.054  0.000e+00
     -0.031     2.9925    13.8379    11.0289 1.0989e+00     0.1261      0.011    1435.00     71.578     8.7724  59.508770     6.1384     -0.031  0.000e+00
      0.018     3.0009    13.7611    10.9675 1.1233e+00     0.1261      0.011    1434.93     71.568     8.7738  59.508771     6.1394      0.018  0.000e+00
      0.003     3.0090    13.6912    10.9117 1.1844e+00     0.1261      0.015    1434.88     71.556     8.7747  59.508771     6.1400      0.003  0.000e+00
      0.005     3.0149    13.6884    10.9092 1.1722e+00     0.1273      0.011    1434.90     71.544     8.7721  59.508772     6.1382      0.005  0.000e+00
     -0.006     3.0209    13.7840    10.9851 1.1233e+00     0.1261      0.011    1435.05     71.532     8.7635  59.508772     6.1321     -0.007  0.000e+00
     -0.115     3.0265    13.9430    11.1116 1.1111e+00     0.1261      0.011    1435.28     71.527     8.7521  59.508773     6.1242     -0.116  0.000e+00
      0.329     3.0317    14.2488    11.3547 1.1233e+00     0.1273      0.011    1435.71     71.518     8.7317  59.508773     6.1099      0.332  0.000e+00
     -0.244     3.0354    14.6027    11.6362 1.1600e+00     0.1273      0.011    1436.17     71.498     8.7075  59.508774     6.0930     -0.247  0.000e+00
      0.184     3.0397    14.9628    11.9226 1.1966e+00     0.1273      0.011    1436.66     71.487     8.6839  59.508774     6.0765      0.186  0.000e+00
      0.087     3.0444    15.7433    12.5435 1.1844e+00     0.1261      0.011    1437.69     71.480     8.6361  59.508775     6.0430      0.088  0.000e+00
      0.351     3.0483    16.5329    13.1715 1.1355e+00     0.1261      0.015    1438.73     71.476     8.5885  59.508775     6.0097      0.354  0.000e+00
      0.100     3.0527    17.4461    13.8979 1.1355e+00     0.1261      0.011    1439.93     71.458     8.5322  59.508776     5.9703      0.101  0.000e+00
      0.138     3.0567    18.3573    14.6226 1.1355e+00     0.1273      0.011    1441.12     71.451     8.4778  59.508776     5.9322      0.139  0.000e+00
      0.207     3.0594    18.7967    14.9720 1.1233e+00     0.1273      0.011    1441.70     71.444     8.4511  59.508777     5.9136      0.209  0.000e+00
      0.256     3.0613    19.3450    15.4081 1.1111e+00     0.1261      0.011    1442.42     71.436     8.4183  59.508777     5.8907      0.258  0.000e+00
      0.280     3.0622    20.0211    15.9460 1.1233e+00     0.1261      0.011    1443.29     71.428     8.3786  59.508777     5.8629      0.283  0.000e+00
      0.269     3.0631    20.8380    16.5959 1.1844e+00     0.1261      0.011    1444.35     71.420     8.3310  59.508778     5.8295      0.271  0.000e+00
      0.350     3.0638    21.6386    17.2329 1.2210e+00     0.1273      0.015    1445.39     71.412     8.2847  59.508778     5.7971      0.353  0.000e+00
      0.351     3.0636    22.1263    17.6209 1.1966e+00     0.1273      0.011    1446.02     71.403     8.2562  59.508779     5.7772      0.354  0.000e+00
      0.351     3.0648    22.6102    18.0059 1.1966e+00     0.1273      0.011    1446.65     71.402     8.2288  59.508779     5.7580      0.354  0.000e+00
      0.411     3.0654    23.0753    18.3760 1.1966e+00     0.1273      0.018    1447.25     71.393     8.2017  59.508780     5.7391      0.415  0.000e+00
      0.400     3.0668    23.4724    18.6920 1.1966e+00     0.1261      0.011    1447.77     71.393     8.1792  59.508780     5.7233      0.403  0.000e+00
      0.434     3.0675    23.7365    18.9022 1.2210e+00     0.1273      0.015    1448.12     71.393     8.1643  59.508781     5.7129      0.438  0.000e+00
      0.482     3.0681    24.0291    19.1350 1.2454e+00     0.1273      0.015    1448.50     71.393     8.1480  59.508781     5.7015      0.487  0.000e+00
      0.471     3.0682    24.3764    19.4114 1.2698e+00     0.1261      0.011    1448.95     71.392     8.1287  59.508782     5.6880      0.475  0.000e+00
      0.519     3.0684    24.6908    19.6617 1.2821e+00     0.1273      0.015    1449.35     71.392     8.1113  59.508782     5.6758      0.524  0.000e+00
      0.542     3.0686    24.9017    19.8296 1.2943e+00     0.1261      0.011    1449.63     71.392     8.0996  59.508783     5.6676      0.547  0.000e+00
      0.542     3.0682    25.0893    19.9789 1.2821e+00     0.1273      0.015    1449.87     71.382     8.0882  59.508783     5.6596      0.547  0.000e+00
      0.566     3.0679    25.2311    20.0919 1.2454e+00     0.1261      0.011    1450.05     71.382     8.0804  59.508784     5.6542      0.572  0.000e+00
      0.615     3.0679    25.2842    20.1341 1.2088e+00     0.1273      0.011    1450.12     71.381     8.0775  59.508784     5.6521      0.621  0.000e+00
      0.591     3.0675    25.3537    20.1895 1.2088e+00     0.1273      0.015    1450.21     71.317     8.0664  59.508785     5.6444      0.596  0.000e+00
      0.625     3.0677    25.4215    20.2434 1.2454e+00     0.1261      0.011    1450.30     71.371     8.0688  59.508785     5.6461      0.631  0.000e+00
      0.651     3.0679    25.4748    20.2859 1.2454e+00     0.1273      0.011    1450.37     71.371     8.0658  59.508786     5.6440      0.657  0.000e+00
      0.662     3.0681    25.5815    20.3708 1.2210e+00     0.1273      0.011    1450.51     71.371     8.0599  59.508786     5.6399      0.668  0.000e+00
      0.710     3.0681    25.6447    20.4211 1.2210e+00     0.1273      0.011    1450.59     71.307     8.0493  59.508787     5.6324      0.717  0.000e+00
      0.710     3.0686    25.7101    20.4732 1.2088e+00     0.1273      0.015    1450.67     71.308     8.0456  59.508787     5.6299      0.717  0.000e+00
      0.720     3.0690    25.7595    20.5125 1.2088e+00     0.1261      0.011    1450.74     71.363     8.0491  59.508788     5.6323      0.727  0.000e+00
      0.769     3.0691    25.8172    20.5584 1.2210e+00     0.1261      0.015    1450.82     71.364     8.0460  59.508788     5.6301      0.776  0.000e+00
      0.782     3.0698    25.8580    20.5908 1.2210e+00     0.1261      0.011    1450.87     71.365     8.0437  59.508789     5.6285      0.789  0.000e+00
      0.804     3.0700    25.9191    20.6395 1.2210e+00     0.1273      0.015    1450.95     71.366     8.0405  59.508789     5.6262      0.812  0.000e+00
      0.829     3.0707    25.9710    20.6808 1.2332e+00     0.1273      0.015    1451.02     71.303     8.0304  59.508790     5.6192      0.836  0.000e+00
      0.840     3.0712    26.0504    20.7440 1.2332e+00     0.1261      0.015    1451.13     71.359     8.0322  59.508790     5.6205      0.848  0.000e+00
      0.864     3.0724    26.1101    20.7914 1.2332e+00     0.1273      0.015    1451.21     71.296     8.0217  59.508791     5.6131      0.872  0.000e+00
      0.888     3.0734    26.1543    20.8265 1.2332e+00     0.1261      0.015    1451.27     71.352     8.0254  59.508791     5.6157      0.897  0.000e+00
      0.913     3.0742    26.1841    20.8502 1.2332e+00     0.1273      0.015    1451.32     71.290     8.0166  59.508791     5.6096      0.921  0.000e+00
      0.937     3.0738    26.2272    20.8845 1.2454e+00     0.1261      0.011    1451.37     71.293     8.0146  59.508792     5.6082      0.946  0.000e+00
      0.937     3.0732    26.2831    20.9291 1.2576e+00     0.1273      0.015    1451.44     71.350     8.0182  59.508792     5.6106      0.946  0.000e+00
      0.971     3.0723    26.3134    20.9533 1.2821e+00     0.1273      0.011    1451.48     71.353     8.0171  59.508793     5.6099      0.980  0.000e+00
      0.995     3.0709    26.3661    20.9954 1.3187e+00     0.1261      0.015    1451.54     71.357     8.0148  59.508793     5.6083      1.005  0.000e+00
      1.008     3.0700    26.4026    21.0245 1.3675e+00     0.1273      0.015    1451.58     71.359     8.0133  59.508794     5.6073      1.018  0.000e+00
      1.032     3.0682    26.4264    21.0436 1.4286e+00     0.1261      0.011    1451.60     71.363     8.0128  59.508794     5.6069      1.042  0.000e+00
      1.068     3.0673    26.4650    21.0743 1.4530e+00     0.1273      0.015    1451.65     71.366     8.0112  59.508795     5.6058      1.078  0.000e+00
      1.068     3.0664    26.4834    21.0891 1.4652e+00     0.1273      0.011    1451.67     71.369     8.0107  59.508795     5.6054      1.078  0.000e+00
      1.102     3.0662    26.5069    21.1078 1.4896e+00     0.1273      0.011    1451.70     71.372     8.0098  59.508796     5.6048      1.113  0.000e+00
      1.115     3.0661    26.5172    21.1160 1.5140e+00     0.1273      0.015    1451.71     71.374     8.0096  59.508796     5.6046      1.126  0.000e+00
      1.139     3.0665    26.5413    21.1352 1.5385e+00     0.1273      0.015    1451.75     71.377     8.0085  59.508797     5.6039      1.150  0.000e+00
      1.151     3.0668    26.5466    21.1394 1.5629e+00     0.1273      0.015    1451.76     71.380     8.0084  59.508797     5.6038      1.162  0.000e+00
      1.164     3.0676    26.5430    21.1365 1.6117e+00     0.1273      0.015    1451.76     71.382     8.0087  59.508798     5.6040      1.175  0.000e+00
      1.199     3.0675    26.5273    21.1239 1.6972e+00     0.1285      0.015    1451.73     71.449     8.0171  59.508798     5.6099      1.211  0.000e+00
      1.211     3.0670    26.5132    21.1127 1.7827e+00     0.1261      0.011    1451.71     71.524     8.0264  59.508799     5.6164      1.222  0.000e+00
      1.246     3.0664    26.5051    21.1064 1.8193e+00     0.1285      0.018    1451.70     71.544     8.0292  59.508799     5.6184      1.258  0.000e+00
      1.270     3.0629    26.5002    21.1027 1.8193e+00     0.1273      0.015    1451.68     71.564     8.0324  59.508800     5.6206      1.282  0.000e+00
      1.295     3.0576    26.5079    21.1092 1.8315e+00     0.1273      0.015    1451.67     71.583     8.0352  59.508800     5.6226      1.307  0.000e+00
      1.306     3.0550    26.5192    21.1184 1.8193e+00     0.1273      0.015    1451.67     71.665     8.0443  59.508801     5.6289      1.318  0.000e+00
      1.330     3.0523    26.5398    21.1350 1.7827e+00     0.1273      0.011    1451.69     71.691     8.0466  59.508801     5.6305      1.343  0.000e+00
      1.355     3.0474    26.5602    21.1515 1.7582e+00     0.1273      0.015    1451.69     71.716     8.0493  59.508802     5.6325      1.367  0.000e+00
      1.366     3.0413    26.5822    21.1695 1.7460e+00     0.1273      0.011    1451.69     71.804     8.0592  59.508802     5.6394      1.379  0.000e+00
      1.401     3.0357    26.6127    21.1942 1.7338e+00     0.1273      0.015    1451.71     71.836     8.0623  59.508803     5.6415      1.415  0.000e+00
      1.426     3.0310    26.6527    21.2263 1.7338e+00     0.1285      0.015    1451.74     71.866     8.0644  59.508803     5.6430      1.439  0.000e+00
      1.450     3.0275    26.7093    21.2717 1.7338e+00     0.1285      0.015    1451.80     71.895     8.0652  59.508804     5.6436      1.464  0.000e+00
      1.461     3.0245    26.7539    21.3074 1.7094e+00     0.1273      0.015    1451.84     71.985     8.0735  59.508804     5.6494      1.475  0.000e+00
      1.497     3.0217    26.7983    21.3430 1.6728e+00     0.1273      0.015    1451.89     72.083     8.0826  59.508804     5.6557      1.511  0.000e+00
      1.510     3.0196    26.8287    21.3673 1.6361e+00     0.1285      0.018    1451.92     72.124     8.0859  59.508805     5.6581      1.524  0.000e+00
      1.533     3.0175    26.8578    21.3907 1.5629e+00     0.1273      0.011    1451.95     72.226     8.0962  59.508805     5.6652      1.547  0.000e+00
      1.546     3.0166    26.8742    21.4038 1.5018e+00     0.1273      0.015    1451.97     72.270     8.1005  59.508806     5.6682      1.560  0.000e+00
