RAWDATA/20190228/Hm4_20190228_down.cnv
* Sea-Bird SBE 9 Data File:
* FileName = C:\CTD Brukere\NIVA\IO2019\20190228\Hm4_20190228.hex
* Software Version Seasave V 7.23.2
* Temperature SN = 5352
* Conductivity SN = 3840
* Number of Bytes Per Scan = 28
* Number of Voltage Words = 4
* Number of Scans Averaged by the Deck Unit = 1
* NMEA baud rate = 4800
** Ship: R/V Trygve Braarud
** Cruise:
** Station:
** Operator:
# nquan = 14
# nvalues = 4642                                  
# units = specified
# name 0 = depSM: Depth [salt water, m], lat = 59.60
# name 1 = t090C: Temperature [ITS-90, deg C]
# name 2 = sal00: Salinity, Practical [PSU]
# name 3 = sigma-t00: Density [sigma-t, kg/m^3 ]
# name 4 = flSP: Fluorescence, Seapoint
# name 5 = wetStar: Fluorescence, WET Labs WETstar [mg/m^3]
# name 6 = seaTurbMtr: Turbidity, Seapoint [FTU]
# name 7 = svCM: Sound Velocity [Chen-Millero, m/s]
# name 8 = sbeox0PS: Oxygen, SBE 43 [% saturation]
# name 9 = sbeox0Mg/L: Oxygen, SBE 43 [mg/l]
# name 10 = timeJ: Julian Days
# name 11 = sbeox0ML/L: Oxygen, SBE 43 [ml/l]
# name 12 = prDM: Pressure, Digiquartz [db]
# name 13 = flag:  0.000e+00
# span 0 =     -0.084,    100.480                 
# span 1 =     3.2756,     7.3735                 
# span 2 =    25.7987,    33.4794                 
# span 3 =    20.5292,    26.1698                 
# span 4 = 1.4652e-01, 7.5702e-01                 
# span 5 =     0.1249,     0.1310                 
# span 6 =      0.011,      0.018                 
# span 7 =    1451.69,    1479.85                 
# span 8 =     58.557,     74.415                 
# span 9 =     5.7049,     8.3297                 
# span 10 =  59.723438,  59.725676                
# span 11 =     3.9919,     5.8286                
# span 12 =     -0.085,    101.458                
# span 13 = 0.0000e+00, 0.0000e+00                
# interval = seconds: 0.0416667
# start_time = Feb 28 2019 17:21:45 [System UpLoad Time]
# bad_flag = -9.990e-29
*END*
[from data line 4026]
     87.856     7.3340    33.4488    26.1510 1.5873e-01     0.1298      0.018    1479.46     59.221     5.7283  59.725379     4.0083     88.709  0.000e+00
     87.871     7.3342    33.4492    26.1512 1.5873e-01     0.1298      0.015    1479.46     59.224     5.7284  59.725380     4.0084     88.724  0.000e+00
     87.905     7.3343    33.4482    26.1504 1.5873e-01     0.1298      0.015    1479.46     59.226     5.7287  59.725380     4.0086     88.758  0.000e+00
     87.918     7.3340    33.4485    26.1507 1.5873e-01     0.1298      0.018    1479.46     59.221     5.7283  59.725380     4.0083     88.771  0.000e+00
     87.941     7.3338    33.4482    26.1505 1.5873e-01     0.1298      0.015    1479.46     59.224     5.7286  59.725381     4.0085     88.794  0.000e+00
     87.979     7.3335    33.4484    26.1507 1.5873e-01     0.1298      0.018    1479.46     59.228     5.7290  59.725381     4.0088     88.832  0.000e+00
     88.001     7.3335    33.4488    26.1510 1.5873e-01     0.1298      0.018    1479.46     59.232     5.7293  59.725382     4.0090     88.855  0.000e+00
     88.016     7.3338    33.4489    26.1511 1.5873e-01     0.1298      0.018    1479.47     59.173     5.7236  59.725382     4.0050     88.870  0.000e+00
     88.050     7.3342    33.4491    26.1512 1.5873e-01     0.1298      0.015    1479.47     59.232     5.7293  59.725383     4.0090     88.905  0.000e+00
     88.062     7.3346    33.4507    26.1524 1.4652e-01     0.1298      0.015    1479.47     59.229     5.7289  59.725383     4.0087     88.916  0.000e+00
     88.101     7.3351    33.4512    26.1527 1.5873e-01     0.1298      0.015    1479.47     59.234     5.7293  59.725384     4.0090     88.956  0.000e+00
     88.111     7.3356    33.4505    26.1521 1.5873e-01     0.1310      0.018    1479.48     59.232     5.7290  59.725384     4.0088     88.966  0.000e+00
     88.148     7.3357    33.4504    26.1520 1.5873e-01     0.1298      0.018    1479.48     59.237     5.7295  59.725385     4.0092     89.004  0.000e+00
     88.160     7.3356    33.4508    26.1523 1.5873e-01     0.1298      0.018    1479.48     59.242     5.7300  59.725385     4.0095     89.015  0.000e+00
     88.186     7.3356    33.4504    26.1520 1.4652e-01     0.1298      0.018    1479.48     59.186     5.7246  59.725386     4.0057     89.041  0.000e+00
     88.207     7.3359    33.4494    26.1512 1.5873e-01     0.1298      0.015    1479.48     59.239     5.7297  59.725386     4.0093     89.063  0.000e+00
     88.231     7.3354    33.4490    26.1509 1.5873e-01     0.1298      0.015    1479.47     59.246     5.7304  59.725387     4.0098     89.087  0.000e+00
     88.270     7.3348    33.4498    26.1517 1.5873e-01     0.1298      0.015    1479.47     59.190     5.7251  59.725387     4.0061     89.127  0.000e+00
     88.292     7.3351    33.4512    26.1527 1.5873e-01     0.1298      0.018    1479.48     59.182     5.7243  59.725388     4.0055     89.148  0.000e+00
     88.306     7.3361    33.4512    26.1526 1.5873e-01     0.1298      0.018    1479.48     59.245     5.7302  59.725388     4.0096     89.163  0.000e+00
     88.341     7.3364    33.4521    26.1532 1.5873e-01     0.1298      0.018    1479.48     59.253     5.7309  59.725389     4.0101     89.198  0.000e+00
     88.355     7.3370    33.4529    26.1538 1.5873e-01     0.1298      0.018    1479.49     59.253     5.7308  59.725389     4.0101     89.213  0.000e+00
     88.389     7.3374    33.4526    26.1535 1.5873e-01     0.1298      0.018    1479.49     59.254     5.7308  59.725390     4.0101     89.247  0.000e+00
     88.401     7.3374    33.4515    26.1526 1.5873e-01     0.1298      0.018    1479.49     59.192     5.7249  59.725390     4.0059     89.259  0.000e+00
     88.440     7.3367    33.4509    26.1522 1.5873e-01     0.1298      0.018    1479.49     59.248     5.7304  59.725391     4.0098     89.298  0.000e+00
     88.461     7.3364    33.4505    26.1520 1.5873e-01     0.1298      0.018    1479.48     59.248     5.7305  59.725391     4.0099     89.320  0.000e+00
     88.487     7.3364    33.4504    26.1519 1.5873e-01     0.1298      0.015    1479.48     59.187     5.7246  59.725392     4.0057     89.346  0.000e+00
     88.510     7.3361    33.4499    26.1515 1.5873e-01     0.1298      0.018    1479.48     59.243     5.7300  59.725392     4.0095     89.369  0.000e+00
     88.535     7.3351    33.4485    26.1506 1.5873e-01     0.1298      0.018    1479.48     59.252     5.7311  59.725393     4.0103     89.394  0.000e+00
     88.572     7.3346    33.4475    26.1499 1.5873e-01     0.1298      0.015    1479.48     59.253     5.7313  59.725393     4.0105     89.432  0.000e+00
     88.582     7.3338    33.4476    26.1500 1.5873e-01     0.1298      0.018    1479.47     59.255     5.7316  59.725394     4.0106     89.441  0.000e+00
     88.608     7.3337    33.4476    26.1500 1.4652e-01     0.1298      0.018    1479.47     59.264     5.7325  59.725394     4.0113     89.468  0.000e+00
     88.642     7.3330    33.4479    26.1504 1.5873e-01     0.1298      0.015    1479.47     59.266     5.7328  59.725394     4.0114     89.502  0.000e+00
     88.655     7.3330    33.4479    26.1504 1.4652e-01     0.1298      0.018    1479.47     59.268     5.7329  59.725395     4.0116     89.516  0.000e+00
     88.681     7.3329    33.4481    26.1506 1.5873e-01     0.1298      0.015    1479.47     59.270     5.7331  59.725395     4.0117     89.542  0.000e+00
     88.727     7.3330    33.4486    26.1510 1.5873e-01     0.1298      0.015    1479.47     59.279     5.7340  59.725396     4.0123     89.588  0.000e+00
     88.727     7.3332    33.4485    26.1508 1.5873e-01     0.1298      0.018    1479.47     59.281     5.7342  59.725396     4.0124     89.588  0.000e+00
     88.777     7.3334    33.4486    26.1509 1.5873e-01     0.1298      0.018    1479.48     59.284     5.7344  59.725397     4.0126     89.639  0.000e+00
     88.800     7.3337    33.4485    26.1508 1.5873e-01     0.1298      0.018    1479.48     59.223     5.7285  59.725397     4.0085     89.662  0.000e+00
     88.802     7.3335    33.4481    26.1505 1.5873e-01     0.1298      0.018    1479.48     59.280     5.7341  59.725398     4.0124     89.664  0.000e+00
     88.849     7.3335    33.4474    26.1499 1.5873e-01     0.1310      0.015    1479.48     59.220     5.7283  59.725398     4.0083     89.712  0.000e+00
     88.872     7.3332    33.4478    26.1502 1.4652e-01     0.1298      0.015    1479.48     59.216     5.7279  59.725399     4.0080     89.735  0.000e+00
     88.900     7.3334    33.4482    26.1506 1.5873e-01     0.1298      0.018    1479.48     59.211     5.7274  59.725399     4.0077     89.763  0.000e+00
     88.921     7.3337    33.4483    26.1506 1.5873e-01     0.1298      0.018    1479.48     59.207     5.7269  59.725400     4.0074     89.784  0.000e+00
     88.957     7.3337    33.4481    26.1505 1.5873e-01     0.1298      0.018    1479.48     59.203     5.7266  59.725400     4.0071     89.820  0.000e+00
     88.971     7.3337    33.4481    26.1504 1.5873e-01     0.1298      0.015    1479.48     59.199     5.7262  59.725401     4.0069     89.835  0.000e+00
     89.006     7.3332    33.4480    26.1504 1.5873e-01     0.1298      0.015    1479.48     59.196     5.7260  59.725401     4.0067     89.870  0.000e+00
     89.030     7.3332    33.4473    26.1499 1.5873e-01     0.1298      0.015    1479.48     59.256     5.7317  59.725402     4.0107     89.894  0.000e+00
     89.056     7.3327    33.4471    26.1498 1.5873e-01     0.1298      0.018    1479.48     59.198     5.7262  59.725402     4.0069     89.921  0.000e+00
     89.079     7.3324    33.4471    26.1499 1.5873e-01     0.1298      0.018    1479.48     59.195     5.7260  59.725403     4.0067     89.944  0.000e+00
     89.102     7.3323    33.4470    26.1498 1.5873e-01     0.1298      0.015    1479.47     59.193     5.7258  59.725403     4.0066     89.967  0.000e+00
     89.141     7.3323    33.4470    26.1498 1.5873e-01     0.1298      0.015    1479.48     59.191     5.7256  59.725404     4.0065     90.006  0.000e+00
     89.162     7.3323    33.4467    26.1495 1.5873e-01     0.1298      0.015    1479.48     59.189     5.7255  59.725404     4.0063     90.028  0.000e+00
     89.200     7.3326    33.4473    26.1500 1.5873e-01     0.1310      0.018    1479.48     59.188     5.7253  59.725405     4.0062     90.066  0.000e+00
     89.214     7.3329    33.4476    26.1501 1.5873e-01     0.1298      0.015    1479.48     59.187     5.7251  59.725405     4.0061     90.080  0.000e+00
     89.247     7.3327    33.4473    26.1500 1.4652e-01     0.1298      0.018    1479.48     59.186     5.7251  59.725406     4.0061     90.113  0.000e+00
     89.260     7.3326    33.4468    26.1496 1.4652e-01     0.1298      0.015    1479.48     59.178     5.7243  59.725406     4.0055     90.126  0.000e+00
     89.299     7.3323    33.4470    26.1498 1.4652e-01     0.1298      0.015    1479.48     59.177     5.7243  59.725407     4.0055     90.166  0.000e+00
     89.309     7.3323    33.4466    26.1495 1.5873e-01     0.1298      0.018    1479.48     59.177     5.7243  59.725407     4.0055     90.176  0.000e+00
     89.332     7.3319    33.4469    26.1497 1.4652e-01     0.1298      0.018    1479.48     59.177     5.7244  59.725408     4.0056     90.199  0.000e+00
     89.395     7.3321    33.4467    26.1496 1.4652e-01     0.1298      0.018    1479.48     59.178     5.7244  59.725408     4.0056     90.263  0.000e+00
     89.392     7.3323    33.4473    26.1500 1.4652e-01     0.1298      0.018    1479.48     59.179     5.7244  59.725408     4.0056     90.260  0.000e+00
     89.430     7.3326    33.4475    26.1501 1.4652e-01     0.1298      0.018    1479.48     59.180     5.7245  59.725409     4.0057     90.298  0.000e+00
     89.444     7.3326    33.4472    26.1499 1.5873e-01     0.1298      0.018    1479.48     59.173     5.7239  59.725409     4.0052     90.313  0.000e+00
     89.477     7.3327    33.4473    26.1500 1.5873e-01     0.1298      0.018    1479.48     59.175     5.7240  59.725410     4.0053     90.345  0.000e+00
     89.501     7.3326    33.4473    26.1500 1.5873e-01     0.1298      0.018    1479.48     59.177     5.7242  59.725410     4.0055     90.370  0.000e+00
     89.516     7.3324    33.4466    26.1494 1.5873e-01     0.1298      0.018    1479.48     59.171     5.7237  59.725411     4.0051     90.385  0.000e+00
     89.539     7.3323    33.4464    26.1493 1.5873e-01     0.1310      0.015    1479.48     59.165     5.7231  59.725411     4.0047     90.408  0.000e+00
     89.575     7.3321    33.4468    26.1497 1.5873e-01     0.1298      0.018    1479.48     59.167     5.7234  59.725412     4.0049     90.444  0.000e+00
     89.586     7.3323    33.4470    26.1498 1.5873e-01     0.1298      0.015    1479.48     59.169     5.7235  59.725412     4.0050     90.456  0.000e+00
     89.625     7.3319    33.4472    26.1500 1.4652e-01     0.1298      0.015    1479.48     59.172     5.7239  59.725413     4.0052     90.495  0.000e+00
     89.635     7.3323    33.4468    26.1496 1.5873e-01     0.1298      0.015    1479.48     59.175     5.7241  59.725413     4.0054     90.505  0.000e+00
     89.671     7.3321    33.4470    26.1498 1.5873e-01     0.1298      0.015    1479.48     59.171     5.7237  59.725414     4.0051     90.541  0.000e+00
     89.686     7.3319    33.4468    26.1497 1.5873e-01     0.1298      0.018    1479.48     59.112     5.7180  59.725414     4.0011     90.556  0.000e+00
     89.720     7.3321    33.4463    26.1493 1.5873e-01     0.1298      0.018    1479.48     59.171     5.7237  59.725415     4.0051     90.591  0.000e+00
     89.731     7.3320    33.4463    26.1493 1.5873e-01     0.1298      0.018    1479.48     59.104     5.7173  59.725415     4.0006     90.602  0.000e+00
     89.756     7.3318    33.4462    26.1493 1.5873e-01     0.1298      0.018    1479.48     59.101     5.7171  59.725416     4.0005     90.627  0.000e+00
     89.795     7.3318    33.4465    26.1495 1.5873e-01     0.1298      0.018    1479.48     59.099     5.7168  59.725416     4.0003     90.667  0.000e+00
     89.792     7.3320    33.4469    26.1497 1.5873e-01     0.1298      0.018    1479.48     59.097     5.7166  59.725417     4.0001     90.663  0.000e+00
     89.829     7.3321    33.4471    26.1499 1.5873e-01     0.1298      0.018    1479.49     59.096     5.7165  59.725417     4.0001     90.701  0.000e+00
     89.852     7.3323    33.4468    26.1496 1.5873e-01     0.1298      0.018    1479.49     59.096     5.7164  59.725418     4.0000     90.724  0.000e+00
     89.880     7.3321    33.4473    26.1501 1.5873e-01     0.1298      0.018    1479.49     59.096     5.7165  59.725418     4.0000     90.752  0.000e+00
     89.889     7.3324    33.4474    26.1501 1.4652e-01     0.1298      0.015    1479.49     59.097     5.7165  59.725419     4.0001     90.762  0.000e+00
     89.925     7.3323    33.4474    26.1501 1.5873e-01     0.1298      0.015    1479.49     59.098     5.7166  59.725419     4.0002     90.798  0.000e+00
     89.937     7.3323    33.4470    26.1498 1.5873e-01     0.1298      0.018    1479.49     59.100     5.7169  59.725420     4.0003     90.810  0.000e+00
     89.953     7.3323    33.4474    26.1501 1.5873e-01     0.1298      0.018    1479.49     59.103     5.7171  59.725420     4.0005     90.826  0.000e+00
     89.986     7.3324    33.4475    26.1501 1.5873e-01     0.1298      0.015    1479.49     59.106     5.7174  59.725421     4.0007     90.859  0.000e+00
     90.010     7.3324    33.4475    26.1501 1.5873e-01     0.1298      0.015    1479.49     59.102     5.7170  59.725421     4.0004     90.884  0.000e+00
     90.022     7.3326    33.4475    26.1501 1.5873e-01     0.1298      0.018    1479.49     59.107     5.7174  59.725421     4.0007     90.895  0.000e+00
     90.062     7.3327    33.4477    26.1503 1.4652e-01     0.1298      0.018    1479.49     59.104     5.7171  59.725422     4.0005     90.937  0.000e+00
     90.059     7.3329    33.4475    26.1501 1.5873e-01     0.1298      0.015    1479.49     59.101     5.7168  59.725422     4.0003     90.933  0.000e+00
     90.095     7.3329    33.4476    26.1502 1.5873e-01     0.1298      0.015    1479.49     59.099     5.7166  59.725423     4.0001     90.970  0.000e+00
     90.119     7.3331    33.4474    26.1500 1.5873e-01     0.1298      0.015    1479.50     59.097     5.7164  59.725423     4.0000     90.994  0.000e+00
     90.134     7.3330    33.4477    26.1502 1.5873e-01     0.1298      0.018    1479.50     59.095     5.7162  59.725424     3.9999     91.009  0.000e+00
     90.167     7.3329    33.4477    26.1502 1.5873e-01     0.1298      0.018    1479.50     59.094     5.7161  59.725424     3.9998     91.042  0.000e+00
     90.180     7.3331    33.4476    26.1502 1.5873e-01     0.1298      0.015    1479.50     59.092     5.7160  59.725425     3.9997     91.055  0.000e+00
     90.204     7.3330    33.4478    26.1503 1.5873e-01     0.1298      0.015    1479.50     59.099     5.7166  59.725425     4.0002     91.080  0.000e+00
     90.219     7.3330    33.4478    26.1503 1.5873e-01     0.1298      0.018    1479.50     59.099     5.7166  59.725426     4.0002     91.095  0.000e+00
     90.251     7.3331    33.4479    26.1504 1.5873e-01     0.1298      0.018    1479.50     59.100     5.7166  59.725426     4.0002     91.128  0.000e+00
     90.276     7.3334    33.4475    26.1500 1.4652e-01     0.1298      0.015    1479.50     59.100     5.7167  59.725427     4.0002     91.152  0.000e+00
     90.289     7.3329    33.4479    26.1504 1.5873e-01     0.1298      0.018    1479.50     59.101     5.7168  59.725427     4.0003     91.166  0.000e+00
     90.312     7.3334    33.4476    26.1501 1.4652e-01     0.1298      0.018    1479.50     59.102     5.7168  59.725428     4.0003     91.189  0.000e+00
     90.328     7.3329    33.4483    26.1508 1.4652e-01     0.1298      0.015    1479.50     59.103     5.7170  59.725428     4.0004     91.205  0.000e+00
