RAWDATA/20190228/Hm4_20190228_down.cnv
* Sea-Bird SBE 9 Data File:
* FileName = C:\CTD Brukere\NIVA\IO2019\20190228\Hm4_20190228.hex
* Software Version Seasave V 7.23.2
* Temperature SN = 5352
* Conductivity SN = 3840
* Number of Bytes Per Scan = 28
* Number of Voltage Words = 4
* Number of Scans Averaged by the Deck Unit = 1
* NMEA baud rate = 4800
** Ship: R/V Trygve Braarud
** Cruise:
** Station:
** Operator:
# nquan = 14
# nvalues = 4642                                  
# units = specified
# name 0 = depSM: Depth [salt water, m], lat = 59.60
# name 1 = t090C: Temperature [ITS-90, deg C]
# name 2 = sal00: Salinity, Practical [PSU]
# name 3 = sigma-t00: Density [sigma-t, kg/m^3 ]
# name 4 = flSP: Fluorescence, Seapoint
# name 5 = wetStar: Fluorescence, WET Labs WETstar [mg/m^3]
# name 6 = seaTurbMtr: Turbidity, Seapoint [FTU]
# name 7 = svCM: Sound Velocity [Chen-Millero, m/s]
# name 8 = sbeox0PS: Oxygen, SBE 43 [% saturation]
# name 9 = sbeox0Mg/L: Oxygen, SBE 43 [mg/l]
# name 10 = timeJ: Julian Days
# name 11 = sbeox0ML/L: Oxygen, SBE 43 [ml/l]
# name 12 = prDM: Pressure, Digiquartz [db]
# name 13 = flag:  0.000e+00
# span 0 =     -0.084,    100.480                 
# span 1 =     3.2756,     7.3735                 
# span 2 =    25.7987,    33.4794                 
# span 3 =    20.5292,    26.1698                 
# span 4 = 1.4652e-01, 7.5702e-01                 
# span 5 =     0.1249,     0.1310                 
# span 6 =      0.011,      0.018                 
# span 7 =    1451.69,    1479.85                 
# span 8 =     58.557,     74.415                 
# span 9 =     5.7049,     8.3297                 
# span 10 =  59.723438,  59.725676                
# span 11 =     3.9919,     5.8286                
# span 12 =     -0.085,    101.458                
# span 13 = 0.0000e+00, 0.0000e+00                
# interval = seconds: 0.0416667
# start_time = Feb 28 2019 17:21:45 [System UpLoad Time]
# bad_flag = -9.990e-29
*END*
[from data line 3304]
     71.140     7.2710    33.3970    26.1190 1.5873e-01     0.1298      0.015    1478.88     59.132     5.7298  59.725031     4.0094     71.827  0.000e+00
     71.164     7.2711    33.3970    26.1190 1.5873e-01     0.1298      0.015    1478.88     59.189     5.7353  59.725031     4.0132     71.852  0.000e+00
     71.189     7.2711    33.3972    26.1191 1.5873e-01     0.1298      0.018    1478.88     59.191     5.7355  59.725032     4.0134     71.877  0.000e+00
     71.225     7.2711    33.3971    26.1190 1.5873e-01     0.1298      0.015    1478.88     59.131     5.7297  59.725032     4.0093     71.913  0.000e+00
     71.225     7.2710    33.3968    26.1188 1.5873e-01     0.1298      0.015    1478.88     59.188     5.7352  59.725033     4.0132     71.913  0.000e+00
     71.251     7.2711    33.3969    26.1188 1.5873e-01     0.1298      0.018    1478.88     59.190     5.7355  59.725033     4.0133     71.939  0.000e+00
     71.273     7.2714    33.3967    26.1187 1.5873e-01     0.1298      0.015    1478.88     59.130     5.7296  59.725034     4.0093     71.962  0.000e+00
     71.285     7.2711    33.3974    26.1192 1.5873e-01     0.1298      0.015    1478.88     59.126     5.7292  59.725034     4.0089     71.974  0.000e+00
     71.309     7.2715    33.3975    26.1193 1.5873e-01     0.1298      0.015    1478.88     59.121     5.7287  59.725035     4.0086     71.998  0.000e+00
     71.345     7.2715    33.3983    26.1199 1.5873e-01     0.1298      0.018    1478.89     59.171     5.7335  59.725035     4.0120     72.034  0.000e+00
     71.345     7.2721    33.3985    26.1200 1.5873e-01     0.1298      0.018    1478.89     59.174     5.7337  59.725036     4.0121     72.034  0.000e+00
     71.381     7.2724    33.3995    26.1207 1.5873e-01     0.1310      0.015    1478.89     59.115     5.7279  59.725036     4.0080     72.071  0.000e+00
     71.381     7.2727    33.3997    26.1208 1.5873e-01     0.1298      0.018    1478.89     59.110     5.7274  59.725037     4.0077     72.071  0.000e+00
     71.418     7.2734    33.3992    26.1204 1.5873e-01     0.1298      0.018    1478.90     59.107     5.7270  59.725037     4.0074     72.108  0.000e+00
     71.431     7.2732    33.3990    26.1202 1.5873e-01     0.1298      0.015    1478.89     59.103     5.7266  59.725038     4.0072     72.122  0.000e+00
     71.454     7.2734    33.3981    26.1195 1.5873e-01     0.1298      0.018    1478.89     59.162     5.7324  59.725038     4.0112     72.145  0.000e+00
     71.479     7.2730    33.3976    26.1191 1.5873e-01     0.1298      0.018    1478.89     59.104     5.7268  59.725039     4.0073     72.169  0.000e+00
     71.490     7.2726    33.3975    26.1191 1.5873e-01     0.1298      0.018    1478.89     59.101     5.7266  59.725039     4.0071     72.181  0.000e+00
     71.514     7.2724    33.3978    26.1194 1.5873e-01     0.1298      0.018    1478.89     59.098     5.7263  59.725040     4.0070     72.205  0.000e+00
     71.526     7.2724    33.3981    26.1196 1.5873e-01     0.1298      0.018    1478.89     59.096     5.7261  59.725040     4.0068     72.217  0.000e+00
     71.563     7.2727    33.3981    26.1196 1.5873e-01     0.1298      0.015    1478.89     59.094     5.7259  59.725041     4.0066     72.255  0.000e+00
     71.575     7.2727    33.3990    26.1203 1.5873e-01     0.1298      0.015    1478.89     59.092     5.7257  59.725041     4.0065     72.266  0.000e+00
     71.599     7.2735    33.4002    26.1212 1.5873e-01     0.1298      0.018    1478.90     59.153     5.7314  59.725041     4.0105     72.291  0.000e+00
     71.610     7.2745    33.4011    26.1217 1.5873e-01     0.1298      0.018    1478.90     59.097     5.7258  59.725042     4.0066     72.302  0.000e+00
     71.635     7.2753    33.4018    26.1221 1.5873e-01     0.1298      0.015    1478.91     59.096     5.7255  59.725042     4.0064     72.327  0.000e+00
     71.661     7.2760    33.4011    26.1215 1.5873e-01     0.1298      0.018    1478.91     59.095     5.7254  59.725043     4.0063     72.353  0.000e+00
     71.671     7.2759    33.3999    26.1206 1.5873e-01     0.1298      0.018    1478.91     59.094     5.7254  59.725043     4.0063     72.363  0.000e+00
     71.708     7.2751    33.3987    26.1198 1.5873e-01     0.1310      0.018    1478.91     59.094     5.7256  59.725044     4.0064     72.401  0.000e+00
     71.720     7.2745    33.3986    26.1197 1.5873e-01     0.1298      0.018    1478.90     59.094     5.7257  59.725044     4.0065     72.413  0.000e+00
     71.731     7.2735    33.3981    26.1195 1.5873e-01     0.1298      0.018    1478.90     59.095     5.7258  59.725045     4.0066     72.424  0.000e+00
     71.768     7.2734    33.3981    26.1195 1.5873e-01     0.1310      0.018    1478.90     59.096     5.7260  59.725045     4.0067     72.462  0.000e+00
     71.780     7.2730    33.3985    26.1199 1.5873e-01     0.1298      0.018    1478.90     59.097     5.7261  59.725046     4.0068     72.473  0.000e+00
     71.804     7.2730    33.3987    26.1200 1.5873e-01     0.1298      0.018    1478.90     59.098     5.7262  59.725046     4.0069     72.498  0.000e+00
     71.829     7.2734    33.3987    26.1200 1.5873e-01     0.1298      0.018    1478.90     59.100     5.7263  59.725047     4.0070     72.523  0.000e+00
     71.840     7.2734    33.3990    26.1202 1.5873e-01     0.1298      0.015    1478.90     59.102     5.7265  59.725047     4.0071     72.534  0.000e+00
     71.864     7.2734    33.3993    26.1205 1.5873e-01     0.1298      0.015    1478.90     59.042     5.7207  59.725048     4.0030     72.559  0.000e+00
     71.889     7.2735    33.3986    26.1199 1.5873e-01     0.1298      0.018    1478.90     59.100     5.7263  59.725048     4.0069     72.584  0.000e+00
     71.913     7.2734    33.3976    26.1191 1.5873e-01     0.1298      0.018    1478.90     59.041     5.7207  59.725049     4.0030     72.608  0.000e+00
     71.936     7.2726    33.3974    26.1191 1.5873e-01     0.1298      0.018    1478.90     59.100     5.7265  59.725049     4.0070     72.631  0.000e+00
     71.949     7.2727    33.3983    26.1197 1.5873e-01     0.1298      0.018    1478.90     59.104     5.7268  59.725050     4.0073     72.644  0.000e+00
     71.975     7.2732    33.3993    26.1204 1.5873e-01     0.1298      0.018    1478.90     59.046     5.7211  59.725050     4.0033     72.671  0.000e+00
     72.009     7.2735    33.3997    26.1207 1.5873e-01     0.1298      0.015    1478.91     59.098     5.7261  59.725051     4.0068     72.705  0.000e+00
     72.021     7.2735    33.3991    26.1203 1.5873e-01     0.1298      0.018    1478.91     59.103     5.7266  59.725051     4.0072     72.717  0.000e+00
     72.045     7.2735    33.3992    26.1203 1.5873e-01     0.1298      0.018    1478.91     59.047     5.7211  59.725052     4.0033     72.741  0.000e+00
     72.058     7.2737    33.3996    26.1206 1.5873e-01     0.1298      0.018    1478.91     59.107     5.7270  59.725052     4.0074     72.755  0.000e+00
     72.081     7.2736    33.3992    26.1204 1.5873e-01     0.1310      0.018    1478.91     59.052     5.7216  59.725053     4.0036     72.778  0.000e+00
     72.118     7.2732    33.3980    26.1195 1.5873e-01     0.1298      0.018    1478.90     59.043     5.7209  59.725053     4.0032     72.815  0.000e+00
     72.130     7.2730    33.3977    26.1192 1.5873e-01     0.1298      0.015    1478.90     59.035     5.7202  59.725054     4.0026     72.827  0.000e+00
     72.154     7.2729    33.3986    26.1199 1.5873e-01     0.1298      0.015    1478.90     59.028     5.7194  59.725054     4.0021     72.852  0.000e+00
     72.179     7.2729    33.3988    26.1201 1.5873e-01     0.1298      0.015    1478.91     59.020     5.7187  59.725054     4.0016     72.876  0.000e+00
     72.201     7.2732    33.3990    26.1202 1.5873e-01     0.1298      0.018    1478.91     59.021     5.7187  59.725055     4.0016     72.899  0.000e+00
     72.226     7.2730    33.3990    26.1203 1.5873e-01     0.1298      0.018    1478.91     59.023     5.7189  59.725055     4.0017     72.924  0.000e+00
     72.250     7.2735    33.3997    26.1208 1.5873e-01     0.1310      0.015    1478.91     59.017     5.7182  59.725056     4.0013     72.949  0.000e+00
     72.263     7.2740    33.4015    26.1221 1.5873e-01     0.1298      0.018    1478.91     59.019     5.7183  59.725056     4.0013     72.962  0.000e+00
     72.299     7.2749    33.4022    26.1225 1.5873e-01     0.1298      0.015    1478.92     59.022     5.7185  59.725057     4.0014     72.998  0.000e+00
     72.311     7.2755    33.4014    26.1218 1.5873e-01     0.1310      0.018    1478.92     59.018     5.7180  59.725057     4.0011     73.009  0.000e+00
     72.335     7.2759    33.4026    26.1227 1.5873e-01     0.1298      0.018    1478.92     59.014     5.7175  59.725058     4.0008     73.034  0.000e+00
     72.359     7.2772    33.4037    26.1234 1.5873e-01     0.1310      0.018    1478.93     59.010     5.7169  59.725058     4.0004     73.059  0.000e+00
     72.395     7.2781    33.4034    26.1230 1.5873e-01     0.1298      0.018    1478.93     59.015     5.7173  59.725059     4.0006     73.095  0.000e+00
     72.408     7.2778    33.4014    26.1215 1.5873e-01     0.1298      0.018    1478.93     59.020     5.7179  59.725059     4.0010     73.108  0.000e+00
     72.444     7.2769    33.3993    26.1199 1.5873e-01     0.1298      0.018    1478.93     59.018     5.7179  59.725060     4.0011     73.144  0.000e+00
     72.444     7.2756    33.3987    26.1197 1.5873e-01     0.1298      0.018    1478.92     59.016     5.7179  59.725060     4.0011     73.144  0.000e+00
     72.480     7.2746    33.3980    26.1193 1.5873e-01     0.1298      0.015    1478.92     59.015     5.7180  59.725061     4.0011     73.180  0.000e+00
     72.504     7.2741    33.3984    26.1196 1.5873e-01     0.1298      0.018    1478.91     59.014     5.7179  59.725061     4.0011     73.205  0.000e+00
     72.529     7.2738    33.3982    26.1195 1.5873e-01     0.1298      0.015    1478.91     59.021     5.7187  59.725062     4.0016     73.230  0.000e+00
     72.551     7.2734    33.3985    26.1198 1.5873e-01     0.1298      0.015    1478.91     59.021     5.7187  59.725062     4.0016     73.253  0.000e+00
     72.576     7.2730    33.3980    26.1195 1.5873e-01     0.1298      0.018    1478.91     59.021     5.7188  59.725063     4.0017     73.277  0.000e+00
     72.600     7.2727    33.3981    26.1196 1.5873e-01     0.1298      0.015    1478.91     59.022     5.7189  59.725063     4.0017     73.302  0.000e+00
     72.613     7.2727    33.3981    26.1196 1.5873e-01     0.1298      0.015    1478.91     59.022     5.7189  59.725064     4.0018     73.315  0.000e+00
     72.636     7.2729    33.3979    26.1194 1.5873e-01     0.1298      0.018    1478.91     59.024     5.7190  59.725064     4.0018     73.338  0.000e+00
     72.661     7.2727    33.3985    26.1199 1.5873e-01     0.1298      0.018    1478.91     59.025     5.7192  59.725065     4.0019     73.363  0.000e+00
     72.696     7.2729    33.4005    26.1215 1.5873e-01     0.1298      0.015    1478.92     59.035     5.7200  59.725065     4.0025     73.399  0.000e+00
     72.709     7.2741    33.4023    26.1227 1.5873e-01     0.1298      0.015    1478.92     59.037     5.7200  59.725066     4.0025     73.412  0.000e+00
     72.745     7.2757    33.4059    26.1253 1.5873e-01     0.1298      0.018    1478.93     59.040     5.7199  59.725066     4.0025     73.448  0.000e+00
     72.770     7.2778    33.4077    26.1264 1.5873e-01     0.1298      0.018    1478.95     59.043     5.7198  59.725067     4.0024     73.473  0.000e+00
     72.781     7.2801    33.4079    26.1263 1.5873e-01     0.1298      0.018    1478.95     59.046     5.7198  59.725067     4.0024     73.485  0.000e+00
     72.819     7.2812    33.4085    26.1266 1.7094e-01     0.1298      0.018    1478.96     59.049     5.7200  59.725068     4.0025     73.522  0.000e+00
     72.841     7.2822    33.4090    26.1268 1.7094e-01     0.1298      0.018    1478.96     59.053     5.7203  59.725068     4.0027     73.545  0.000e+00
     72.854     7.2833    33.4095    26.1271 1.5873e-01     0.1298      0.018    1478.97     59.057     5.7205  59.725068     4.0029     73.559  0.000e+00
     72.890     7.2843    33.4105    26.1277 1.5873e-01     0.1298      0.018    1478.98     59.062     5.7208  59.725069     4.0031     73.595  0.000e+00
     72.902     7.2857    33.4104    26.1274 1.5873e-01     0.1298      0.018    1478.98     59.067     5.7210  59.725069     4.0033     73.606  0.000e+00
     72.939     7.2863    33.4105    26.1275 1.5873e-01     0.1298      0.018    1478.98     59.072     5.7215  59.725070     4.0035     73.644  0.000e+00
     72.950     7.2871    33.4105    26.1273 1.5873e-01     0.1298      0.015    1478.99     59.077     5.7219  59.725070     4.0038     73.656  0.000e+00
     72.986     7.2874    33.4110    26.1277 1.5873e-01     0.1298      0.018    1478.99     59.083     5.7224  59.725071     4.0042     73.692  0.000e+00
     73.007     7.2879    33.4115    26.1281 1.5873e-01     0.1298      0.015    1478.99     59.081     5.7221  59.725071     4.0040     73.713  0.000e+00
     73.024     7.2884    33.4123    26.1286 1.5873e-01     0.1298      0.018    1479.00     59.087     5.7226  59.725072     4.0044     73.730  0.000e+00
     73.071     7.2889    33.4124    26.1286 1.5873e-01     0.1298      0.018    1479.00     59.086     5.7225  59.725072     4.0042     73.777  0.000e+00
     73.071     7.2895    33.4134    26.1293 1.5873e-01     0.1298      0.018    1479.00     59.092     5.7229  59.725073     4.0046     73.777  0.000e+00
     73.108     7.2903    33.4131    26.1290 1.5873e-01     0.1298      0.018    1479.01     59.099     5.7235  59.725073     4.0050     73.815  0.000e+00
     73.131     7.2905    33.4142    26.1298 1.5873e-01     0.1298      0.018    1479.01     59.098     5.7234  59.725074     4.0049     73.838  0.000e+00
     73.169     7.2911    33.4143    26.1298 1.5873e-01     0.1298      0.018    1479.01     59.106     5.7240  59.725074     4.0053     73.876  0.000e+00
     73.180     7.2911    33.4143    26.1298 1.5873e-01     0.1310      0.018    1479.01     59.113     5.7247  59.725075     4.0058     73.887  0.000e+00
     73.204     7.2914    33.4137    26.1293 1.5873e-01     0.1298      0.018    1479.01     59.113     5.7246  59.725075     4.0058     73.912  0.000e+00
     73.229     7.2916    33.4132    26.1289 1.5873e-01     0.1298      0.018    1479.01     59.120     5.7254  59.725076     4.0063     73.937  0.000e+00
     73.265     7.2914    33.4133    26.1290 1.5873e-01     0.1298      0.018    1479.01     59.121     5.7254  59.725076     4.0063     73.973  0.000e+00
     73.276     7.2917    33.4140    26.1295 1.5873e-01     0.1298      0.018    1479.02     59.121     5.7254  59.725077     4.0063     73.984  0.000e+00
     73.313     7.2919    33.4144    26.1297 1.5873e-01     0.1298      0.018    1479.02     59.121     5.7254  59.725077     4.0063     74.022  0.000e+00
     73.336     7.2924    33.4138    26.1292 1.5873e-01     0.1298      0.015    1479.02     59.121     5.7253  59.725078     4.0063     74.045  0.000e+00
     73.357     7.2919    33.4134    26.1290 1.5873e-01     0.1298      0.015    1479.02     59.121     5.7254  59.725078     4.0063     74.067  0.000e+00
     73.385     7.2917    33.4126    26.1283 1.5873e-01     0.1298      0.015    1479.02     59.122     5.7255  59.725079     4.0064     74.095  0.000e+00
     73.410     7.2911    33.4127    26.1285 1.5873e-01     0.1298      0.018    1479.01     59.122     5.7256  59.725079     4.0064     74.119  0.000e+00
     73.421     7.2910    33.4129    26.1287 1.5873e-01     0.1298      0.015    1479.01     59.122     5.7256  59.725080     4.0065     74.131  0.000e+00
