RAWDATA/20190228/Hm4_20190228_down_bin.cnv
* Sea-Bird SBE 9 Data File:
* FileName = C:\CTD Brukere\NIVA\IO2019\20190228\Hm4_20190228.hex
* Software Version Seasave V 7.23.2
* Temperature SN = 5352
* Conductivity SN = 3840
* Number of Bytes Per Scan = 28
* Number of Voltage Words = 4
* Number of Scans Averaged by the Deck Unit = 1
* NMEA baud rate = 4800
** Ship: R/V Trygve Braarud
** Cruise:
** Station:
** Operator:
# nquan = 14
# nvalues = 101                         
# units = specified
# name 0 = depSM: Depth [salt water, m], lat = 59.60
# name 1 = t090C: Temperature [ITS-90, deg C]
# name 2 = sal00: Salinity, Practical [PSU]
# name 3 = sigma-t00: Density [sigma-t, kg/m^3 ]
# name 4 = flSP: Fluorescence, Seapoint
# name 5 = wetStar: Fluorescence, WET Labs WETstar [mg/m^3]
# name 6 = seaTurbMtr: Turbidity, Seapoint [FTU]
# name 7 = svCM: Sound Velocity [Chen-Millero, m/s]
# name 8 = sbeox0PS: Oxygen, SBE 43 [% saturation]
# name 9 = sbeox0Mg/L: Oxygen, SBE 43 [mg/l]
# name 10 = timeJ: Julian Days
# name 11 = sbeox0ML/L: Oxygen, SBE 43 [ml/l]
# name 12 = prDM: Pressure, Digiquartz [db]
# name 13 = flag: flag
# span 0 =      0.000,    100.000       
# span 1 =     3.2959,     7.3674       
# span 2 =    25.8888,    33.4743       
# span 3 =    20.5998,    26.1663       
# span 4 = 1.5302e-01, 4.4459e-01       
# span 5 =     0.1259,     0.1300       
# span 6 =      0.014,      0.017       
# span 7 =    1451.89,    1479.82       
# span 8 =     58.629,     74.239       
# span 9 =     5.7114,     8.3148       
# span 10 =  59.723472,  59.725641      
# span 11 =     3.9965,     5.8182      
# span 12 =     -0.000,    100.973      
# span 13 = 0.0000e+00, 0.0000e+00      
# interval = meters: 1                  
# start_time = Feb 28 2019 17:21:45 [System UpLoad Time]
# bad_flag = -9.990e-29
*END*
      0.000     3.2959    25.8888    20.5998 4.4459e-01     0.1259      0.015    1451.89     74.205     8.3148  59.723472     5.8182     -0.000 0.0000e+00
      1.000     3.3298    26.0523    20.7275 4.0896e-01     0.1267      0.015    1452.26     74.025     8.2784  59.723528     5.7927      1.009 0.0000e+00
      2.000     3.4252    26.5182    21.0910 3.9044e-01     0.1280      0.015    1453.29     73.919     8.2208  59.723551     5.7524      2.019 0.0000e+00
      3.000     3.4963    26.9176    21.4034 3.9072e-01     0.1284      0.016    1454.13     74.004     8.1934  59.723572     5.7333      3.029 0.0000e+00
      4.000     3.5135    26.9960    21.4644 3.9272e-01     0.1284      0.015    1454.32     74.239     8.2115  59.723592     5.7459      4.038 0.0000e+00
      5.000     3.5171    27.0422    21.5009 4.4206e-01     0.1286      0.015    1454.41     74.194     8.2033  59.723614     5.7402      5.047 0.0000e+00
      6.000     3.6237    27.5205    21.8728 3.9905e-01     0.1287      0.015    1455.50     73.668     8.0974  59.723636     5.6661      6.057 0.0000e+00
      7.000     3.7763    28.0060    22.2463 3.8554e-01     0.1287      0.015    1456.79     73.332     8.0036  59.723655     5.6004      7.067 0.0000e+00
      8.000     3.9752    28.5778    22.6836 3.5445e-01     0.1287      0.015    1458.39     73.421     7.9434  59.723678     5.5583      8.076 0.0000e+00
      9.000     4.1627    29.1797    23.1447 3.3077e-01     0.1287      0.015    1459.97     73.079     7.8384  59.723700     5.4848      9.085 0.0000e+00
     10.000     4.7071    30.1184    23.8370 2.9101e-01     0.1287      0.015    1463.47     72.175     7.5917  59.723719     5.3122     10.095 0.0000e+00
     11.000     5.2220    30.9556    24.4460 2.6771e-01     0.1284      0.014    1466.67     71.133     7.3490  59.723743     5.1424     11.105 0.0000e+00
     12.000     5.5987    31.5605    24.8827 2.2934e-01     0.1289      0.015    1468.99     70.646     7.2041  59.723764     5.0410     12.114 0.0000e+00
     13.000     5.8187    31.8721    25.1033 2.3580e-01     0.1288      0.015    1470.28     69.899     7.0763  59.723784     4.9516     13.124 0.0000e+00
     14.000     6.1132    32.2515    25.3674 2.2177e-01     0.1289      0.015    1471.96     67.216     6.7410  59.723807     4.7170     14.133 0.0000e+00
     15.000     6.2482    32.4119    25.4774 2.0516e-01     0.1290      0.015    1472.71     64.381     6.4292  59.723828     4.4988     15.143 0.0000e+00
     16.000     6.3382    32.5063    25.5406 2.0693e-01     0.1290      0.015    1473.20     62.899     6.2641  59.723847     4.3833     16.152 0.0000e+00
     17.000     6.4479    32.6151    25.6125 2.0380e-01     0.1294      0.015    1473.79     61.003     6.0556  59.723871     4.2374     17.162 0.0000e+00
     18.000     6.5158    32.6828    25.6572 1.9438e-01     0.1293      0.016    1474.16     59.744     5.9185  59.723892     4.1414     18.172 0.0000e+00
     19.000     6.6883    32.8392    25.7581 1.8524e-01     0.1290      0.016    1475.05     59.356     5.8505  59.723911     4.0939     19.181 0.0000e+00
     20.000     6.7108    32.8652    25.7757 1.9184e-01     0.1293      0.017    1475.19     59.165     5.8276  59.723934     4.0778     20.191 0.0000e+00
     21.000     6.7251    32.8835    25.7883 1.7840e-01     0.1294      0.016    1475.28     58.984     5.8072  59.723956     4.0635     21.200 0.0000e+00
     22.000     6.7344    32.8914    25.7933 1.8401e-01     0.1295      0.016    1475.35     58.813     5.7888  59.723975     4.0507     22.210 0.0000e+00
     23.000     6.7019    32.8625    25.7748 1.8435e-01     0.1295      0.016    1475.20     58.762     5.7893  59.723999     4.0510     23.219 0.0000e+00
     24.000     6.7441    32.9064    25.8039 1.8640e-01     0.1296      0.017    1475.44     58.707     5.7765  59.724021     4.0421     24.229 0.0000e+00
     25.000     6.8022    32.9614    25.8395 1.8549e-01     0.1296      0.017    1475.75     58.629     5.7591  59.724040     4.0299     25.239 0.0000e+00
     26.000     6.8689    33.0231    25.8792 1.7584e-01     0.1294      0.016    1476.10     58.806     5.7653  59.724066     4.0342     26.248 0.0000e+00
     27.000     6.9664    33.1145    25.9382 1.7051e-01     0.1296      0.017    1476.61     58.783     5.7466  59.724087     4.0211     27.258 0.0000e+00
     28.000     6.9586    33.1067    25.9331 1.7527e-01     0.1297      0.017    1476.59     58.863     5.7557  59.724107     4.0275     28.268 0.0000e+00
     29.000     6.9451    33.0974    25.9276 1.7324e-01     0.1297      0.017    1476.54     58.828     5.7544  59.724132     4.0266     29.277 0.0000e+00
     30.000     6.9605    33.1116    25.9367 1.7098e-01     0.1298      0.017    1476.64     58.649     5.7344  59.724151     4.0126     30.287 0.0000e+00
     31.000     6.9748    33.1257    25.9459 1.7669e-01     0.1296      0.016    1476.73     58.769     5.7437  59.724172     4.0191     31.296 0.0000e+00
     32.000     6.9653    33.1170    25.9403 1.7342e-01     0.1297      0.017    1476.70     58.791     5.7475  59.724197     4.0217     32.306 0.0000e+00
     33.000     6.9972    33.1512    25.9629 1.7222e-01     0.1297      0.017    1476.88     58.913     5.7538  59.724217     4.0262     33.316 0.0000e+00
     34.000     7.0451    33.1950    25.9909 1.8030e-01     0.1297      0.016    1477.14     58.943     5.7488  59.724239     4.0227     34.325 0.0000e+00
     35.000     7.0712    33.2218    26.0085 1.7034e-01     0.1298      0.017    1477.29     58.987     5.7486  59.724263     4.0225     35.335 0.0000e+00
     36.000     7.1053    33.2509    26.0268 1.6870e-01     0.1298      0.017    1477.47     58.844     5.7291  59.724282     4.0089     36.345 0.0000e+00
     37.000     7.1238    33.2681    26.0377 1.7680e-01     0.1297      0.016    1477.58     58.896     5.7311  59.724303     4.0103     37.354 0.0000e+00
     38.000     7.1348    33.2789    26.0448 1.6592e-01     0.1298      0.017    1477.66     59.023     5.7415  59.724327     4.0176     38.364 0.0000e+00
     39.000     7.1355    33.2782    26.0442 1.6317e-01     0.1297      0.017    1477.67     59.010     5.7403  59.724346     4.0167     39.374 0.0000e+00
     40.000     7.1401    33.2831    26.0474 1.6840e-01     0.1298      0.017    1477.72     59.079     5.7461  59.724366     4.0208     40.383 0.0000e+00
     41.000     7.1449    33.2870    26.0498 1.6146e-01     0.1297      0.016    1477.75     58.927     5.7306  59.724391     4.0100     41.393 0.0000e+00
     42.000     7.1501    33.2928    26.0536 1.6162e-01     0.1297      0.017    1477.80     58.800     5.7173  59.724410     4.0007     42.403 0.0000e+00
     43.000     7.1769    33.3166    26.0687 1.6927e-01     0.1297      0.017    1477.95     58.821     5.7149  59.724431     3.9990     43.413 0.0000e+00
     44.000     7.1844    33.3223    26.0721 1.5914e-01     0.1298      0.017    1478.00     59.008     5.7320  59.724456     4.0109     44.422 0.0000e+00
     45.000     7.1877    33.3268    26.0752 1.5875e-01     0.1297      0.017    1478.04     59.024     5.7329  59.724475     4.0116     45.432 0.0000e+00
     46.000     7.2070    33.3444    26.0864 1.6446e-01     0.1298      0.017    1478.15     58.988     5.7262  59.724496     4.0068     46.442 0.0000e+00
     47.000     7.2375    33.3673    26.1003 1.6484e-01     0.1298      0.016    1478.31     58.885     5.7114  59.724521     3.9965     47.451 0.0000e+00
     48.000     7.2390    33.3713    26.1032 1.6191e-01     0.1298      0.017    1478.34     58.993     5.7215  59.724539     4.0036     48.461 0.0000e+00
     49.000     7.2584    33.3861    26.1121 1.6190e-01     0.1298      0.016    1478.45     59.141     5.7327  59.724562     4.0114     49.471 0.0000e+00
     50.000     7.2825    33.4071    26.1253 1.5863e-01     0.1297      0.017    1478.59     59.107     5.7255  59.724585     4.0064     50.480 0.0000e+00
     51.000     7.2918    33.4128    26.1285 1.5841e-01     0.1298      0.017    1478.64     59.075     5.7210  59.724603     4.0032     51.490 0.0000e+00
     52.000     7.2909    33.4127    26.1285 1.6039e-01     0.1298      0.017    1478.66     59.106     5.7241  59.724625     4.0054     52.500 0.0000e+00
     53.000     7.2922    33.4138    26.1293 1.5900e-01     0.1299      0.017    1478.68     59.027     5.7162  59.724647     3.9999     53.510 0.0000e+00
     54.000     7.2923    33.4142    26.1295 1.5989e-01     0.1298      0.017    1478.70     59.022     5.7157  59.724667     3.9995     54.519 0.0000e+00
     55.000     7.2905    33.4120    26.1281 1.6339e-01     0.1299      0.017    1478.71     58.997     5.7137  59.724689     3.9981     55.529 0.0000e+00
     56.000     7.2843    33.4077    26.1256 1.5862e-01     0.1299      0.017    1478.69     59.062     5.7209  59.724712     4.0031     56.539 0.0000e+00
     57.000     7.2843    33.4073    26.1252 1.5843e-01     0.1299      0.017    1478.71     59.215     5.7358  59.724732     4.0135     57.549 0.0000e+00
     58.000     7.2872    33.4109    26.1277 1.6185e-01     0.1298      0.017    1478.74     59.285     5.7420  59.724753     4.0179     58.559 0.0000e+00
     59.000     7.3059    33.4254    26.1365 1.5871e-01     0.1299      0.017    1478.85     59.145     5.7254  59.724775     4.0063     59.568 0.0000e+00
     60.000     7.3078    33.4273    26.1377 1.5843e-01     0.1298      0.017    1478.87     59.173     5.7278  59.724795     4.0080     60.578 0.0000e+00
     61.000     7.3097    33.4287    26.1385 1.5872e-01     0.1300      0.017    1478.90     59.217     5.7318  59.724816     4.0108     61.588 0.0000e+00
     62.000     7.3001    33.4196    26.1327 1.5955e-01     0.1299      0.017    1478.87     59.261     5.7376  59.724838     4.0149     62.598 0.0000e+00
     63.000     7.2993    33.4204    26.1334 1.5814e-01     0.1299      0.017    1478.88     59.180     5.7298  59.724859     4.0094     63.607 0.0000e+00
     64.000     7.2979    33.4184    26.1321 1.5899e-01     0.1298      0.017    1478.89     59.200     5.7321  59.724880     4.0110     64.617 0.0000e+00
     65.000     7.2936    33.4155    26.1304 1.5900e-01     0.1299      0.017    1478.89     59.108     5.7238  59.724902     4.0052     65.627 0.0000e+00
     66.000     7.2909    33.4126    26.1285 1.5873e-01     0.1298      0.017    1478.89     59.219     5.7350  59.724923     4.0130     66.637 0.0000e+00
     67.000     7.2927    33.4144    26.1297 1.5845e-01     0.1298      0.017    1478.92     59.345     5.7469  59.724944     4.0213     67.647 0.0000e+00
     68.000     7.2883    33.4107    26.1273 1.6034e-01     0.1298      0.017    1478.91     59.213     5.7349  59.724966     4.0129     68.656 0.0000e+00
     69.000     7.2885    33.4104    26.1270 1.6135e-01     0.1298      0.017    1478.93     59.246     5.7381  59.724987     4.0152     69.666 0.0000e+00
     70.000     7.2712    33.3972    26.1191 1.5958e-01     0.1298      0.017    1478.86     59.147     5.7312  59.725007     4.0104     70.676 0.0000e+00
     71.000     7.2746    33.3995    26.1205 1.5875e-01     0.1298      0.016    1478.89     59.169     5.7328  59.725028     4.0115     71.686 0.0000e+00
     72.000     7.2741    33.3995    26.1205 1.5873e-01     0.1300      0.017    1478.91     59.062     5.7226  59.725051     4.0043     72.696 0.0000e+00
     73.000     7.2845    33.4088    26.1264 1.5933e-01     0.1298      0.017    1478.98     59.076     5.7222  59.725071     4.0040     73.706 0.0000e+00
     74.000     7.2904    33.4120    26.1281 1.5926e-01     0.1298      0.017    1479.02     59.132     5.7267  59.725092     4.0072     74.716 0.0000e+00
     75.000     7.2905    33.4123    26.1283 1.5899e-01     0.1299      0.017    1479.04     59.182     5.7316  59.725114     4.0106     75.725 0.0000e+00
     76.000     7.3149    33.4344    26.1423 1.5716e-01     0.1299      0.017    1479.17     59.107     5.7202  59.725135     4.0027     76.735 0.0000e+00
     77.000     7.3199    33.4372    26.1438 1.5728e-01     0.1298      0.017    1479.21     59.154     5.7240  59.725154     4.0053     77.745 0.0000e+00
     78.000     7.3149    33.4311    26.1397 1.5875e-01     0.1299      0.017    1479.20     59.198     5.7292  59.725176     4.0090     78.755 0.0000e+00
     79.000     7.3292    33.4459    26.1493 1.5673e-01     0.1299      0.017    1479.29     59.206     5.7275  59.725196     4.0078     79.765 0.0000e+00
     80.000     7.3433    33.4562    26.1554 1.5753e-01     0.1299      0.017    1479.38     59.243     5.7289  59.725215     4.0087     80.775 0.0000e+00
     81.000     7.3434    33.4558    26.1552 1.5698e-01     0.1299      0.017    1479.39     59.288     5.7332  59.725237     4.0117     81.784 0.0000e+00
     82.000     7.3424    33.4551    26.1548 1.5565e-01     0.1299      0.017    1479.41     59.343     5.7387  59.725259     4.0156     82.794 0.0000e+00
     83.000     7.3367    33.4504    26.1519 1.5693e-01     0.1299      0.016    1479.40     59.311     5.7365  59.725278     4.0141     83.804 0.0000e+00
     84.000     7.3343    33.4492    26.1512 1.5773e-01     0.1298      0.017    1479.40     59.234     5.7294  59.725299     4.0091     84.814 0.0000e+00
     85.000     7.3369    33.4513    26.1525 1.5689e-01     0.1299      0.017    1479.43     59.209     5.7266  59.725321     4.0072     85.824 0.0000e+00
     86.000     7.3349    33.4498    26.1516 1.5479e-01     0.1299      0.017    1479.44     59.281     5.7339  59.725339     4.0123     86.834 0.0000e+00
     87.000     7.3368    33.4517    26.1528 1.5586e-01     0.1298      0.017    1479.46     59.350     5.7403  59.725360     4.0167     87.844 0.0000e+00
     88.000     7.3357    33.4503    26.1519 1.5589e-01     0.1299      0.017    1479.47     59.227     5.7286  59.725382     4.0085     88.854 0.0000e+00
     89.000     7.3331    33.4476    26.1502 1.5551e-01     0.1299      0.017    1479.48     59.217     5.7280  59.725401     4.0081     89.864 0.0000e+00
     90.000     7.3326    33.4474    26.1500 1.5686e-01     0.1298      0.017    1479.49     59.117     5.7185  59.725421     4.0014     90.874 0.0000e+00
     91.000     7.3345    33.4491    26.1511 1.5656e-01     0.1298      0.017    1479.52     59.238     5.7298  59.725443     4.0094     91.884 0.0000e+00
     92.000     7.3336    33.4480    26.1504 1.5609e-01     0.1298      0.017    1479.53     59.192     5.7255  59.725463     4.0064     92.894 0.0000e+00
     93.000     7.3358    33.4501    26.1517 1.5734e-01     0.1298      0.017    1479.56     59.314     5.7369  59.725482     4.0144     93.904 0.0000e+00
     94.000     7.3372    33.4509    26.1521 1.5455e-01     0.1298      0.017    1479.58     59.239     5.7295  59.725504     4.0092     94.913 0.0000e+00
     95.000     7.3382    33.4521    26.1529 1.5408e-01     0.1298      0.017    1479.60     59.242     5.7296  59.725525     4.0092     95.923 0.0000e+00
     96.000     7.3445    33.4563    26.1554 1.5495e-01     0.1299      0.017    1479.65     59.200     5.7246  59.725545     4.0057     96.933 0.0000e+00
     97.000     7.3493    33.4607    26.1581 1.5493e-01     0.1300      0.017    1479.69     59.159     5.7198  59.725566     4.0024     97.943 0.0000e+00
     98.000     7.3571    33.4664    26.1616 1.5302e-01     0.1299      0.017    1479.74     59.207     5.7232  59.725587     4.0047     98.953 0.0000e+00
     99.000     7.3673    33.4742    26.1663 1.5470e-01     0.1299      0.017    1479.81     59.196     5.7205  59.725608     4.0029     99.963 0.0000e+00
    100.000     7.3674    33.4743    26.1663 1.5624e-01     0.1298      0.017    1479.82     59.304     5.7309  59.725641     4.0102    100.973 0.0000e+00
