RAWDATA/20190228/Hm4_20190228_down.cnv
* Sea-Bird SBE 9 Data File:
* FileName = C:\CTD Brukere\NIVA\IO2019\20190228\Hm4_20190228.hex
* Software Version Seasave V 7.23.2
* Temperature SN = 5352
* Conductivity SN = 3840
* Number of Bytes Per Scan = 28
* Number of Voltage Words = 4
* Number of Scans Averaged by the Deck Unit = 1
* NMEA baud rate = 4800
** Ship: R/V Trygve Braarud
** Cruise:
** Station:
** Operator:
# nquan = 14
# nvalues = 4642                                  
# units = specified
# name 0 = depSM: Depth [salt water, m], lat = 59.60
# name 1 = t090C: Temperature [ITS-90, deg C]
# name 2 = sal00: Salinity, Practical [PSU]
# name 3 = sigma-t00: Density [sigma-t, kg/m^3 ]
# name 4 = flSP: Fluorescence, Seapoint
# name 5 = wetStar: Fluorescence, WET Labs WETstar [mg/m^3]
# name 6 = seaTurbMtr: Turbidity, Seapoint [FTU]
# name 7 = svCM: Sound Velocity [Chen-Millero, m/s]
# name 8 = sbeox0PS: Oxygen, SBE 43 [% saturation]
# name 9 = sbeox0Mg/L: Oxygen, SBE 43 [mg/l]
# name 10 = timeJ: Julian Days
# name 11 = sbeox0ML/L: Oxygen, SBE 43 [ml/l]
# name 12 = prDM: Pressure, Digiquartz [db]
# name 13 = flag:  0.000e+00
# span 0 =     -0.084,    100.480                 
# span 1 =     3.2756,     7.3735                 
# span 2 =    25.7987,    33.4794                 
# span 3 =    20.5292,    26.1698                 
# span 4 = 1.4652e-01, 7.5702e-01                 
# span 5 =     0.1249,     0.1310                 
# span 6 =      0.011,      0.018                 
# span 7 =    1451.69,    1479.85                 
# span 8 =     58.557,     74.415                 
# span 9 =     5.7049,     8.3297                 
# span 10 =  59.723438,  59.725676                
# span 11 =     3.9919,     5.8286                
# span 12 =     -0.085,    101.458                
# span 13 = 0.0000e+00, 0.0000e+00                
# interval = seconds: 0.0416667
# start_time = Feb 28 2019 17:21:45 [System UpLoad Time]
# bad_flag = -9.990e-29
*END*
[from data line 2065]
     43.095     7.1803    33.3190    26.0701 1.7094e-01     0.1298      0.015    1477.97     58.851     5.7174  59.724433     4.0007     43.509  0.000e+00
     43.108     7.1804    33.3196    26.0706 1.7094e-01     0.1298      0.015    1477.97     58.854     5.7176  59.724434     4.0008     43.522  0.000e+00
     43.132     7.1810    33.3198    26.0707 1.7094e-01     0.1298      0.018    1477.97     58.794     5.7117  59.724434     3.9967     43.546  0.000e+00
     43.155     7.1813    33.3199    26.0707 1.7094e-01     0.1285      0.018    1477.97     58.797     5.7119  59.724435     3.9969     43.569  0.000e+00
     43.155     7.1814    33.3196    26.0704 1.7094e-01     0.1298      0.018    1477.97     58.793     5.7115  59.724435     3.9966     43.569  0.000e+00
     43.193     7.1814    33.3201    26.0708 1.7094e-01     0.1298      0.018    1477.97     58.851     5.7172  59.724436     4.0005     43.607  0.000e+00
     43.193     7.1817    33.3194    26.0702 1.7094e-01     0.1298      0.018    1477.97     58.792     5.7114  59.724436     3.9965     43.607  0.000e+00
     43.215     7.1817    33.3198    26.0706 1.7094e-01     0.1298      0.018    1477.97     58.851     5.7171  59.724437     4.0005     43.630  0.000e+00
     43.215     7.1816    33.3203    26.0710 1.7094e-01     0.1298      0.015    1477.97     58.854     5.7175  59.724437     4.0008     43.630  0.000e+00
     43.253     7.1819    33.3210    26.0715 1.7094e-01     0.1298      0.015    1477.98     58.796     5.7118  59.724438     3.9968     43.668  0.000e+00
     43.259     7.1822    33.3214    26.0717 1.7094e-01     0.1285      0.018    1477.98     58.855     5.7174  59.724438     4.0007     43.674  0.000e+00
     43.288     7.1827    33.3222    26.0723 1.7094e-01     0.1298      0.018    1477.98     58.859     5.7177  59.724439     4.0009     43.704  0.000e+00
     43.300     7.1832    33.3223    26.0723 1.7094e-01     0.1298      0.015    1477.99     58.863     5.7181  59.724439     4.0012     43.715  0.000e+00
     43.313     7.1833    33.3224    26.0724 1.7094e-01     0.1298      0.018    1477.99     58.806     5.7124  59.724440     3.9972     43.728  0.000e+00
     43.313     7.1833    33.3218    26.0719 1.7094e-01     0.1298      0.018    1477.99     58.864     5.7182  59.724440     4.0012     43.728  0.000e+00
     43.349     7.1833    33.3216    26.0717 1.7094e-01     0.1285      0.018    1477.99     58.869     5.7186  59.724441     4.0016     43.764  0.000e+00
     43.360     7.1833    33.3217    26.0718 1.7094e-01     0.1298      0.015    1477.99     58.812     5.7130  59.724441     3.9976     43.776  0.000e+00
     43.373     7.1835    33.3222    26.0722 1.7094e-01     0.1298      0.015    1477.99     58.809     5.7127  59.724442     3.9974     43.789  0.000e+00
     43.396     7.1837    33.3224    26.0723 1.7094e-01     0.1298      0.015    1477.99     58.868     5.7185  59.724442     4.0015     43.812  0.000e+00
     43.420     7.1839    33.3226    26.0725 1.7094e-01     0.1298      0.018    1477.99     58.874     5.7189  59.724443     4.0018     43.837  0.000e+00
     43.420     7.1841    33.3228    26.0725 1.7094e-01     0.1298      0.018    1477.99     58.879     5.7194  59.724443     4.0021     43.837  0.000e+00
     43.462     7.1843    33.3225    26.0723 1.7094e-01     0.1298      0.015    1477.99     58.884     5.7199  59.724443     4.0025     43.879  0.000e+00
     43.456     7.1843    33.3228    26.0726 1.7094e-01     0.1298      0.018    1477.99     58.889     5.7204  59.724444     4.0028     43.873  0.000e+00
     43.469     7.1844    33.3226    26.0724 1.5873e-01     0.1298      0.018    1477.99     58.894     5.7209  59.724444     4.0031     43.886  0.000e+00
     43.504     7.1846    33.3226    26.0724 1.5873e-01     0.1298      0.015    1477.99     58.899     5.7213  59.724445     4.0035     43.922  0.000e+00
     43.516     7.1848    33.3225    26.0723 1.5873e-01     0.1298      0.015    1477.99     58.904     5.7218  59.724445     4.0038     43.933  0.000e+00
     43.540     7.1844    33.3226    26.0723 1.5873e-01     0.1298      0.018    1477.99     58.902     5.7216  59.724446     4.0036     43.958  0.000e+00
     43.553     7.1843    33.3224    26.0723 1.5873e-01     0.1298      0.018    1477.99     58.907     5.7221  59.724446     4.0040     43.971  0.000e+00
     43.565     7.1843    33.3223    26.0721 1.5873e-01     0.1298      0.015    1477.99     58.911     5.7226  59.724447     4.0043     43.982  0.000e+00
     43.589     7.1840    33.3227    26.0725 1.5873e-01     0.1298      0.018    1477.99     58.916     5.7231  59.724447     4.0047     44.007  0.000e+00
     43.600     7.1839    33.3228    26.0726 1.5873e-01     0.1298      0.018    1477.99     58.921     5.7235  59.724448     4.0050     44.019  0.000e+00
     43.631     7.1841    33.3221    26.0720 1.7094e-01     0.1298      0.015    1477.99     58.926     5.7240  59.724448     4.0053     44.050  0.000e+00
     43.649     7.1843    33.3227    26.0724 1.5873e-01     0.1298      0.018    1478.00     58.931     5.7244  59.724449     4.0056     44.068  0.000e+00
     43.660     7.1843    33.3234    26.0730 1.5873e-01     0.1298      0.018    1478.00     58.935     5.7249  59.724449     4.0059     44.079  0.000e+00
     43.696     7.1847    33.3232    26.0728 1.7094e-01     0.1298      0.018    1478.00     58.940     5.7253  59.724450     4.0062     44.115  0.000e+00
     43.709     7.1848    33.3231    26.0727 1.5873e-01     0.1298      0.018    1478.00     58.945     5.7258  59.724450     4.0066     44.128  0.000e+00
     43.720     7.1848    33.3228    26.0725 1.5873e-01     0.1298      0.015    1478.00     58.950     5.7262  59.724451     4.0069     44.140  0.000e+00
     43.756     7.1843    33.3227    26.0724 1.5873e-01     0.1298      0.018    1478.00     58.947     5.7260  59.724451     4.0067     44.176  0.000e+00
     43.769     7.1844    33.3222    26.0720 1.5873e-01     0.1298      0.018    1478.00     59.014     5.7325  59.724452     4.0113     44.189  0.000e+00
     43.751     7.1841    33.3224    26.0722 1.5873e-01     0.1298      0.018    1478.00     59.025     5.7336  59.724452     4.0121     44.171  0.000e+00
     43.854     7.1842    33.3229    26.0727 1.5873e-01     0.1298      0.015    1478.00     58.967     5.7280  59.724453     4.0081     44.274  0.000e+00
     43.854     7.1843    33.3230    26.0727 1.5873e-01     0.1298      0.015    1478.00     59.025     5.7336  59.724453     4.0120     44.274  0.000e+00
     43.865     7.1844    33.3229    26.0726 1.5873e-01     0.1298      0.018    1478.00     59.035     5.7346  59.724454     4.0127     44.286  0.000e+00
     43.889     7.1848    33.3227    26.0724 1.5873e-01     0.1298      0.018    1478.00     59.038     5.7348  59.724454     4.0129     44.310  0.000e+00
     43.901     7.1848    33.3230    26.0726 1.5873e-01     0.1298      0.015    1478.00     58.985     5.7297  59.724455     4.0093     44.322  0.000e+00
     43.925     7.1850    33.3242    26.0736 1.5873e-01     0.1298      0.015    1478.00     59.041     5.7350  59.724455     4.0130     44.347  0.000e+00
     43.949     7.1859    33.3242    26.0735 1.5873e-01     0.1298      0.018    1478.01     58.980     5.7290  59.724456     4.0088     44.371  0.000e+00
     43.979     7.1860    33.3238    26.0731 1.5873e-01     0.1298      0.018    1478.01     58.974     5.7283  59.724456     4.0084     44.401  0.000e+00
     44.010     7.1860    33.3235    26.0728 1.5873e-01     0.1298      0.015    1478.01     59.037     5.7345  59.724457     4.0126     44.432  0.000e+00
     44.034     7.1856    33.3232    26.0727 1.5873e-01     0.1298      0.018    1478.01     59.045     5.7353  59.724457     4.0132     44.456  0.000e+00
     44.045     7.1856    33.3226    26.0722 1.5873e-01     0.1298      0.018    1478.01     59.052     5.7361  59.724457     4.0138     44.468  0.000e+00
     44.081     7.1854    33.3224    26.0721 1.7094e-01     0.1298      0.018    1478.01     59.052     5.7361  59.724458     4.0138     44.504  0.000e+00
     44.094     7.1853    33.3224    26.0721 1.5873e-01     0.1298      0.018    1478.01     59.051     5.7360  59.724458     4.0137     44.517  0.000e+00
     44.135     7.1851    33.3226    26.0722 1.5873e-01     0.1298      0.015    1478.01     59.049     5.7358  59.724459     4.0136     44.558  0.000e+00
     44.141     7.1851    33.3226    26.0722 1.5873e-01     0.1298      0.018    1478.01     59.055     5.7364  59.724459     4.0140     44.565  0.000e+00
     44.177     7.1849    33.3222    26.0720 1.5873e-01     0.1298      0.018    1478.01     59.052     5.7362  59.724460     4.0138     44.601  0.000e+00
     44.201     7.1847    33.3225    26.0722 1.5873e-01     0.1298      0.018    1478.01     59.057     5.7366  59.724460     4.0142     44.625  0.000e+00
     44.226     7.1848    33.3231    26.0727 1.5873e-01     0.1298      0.018    1478.01     58.999     5.7310  59.724461     4.0102     44.650  0.000e+00
     44.261     7.1848    33.3226    26.0724 1.5873e-01     0.1298      0.015    1478.01     59.050     5.7360  59.724461     4.0137     44.686  0.000e+00
     44.279     7.1846    33.3216    26.0715 1.5873e-01     0.1310      0.018    1478.01     59.053     5.7364  59.724462     4.0140     44.704  0.000e+00
     44.297     7.1838    33.3208    26.0711 1.5873e-01     0.1298      0.015    1478.00     59.057     5.7368  59.724462     4.0143     44.722  0.000e+00
     44.334     7.1828    33.3206    26.0710 1.5873e-01     0.1298      0.015    1478.00     59.060     5.7373  59.724463     4.0146     44.760  0.000e+00
     44.346     7.1821    33.3200    26.0706 1.5873e-01     0.1298      0.015    1478.00     59.117     5.7429  59.724463     4.0185     44.771  0.000e+00
     44.382     7.1813    33.3193    26.0702 1.5873e-01     0.1298      0.015    1477.99     59.064     5.7379  59.724464     4.0151     44.807  0.000e+00
     44.411     7.1806    33.3186    26.0698 1.5873e-01     0.1298      0.018    1477.99     59.066     5.7382  59.724464     4.0153     44.837  0.000e+00
     44.442     7.1803    33.3186    26.0698 1.5873e-01     0.1298      0.018    1477.99     58.997     5.7316  59.724465     4.0106     44.868  0.000e+00
     44.466     7.1801    33.3174    26.0688 1.5873e-01     0.1298      0.018    1477.99     59.045     5.7363  59.724465     4.0139     44.893  0.000e+00
     44.477     7.1794    33.3162    26.0680 1.5873e-01     0.1298      0.018    1477.98     59.045     5.7364  59.724466     4.0140     44.904  0.000e+00
     44.526     7.1785    33.3171    26.0688 1.5873e-01     0.1298      0.015    1477.98     59.045     5.7365  59.724466     4.0141     44.953  0.000e+00
     44.544     7.1789    33.3208    26.0717 1.5873e-01     0.1298      0.018    1477.99     59.044     5.7363  59.724467     4.0139     44.971  0.000e+00
     44.562     7.1803    33.3206    26.0713 1.5873e-01     0.1298      0.018    1477.99     59.044     5.7360  59.724467     4.0137     44.989  0.000e+00
     44.598     7.1800    33.3197    26.0707 1.5873e-01     0.1298      0.015    1477.99     59.043     5.7360  59.724468     4.0137     45.026  0.000e+00
     44.622     7.1800    33.3209    26.0716 1.5873e-01     0.1298      0.015    1477.99     59.041     5.7358  59.724468     4.0136     45.050  0.000e+00
     44.658     7.1811    33.3225    26.0727 1.5873e-01     0.1298      0.015    1478.00     59.039     5.7354  59.724469     4.0133     45.086  0.000e+00
     44.676     7.1830    33.3244    26.0740 1.5873e-01     0.1298      0.018    1478.01     59.037     5.7349  59.724469     4.0129     45.104  0.000e+00
     44.718     7.1848    33.3264    26.0753 1.5873e-01     0.1298      0.018    1478.02     59.035     5.7344  59.724470     4.0126     45.147  0.000e+00
     44.731     7.1860    33.3256    26.0745 1.5873e-01     0.1298      0.015    1478.02     59.032     5.7340  59.724470     4.0123     45.160  0.000e+00
     44.767     7.1863    33.3247    26.0737 1.5873e-01     0.1298      0.018    1478.02     59.029     5.7337  59.724470     4.0121     45.196  0.000e+00
     44.778     7.1856    33.3249    26.0740 1.5873e-01     0.1298      0.015    1478.02     59.026     5.7334  59.724471     4.0119     45.208  0.000e+00
     44.831     7.1859    33.3250    26.0741 1.5873e-01     0.1298      0.018    1478.02     59.085     5.7391  59.724471     4.0159     45.262  0.000e+00
     44.851     7.1859    33.3242    26.0734 1.5873e-01     0.1298      0.015    1478.02     59.026     5.7334  59.724472     4.0119     45.281  0.000e+00
     44.862     7.1859    33.3231    26.0725 1.5873e-01     0.1298      0.015    1478.02     59.083     5.7390  59.724472     4.0158     45.293  0.000e+00
     44.898     7.1848    33.3221    26.0720 1.5873e-01     0.1298      0.018    1478.02     59.024     5.7334  59.724473     4.0119     45.329  0.000e+00
     44.927     7.1845    33.3217    26.0717 1.5873e-01     0.1298      0.018    1478.02     59.018     5.7330  59.724473     4.0116     45.358  0.000e+00
     44.947     7.1841    33.3215    26.0715 1.5873e-01     0.1298      0.018    1478.01     59.013     5.7325  59.724474     4.0112     45.378  0.000e+00
     44.996     7.1838    33.3220    26.0720 1.5873e-01     0.1298      0.015    1478.02     59.007     5.7319  59.724474     4.0109     45.427  0.000e+00
     45.007     7.1841    33.3237    26.0733 1.5873e-01     0.1298      0.018    1478.02     59.062     5.7372  59.724475     4.0146     45.439  0.000e+00
     45.023     7.1843    33.3240    26.0735 1.5873e-01     0.1298      0.018    1478.02     59.009     5.7320  59.724475     4.0109     45.455  0.000e+00
     45.056     7.1845    33.3240    26.0734 1.5873e-01     0.1298      0.018    1478.02     59.009     5.7320  59.724476     4.0109     45.488  0.000e+00
     45.091     7.1848    33.3248    26.0740 1.5873e-01     0.1298      0.015    1478.02     59.002     5.7313  59.724476     4.0104     45.524  0.000e+00
     45.116     7.1857    33.3250    26.0740 1.5873e-01     0.1298      0.015    1478.03     59.003     5.7312  59.724477     4.0103     45.549  0.000e+00
     45.143     7.1860    33.3254    26.0743 1.5873e-01     0.1298      0.018    1478.03     59.065     5.7372  59.724477     4.0146     45.577  0.000e+00
     45.163     7.1865    33.3258    26.0746 1.5873e-01     0.1298      0.018    1478.03     59.011     5.7318  59.724478     4.0108     45.596  0.000e+00
     45.187     7.1870    33.3274    26.0758 1.5873e-01     0.1298      0.018    1478.04     59.003     5.7310  59.724478     4.0102     45.621  0.000e+00
     45.176     7.1882    33.3292    26.0771 1.5873e-01     0.1298      0.018    1478.04     59.003     5.7307  59.724479     4.0100     45.609  0.000e+00
     45.277     7.1894    33.3317    26.0789 1.5873e-01     0.1298      0.018    1478.05     59.057     5.7357  59.724479     4.0135     45.711  0.000e+00
     45.259     7.1921    33.3349    26.0810 1.5873e-01     0.1298      0.018    1478.07     59.056     5.7351  59.724480     4.0131     45.693  0.000e+00
     45.283     7.1948    33.3350    26.0807 1.5873e-01     0.1298      0.015    1478.08     59.000     5.7293  59.724480     4.0090     45.718  0.000e+00
     45.324     7.1954    33.3331    26.0791 1.5873e-01     0.1285      0.015    1478.08     58.998     5.7292  59.724481     4.0089     45.759  0.000e+00
     45.332     7.1947    33.3310    26.0776 1.5873e-01     0.1298      0.015    1478.07     58.997     5.7292  59.724481     4.0090     45.767  0.000e+00
     45.368     7.1947    33.3345    26.0803 1.5873e-01     0.1298      0.018    1478.08     58.996     5.7289  59.724482     4.0088     45.803  0.000e+00
     45.379     7.1973    33.3397    26.0841 1.5873e-01     0.1298      0.015    1478.10     58.994     5.7282  59.724482     4.0083     45.814  0.000e+00
