RAWDATA/20190228/Hm4_20190228_down.cnv
* Sea-Bird SBE 9 Data File:
* FileName = C:\CTD Brukere\NIVA\IO2019\20190228\Hm4_20190228.hex
* Software Version Seasave V 7.23.2
* Temperature SN = 5352
* Conductivity SN = 3840
* Number of Bytes Per Scan = 28
* Number of Voltage Words = 4
* Number of Scans Averaged by the Deck Unit = 1
* NMEA baud rate = 4800
** Ship: R/V Trygve Braarud
** Cruise:
** Station:
** Operator:
# nquan = 14
# nvalues = 4642                                  
# units = specified
# name 0 = depSM: Depth [salt water, m], lat = 59.60
# name 1 = t090C: Temperature [ITS-90, deg C]
# name 2 = sal00: Salinity, Practical [PSU]
# name 3 = sigma-t00: Density [sigma-t, kg/m^3 ]
# name 4 = flSP: Fluorescence, Seapoint
# name 5 = wetStar: Fluorescence, WET Labs WETstar [mg/m^3]
# name 6 = seaTurbMtr: Turbidity, Seapoint [FTU]
# name 7 = svCM: Sound Velocity [Chen-Millero, m/s]
# name 8 = sbeox0PS: Oxygen, SBE 43 [% saturation]
# name 9 = sbeox0Mg/L: Oxygen, SBE 43 [mg/l]
# name 10 = timeJ: Julian Days
# name 11 = sbeox0ML/L: Oxygen, SBE 43 [ml/l]
# name 12 = prDM: Pressure, Digiquartz [db]
# name 13 = flag:  0.000e+00
# span 0 =     -0.084,    100.480                 
# span 1 =     3.2756,     7.3735                 
# span 2 =    25.7987,    33.4794                 
# span 3 =    20.5292,    26.1698                 
# span 4 = 1.4652e-01, 7.5702e-01                 
# span 5 =     0.1249,     0.1310                 
# span 6 =      0.011,      0.018                 
# span 7 =    1451.69,    1479.85                 
# span 8 =     58.557,     74.415                 
# span 9 =     5.7049,     8.3297                 
# span 10 =  59.723438,  59.725676                
# span 11 =     3.9919,     5.8286                
# span 12 =     -0.085,    101.458                
# span 13 = 0.0000e+00, 0.0000e+00                
# interval = seconds: 0.0416667
# start_time = Feb 28 2019 17:21:45 [System UpLoad Time]
# bad_flag = -9.990e-29
*END*
[from data line 3923]
     85.439     7.3367    33.4509    26.1522 1.5873e-01     0.1298      0.018    1479.44     59.221     5.7278  59.725329     4.0080     86.267  0.000e+00
     85.462     7.3365    33.4505    26.1519 1.5873e-01     0.1298      0.018    1479.44     59.231     5.7288  59.725330     4.0087     86.290  0.000e+00
     85.475     7.3364    33.4504    26.1519 1.4652e-01     0.1298      0.018    1479.43     59.234     5.7291  59.725330     4.0089     86.304  0.000e+00
     85.522     7.3364    33.4507    26.1521 1.4652e-01     0.1298      0.018    1479.44     59.236     5.7293  59.725331     4.0090     86.351  0.000e+00
     85.560     7.3362    33.4507    26.1521 1.5873e-01     0.1298      0.015    1479.44     59.247     5.7303  59.725331     4.0098     86.389  0.000e+00
     85.571     7.3362    33.4503    26.1518 1.5873e-01     0.1298      0.015    1479.44     59.187     5.7246  59.725332     4.0057     86.401  0.000e+00
     85.595     7.3361    33.4506    26.1521 1.5873e-01     0.1298      0.015    1479.44     59.182     5.7241  59.725332     4.0054     86.425  0.000e+00
     85.644     7.3361    33.4504    26.1520 1.5873e-01     0.1298      0.018    1479.44     59.241     5.7298  59.725333     4.0094     86.475  0.000e+00
     85.656     7.3359    33.4507    26.1522 1.5873e-01     0.1298      0.015    1479.44     59.181     5.7241  59.725333     4.0054     86.486  0.000e+00
     85.692     7.3362    33.4507    26.1522 1.4652e-01     0.1298      0.015    1479.44     59.240     5.7297  59.725334     4.0093     86.523  0.000e+00
     85.705     7.3361    33.4507    26.1522 1.4652e-01     0.1298      0.018    1479.44     59.181     5.7240  59.725334     4.0053     86.536  0.000e+00
     85.753     7.3361    33.4506    26.1521 1.5873e-01     0.1298      0.018    1479.44     59.240     5.7297  59.725335     4.0093     86.585  0.000e+00
     85.765     7.3359    33.4503    26.1519 1.4652e-01     0.1298      0.018    1479.44     59.244     5.7302  59.725335     4.0096     86.597  0.000e+00
     85.801     7.3356    33.4501    26.1517 1.5873e-01     0.1298      0.015    1479.44     59.248     5.7306  59.725336     4.0099     86.633  0.000e+00
     85.825     7.3356    33.4495    26.1513 1.4652e-01     0.1298      0.015    1479.44     59.252     5.7310  59.725336     4.0102     86.658  0.000e+00
     85.850     7.3351    33.4493    26.1512 1.5873e-01     0.1298      0.015    1479.43     59.256     5.7315  59.725337     4.0105     86.682  0.000e+00
     85.899     7.3348    33.4492    26.1512 1.5873e-01     0.1298      0.018    1479.43     59.260     5.7319  59.725337     4.0109     86.732  0.000e+00
     85.886     7.3346    33.4493    26.1513 1.5873e-01     0.1298      0.018    1479.43     59.264     5.7323  59.725338     4.0111     86.718  0.000e+00
     85.946     7.3345    33.4494    26.1514 1.4652e-01     0.1298      0.015    1479.43     59.268     5.7327  59.725338     4.0114     86.779  0.000e+00
     85.959     7.3345    33.4494    26.1514 1.4652e-01     0.1298      0.015    1479.43     59.272     5.7331  59.725339     4.0117     86.793  0.000e+00
     85.995     7.3345    33.4494    26.1513 1.5873e-01     0.1298      0.018    1479.43     59.276     5.7335  59.725339     4.0120     86.829  0.000e+00
     86.019     7.3343    33.4497    26.1516 1.5873e-01     0.1310      0.018    1479.43     59.280     5.7339  59.725340     4.0122     86.853  0.000e+00
     86.044     7.3343    33.4496    26.1515 1.5873e-01     0.1298      0.018    1479.44     59.284     5.7343  59.725340     4.0125     86.878  0.000e+00
     86.055     7.3350    33.4491    26.1510 1.5873e-01     0.1298      0.015    1479.44     59.288     5.7346  59.725340     4.0127     86.890  0.000e+00
     86.104     7.3346    33.4497    26.1516 1.4652e-01     0.1298      0.015    1479.44     59.284     5.7342  59.725341     4.0125     86.939  0.000e+00
     86.128     7.3349    33.4493    26.1512 1.5873e-01     0.1298      0.018    1479.44     59.350     5.7406  59.725341     4.0169     86.964  0.000e+00
     86.140     7.3346    33.4494    26.1514 1.4652e-01     0.1298      0.018    1479.44     59.299     5.7356  59.725342     4.0135     86.975  0.000e+00
     86.176     7.3346    33.4497    26.1516 1.4652e-01     0.1298      0.018    1479.44     59.364     5.7420  59.725342     4.0179     87.011  0.000e+00
     86.200     7.3345    33.4497    26.1516 1.5873e-01     0.1298      0.018    1479.44     59.313     5.7370  59.725343     4.0144     87.036  0.000e+00
     86.236     7.3348    33.4493    26.1512 1.5873e-01     0.1298      0.015    1479.44     59.316     5.7373  59.725343     4.0146     87.072  0.000e+00
     86.249     7.3345    33.4493    26.1513 1.5873e-01     0.1298      0.015    1479.44     59.311     5.7368  59.725344     4.0143     87.086  0.000e+00
     86.260     7.3342    33.4490    26.1511 1.5873e-01     0.1298      0.018    1479.44     59.376     5.7432  59.725344     4.0187     87.097  0.000e+00
     86.309     7.3338    33.4489    26.1511 1.5873e-01     0.1298      0.018    1479.44     59.386     5.7442  59.725345     4.0195     87.146  0.000e+00
     86.321     7.3337    33.4492    26.1513 1.5873e-01     0.1298      0.015    1479.44     59.333     5.7391  59.725345     4.0159     87.158  0.000e+00
     86.345     7.3338    33.4492    26.1513 1.5873e-01     0.1298      0.018    1479.44     59.335     5.7393  59.725346     4.0160     87.183  0.000e+00
     86.381     7.3338    33.4492    26.1513 1.5873e-01     0.1298      0.018    1479.44     59.337     5.7395  59.725346     4.0162     87.219  0.000e+00
     86.406     7.3338    33.4494    26.1514 1.4652e-01     0.1298      0.015    1479.44     59.332     5.7389  59.725347     4.0158     87.244  0.000e+00
     86.430     7.3338    33.4492    26.1513 1.5873e-01     0.1298      0.018    1479.44     59.325     5.7383  59.725347     4.0154     87.268  0.000e+00
     86.454     7.3340    33.4496    26.1516 1.5873e-01     0.1310      0.018    1479.44     59.327     5.7385  59.725348     4.0154     87.293  0.000e+00
     86.466     7.3340    33.4507    26.1524 1.4652e-01     0.1298      0.015    1479.44     59.320     5.7378  59.725348     4.0150     87.304  0.000e+00
     86.503     7.3343    33.4511    26.1528 1.4652e-01     0.1298      0.018    1479.44     59.322     5.7378  59.725349     4.0150     87.342  0.000e+00
     86.515     7.3350    33.4507    26.1523 1.4652e-01     0.1298      0.018    1479.45     59.315     5.7371  59.725349     4.0145     87.354  0.000e+00
     86.551     7.3351    33.4505    26.1522 1.4652e-01     0.1298      0.018    1479.45     59.316     5.7372  59.725350     4.0145     87.390  0.000e+00
     86.575     7.3354    33.4504    26.1520 1.4652e-01     0.1298      0.018    1479.45     59.379     5.7432  59.725350     4.0188     87.415  0.000e+00
     86.599     7.3351    33.4506    26.1522 1.4652e-01     0.1298      0.015    1479.45     59.317     5.7373  59.725351     4.0146     87.439  0.000e+00
     86.613     7.3351    33.4507    26.1523 1.5873e-01     0.1298      0.015    1479.45     59.317     5.7373  59.725351     4.0146     87.453  0.000e+00
     86.648     7.3353    33.4509    26.1524 1.4652e-01     0.1298      0.018    1479.45     59.371     5.7425  59.725352     4.0183     87.489  0.000e+00
     86.660     7.3354    33.4510    26.1525 1.5873e-01     0.1298      0.018    1479.45     59.378     5.7432  59.725352     4.0188     87.500  0.000e+00
     86.696     7.3356    33.4510    26.1525 1.5873e-01     0.1298      0.015    1479.45     59.323     5.7378  59.725353     4.0150     87.537  0.000e+00
     86.720     7.3357    33.4509    26.1523 1.5873e-01     0.1298      0.015    1479.45     59.385     5.7438  59.725353     4.0191     87.561  0.000e+00
     86.733     7.3357    33.4510    26.1524 1.5873e-01     0.1298      0.018    1479.45     59.391     5.7444  59.725353     4.0196     87.574  0.000e+00
     86.756     7.3357    33.4514    26.1527 1.4652e-01     0.1298      0.015    1479.45     59.335     5.7389  59.725354     4.0158     87.598  0.000e+00
     86.780     7.3362    33.4517    26.1530 1.5873e-01     0.1298      0.018    1479.46     59.396     5.7447  59.725354     4.0198     87.622  0.000e+00
     86.805     7.3365    33.4519    26.1530 1.5873e-01     0.1298      0.018    1479.46     59.402     5.7453  59.725355     4.0202     87.647  0.000e+00
     86.816     7.3371    33.4528    26.1537 1.5873e-01     0.1298      0.015    1479.46     59.399     5.7449  59.725355     4.0200     87.658  0.000e+00
     86.854     7.3375    33.4523    26.1532 1.5873e-01     0.1298      0.018    1479.46     59.396     5.7446  59.725356     4.0197     87.696  0.000e+00
     86.865     7.3377    33.4522    26.1531 1.5873e-01     0.1298      0.015    1479.46     59.400     5.7450  59.725356     4.0200     87.708  0.000e+00
     86.890     7.3375    33.4526    26.1535 1.5873e-01     0.1298      0.015    1479.47     59.334     5.7386  59.725357     4.0155     87.733  0.000e+00
     86.912     7.3380    33.4525    26.1533 1.5873e-01     0.1298      0.018    1479.47     59.393     5.7442  59.725357     4.0194     87.756  0.000e+00
     86.939     7.3379    33.4527    26.1535 1.5873e-01     0.1298      0.018    1479.47     59.388     5.7437  59.725358     4.0191     87.782  0.000e+00
     86.950     7.3380    33.4516    26.1526 1.5873e-01     0.1298      0.015    1479.47     59.391     5.7440  59.725358     4.0193     87.793  0.000e+00
     86.987     7.3372    33.4514    26.1525 1.4652e-01     0.1298      0.018    1479.46     59.393     5.7444  59.725359     4.0196     87.831  0.000e+00
     86.999     7.3372    33.4518    26.1528 1.5873e-01     0.1298      0.015    1479.46     59.395     5.7445  59.725359     4.0197     87.843  0.000e+00
     87.022     7.3377    33.4518    26.1528 1.5873e-01     0.1298      0.018    1479.47     59.334     5.7386  59.725360     4.0155     87.866  0.000e+00
     87.035     7.3375    33.4520    26.1530 1.4652e-01     0.1298      0.015    1479.47     59.391     5.7441  59.725360     4.0194     87.879  0.000e+00
     87.059     7.3375    33.4528    26.1536 1.5873e-01     0.1298      0.018    1479.47     59.330     5.7382  59.725361     4.0152     87.904  0.000e+00
     87.072     7.3375    33.4525    26.1534 1.5873e-01     0.1298      0.015    1479.47     59.386     5.7436  59.725361     4.0190     87.917  0.000e+00
     87.095     7.3377    33.4522    26.1531 1.4652e-01     0.1298      0.015    1479.47     59.387     5.7437  59.725362     4.0191     87.940  0.000e+00
     87.119     7.3378    33.4518    26.1528 1.5873e-01     0.1298      0.015    1479.47     59.388     5.7438  59.725362     4.0192     87.965  0.000e+00
     87.142     7.3375    33.4522    26.1531 1.5873e-01     0.1298      0.018    1479.47     59.326     5.7378  59.725363     4.0150     87.988  0.000e+00
     87.157     7.3374    33.4522    26.1532 1.5873e-01     0.1298      0.015    1479.47     59.382     5.7432  59.725363     4.0188     88.003  0.000e+00
     87.191     7.3372    33.4519    26.1529 1.5873e-01     0.1298      0.018    1479.47     59.382     5.7433  59.725364     4.0188     88.037  0.000e+00
     87.193     7.3372    33.4519    26.1529 1.5873e-01     0.1298      0.015    1479.47     59.319     5.7372  59.725364     4.0146     88.039  0.000e+00
     87.204     7.3372    33.4517    26.1528 1.4652e-01     0.1298      0.015    1479.47     59.374     5.7425  59.725365     4.0183     88.050  0.000e+00
     87.252     7.3370    33.4518    26.1529 1.5873e-01     0.1298      0.018    1479.47     59.381     5.7432  59.725365     4.0188     88.098  0.000e+00
     87.253     7.3371    33.4517    26.1528 1.5873e-01     0.1298      0.018    1479.47     59.318     5.7371  59.725366     4.0145     88.100  0.000e+00
     87.287     7.3367    33.4520    26.1531 1.5873e-01     0.1298      0.015    1479.47     59.318     5.7372  59.725366     4.0145     88.134  0.000e+00
     87.302     7.3372    33.4512    26.1524 1.5873e-01     0.1298      0.018    1479.47     59.311     5.7364  59.725367     4.0140     88.149  0.000e+00
     87.325     7.3370    33.4513    26.1525 1.5873e-01     0.1298      0.018    1479.47     59.303     5.7357  59.725367     4.0135     88.172  0.000e+00
     87.338     7.3369    33.4514    26.1526 1.5873e-01     0.1298      0.015    1479.47     59.295     5.7349  59.725367     4.0130     88.185  0.000e+00
     87.361     7.3367    33.4516    26.1528 1.5873e-01     0.1298      0.018    1479.47     59.295     5.7350  59.725368     4.0130     88.208  0.000e+00
     87.387     7.3369    33.4515    26.1526 1.5873e-01     0.1298      0.018    1479.47     59.296     5.7350  59.725368     4.0130     88.235  0.000e+00
     87.397     7.3365    33.4521    26.1532 1.5873e-01     0.1298      0.015    1479.47     59.351     5.7404  59.725369     4.0168     88.245  0.000e+00
     87.434     7.3371    33.4524    26.1534 1.5873e-01     0.1298      0.018    1479.47     59.289     5.7343  59.725369     4.0125     88.282  0.000e+00
     87.432     7.3375    33.4524    26.1533 1.5873e-01     0.1298      0.018    1479.47     59.281     5.7335  59.725370     4.0119     88.281  0.000e+00
     87.459     7.3377    33.4521    26.1530 1.5873e-01     0.1298      0.015    1479.47     59.336     5.7388  59.725370     4.0157     88.307  0.000e+00
     87.481     7.3375    33.4524    26.1533 1.5873e-01     0.1298      0.018    1479.47     59.274     5.7328  59.725371     4.0114     88.330  0.000e+00
     87.507     7.3375    33.4522    26.1532 1.5873e-01     0.1298      0.015    1479.47     59.266     5.7320  59.725371     4.0109     88.356  0.000e+00
     87.517     7.3372    33.4519    26.1530 1.5873e-01     0.1298      0.018    1479.47     59.258     5.7313  59.725372     4.0104     88.366  0.000e+00
     87.556     7.3375    33.4517    26.1527 1.5873e-01     0.1298      0.018    1479.48     59.313     5.7366  59.725372     4.0141     88.406  0.000e+00
     87.566     7.3372    33.4518    26.1529 1.5873e-01     0.1298      0.015    1479.47     59.250     5.7305  59.725373     4.0099     88.416  0.000e+00
     87.592     7.3372    33.4519    26.1530 1.4652e-01     0.1298      0.015    1479.47     59.242     5.7298  59.725373     4.0093     88.442  0.000e+00
     87.602     7.3374    33.4521    26.1531 1.5873e-01     0.1298      0.018    1479.48     59.242     5.7297  59.725374     4.0093     88.452  0.000e+00
     87.628     7.3375    33.4518    26.1528 1.4652e-01     0.1298      0.018    1479.48     59.234     5.7290  59.725374     4.0088     88.478  0.000e+00
     87.651     7.3372    33.4520    26.1531 1.4652e-01     0.1298      0.018    1479.48     59.227     5.7282  59.725375     4.0083     88.501  0.000e+00
     87.677     7.3374    33.4516    26.1527 1.4652e-01     0.1310      0.015    1479.48     59.227     5.7283  59.725375     4.0083     88.528  0.000e+00
     87.687     7.3369    33.4512    26.1524 1.4652e-01     0.1298      0.018    1479.47     59.227     5.7284  59.725376     4.0084     88.538  0.000e+00
     87.724     7.3365    33.4503    26.1518 1.4652e-01     0.1310      0.018    1479.47     59.220     5.7278  59.725376     4.0080     88.575  0.000e+00
     87.736     7.3359    33.4490    26.1508 1.4652e-01     0.1298      0.015    1479.47     59.221     5.7280  59.725377     4.0081     88.587  0.000e+00
     87.737     7.3353    33.4481    26.1502 1.5873e-01     0.1298      0.015    1479.47     59.222     5.7282  59.725377     4.0083     88.589  0.000e+00
     87.820     7.3345    33.4482    26.1504 1.5873e-01     0.1298      0.018    1479.46     59.216     5.7277  59.725378     4.0079     88.673  0.000e+00
     87.820     7.3342    33.4479    26.1503 1.5873e-01     0.1298      0.018    1479.46     59.217     5.7279  59.725378     4.0081     88.673  0.000e+00
