RAWDATA/20190228/Hm6_20190228_down.cnv
* Sea-Bird SBE 9 Data File:
* FileName = C:\CTD Brukere\NIVA\IO2019\20190228\Hm6_20190228.hex
* Software Version Seasave V 7.23.2
* Temperature SN = 5352
* Conductivity SN = 3840
* Number of Bytes Per Scan = 28
* Number of Voltage Words = 4
* Number of Scans Averaged by the Deck Unit = 1
* NMEA baud rate = 4800
** Ship: R/V Trygve Braarud
** Cruise:
** Station:
** Operator:
# nquan = 14
# nvalues = 2173                                  
# units = specified
# name 0 = depSM: Depth [salt water, m], lat = 59.60
# name 1 = t090C: Temperature [ITS-90, deg C]
# name 2 = sal00: Salinity, Practical [PSU]
# name 3 = sigma-t00: Density [sigma-t, kg/m^3 ]
# name 4 = flSP: Fluorescence, Seapoint
# name 5 = wetStar: Fluorescence, WET Labs WETstar [mg/m^3]
# name 6 = seaTurbMtr: Turbidity, Seapoint [FTU]
# name 7 = svCM: Sound Velocity [Chen-Millero, m/s]
# name 8 = sbeox0PS: Oxygen, SBE 43 [% saturation]
# name 9 = sbeox0Mg/L: Oxygen, SBE 43 [mg/l]
# name 10 = timeJ: Julian Days
# name 11 = sbeox0ML/L: Oxygen, SBE 43 [ml/l]
# name 12 = prDM: Pressure, Digiquartz [db]
# name 13 = flag:  0.000e+00
# span 0 =     -0.075,     18.712                 
# span 1 =     3.2120,     7.0770                 
# span 2 =    25.3676,    33.2291                 
# span 3 =    20.1872,    26.0139                 
# span 4 = 1.5873e-01, 6.1050e-01                 
# span 5 =     0.1273,     0.1322                 
# span 6 =      0.011,      0.018                 
# span 7 =    1450.98,    1477.04                 
# span 8 =     58.846,     74.451                 
# span 9 =     5.7344,     8.3635                 
# span 10 =  59.714572,  59.715619                
# span 11 =     4.0126,     5.8523                
# span 12 =     -0.075,     18.890                
# span 13 = 0.0000e+00, 0.0000e+00                
# interval = seconds: 0.0416667
# start_time = Feb 28 2019 17:08:59 [System UpLoad Time]
# bad_flag = -9.990e-29
*END*
[from data line 104]
      0.010     3.3906    26.2780    20.9026 4.0293e-01     0.1298      0.018    1452.80     72.785     8.1148  59.714622     5.6783      0.010  0.000e+00
      0.022     3.3854    26.2469    20.8783 4.0293e-01     0.1298      0.015    1452.74     72.790     8.1182  59.714622     5.6806      0.023  0.000e+00
      0.035     3.3782    26.2288    20.8644 4.0293e-01     0.1298      0.015    1452.68     72.795     8.1212  59.714623     5.6828      0.036  0.000e+00
      0.035     3.3684    26.2096    20.8498 4.1514e-01     0.1298      0.015    1452.61     72.865     8.1321  59.714623     5.6903      0.036  0.000e+00
      0.034     3.3608    26.1743    20.8223 4.1514e-01     0.1298      0.015    1452.54     72.815     8.1300  59.714624     5.6889      0.034  0.000e+00
      0.035     3.3592    26.1327    20.7893 4.1514e-01     0.1298      0.015    1452.48     72.819     8.1331  59.714624     5.6911      0.036  0.000e+00
      0.035     3.3613    26.1012    20.7641 4.1514e-01     0.1298      0.015    1452.44     72.886     8.1419  59.714625     5.6972      0.036  0.000e+00
      0.021     3.3656    26.0950    20.7589 4.0293e-01     0.1298      0.018    1452.45     72.898     8.1426  59.714625     5.6977      0.021  0.000e+00
      0.035     3.3722    26.1059    20.7670 4.0293e-01     0.1298      0.015    1452.50     72.908     8.1419  59.714626     5.6972      0.036  0.000e+00
      0.047     3.3826    26.1236    20.7804 4.0293e-01     0.1298      0.018    1452.57     72.854     8.1327  59.714626     5.6908      0.047  0.000e+00
      0.022     3.3940    26.1549    20.8045 4.0293e-01     0.1298      0.015    1452.65     72.918     8.1358  59.714627     5.6930      0.023  0.000e+00
      0.021     3.4044    26.2004    20.8399 4.2735e-01     0.1298      0.018    1452.76     72.927     8.1322  59.714627     5.6904      0.021  0.000e+00
      0.047     3.4144    26.2475    20.8766 4.3956e-01     0.1298      0.015    1452.86     72.927     8.1275  59.714628     5.6872      0.047  0.000e+00
      0.035     3.4216    26.3004    20.9181 4.6398e-01     0.1298      0.015    1452.96     72.935     8.1241  59.714628     5.6848      0.036  0.000e+00
      0.011     3.4212    26.3437    20.9526 5.0061e-01     0.1298      0.018    1453.02     73.008     8.1299  59.714629     5.6888      0.011  0.000e+00
      0.045     3.4207    26.3694    20.9731 5.2503e-01     0.1298      0.015    1453.05     72.963     8.1236  59.714629     5.6844      0.046  0.000e+00
      0.071     3.4205    26.3690    20.9728 5.3724e-01     0.1298      0.018    1453.05     73.035     8.1317  59.714630     5.6901      0.072  0.000e+00
      0.047     3.4216    26.3625    20.9675 5.1282e-01     0.1298      0.015    1453.04     73.052     8.1336  59.714630     5.6914      0.047  0.000e+00
      0.035     3.4236    26.3649    20.9693 4.7619e-01     0.1298      0.018    1453.05     73.058     8.1338  59.714631     5.6915      0.036  0.000e+00
      0.069     3.4249    26.3732    20.9758 4.5177e-01     0.1298      0.015    1453.07     73.073     8.1347  59.714631     5.6922      0.070  0.000e+00
      0.058     3.4238    26.3857    20.9858 4.3956e-01     0.1298      0.015    1453.08     73.087     8.1358  59.714632     5.6930      0.059  0.000e+00
      0.071     3.4225    26.3895    20.9889 4.2735e-01     0.1298      0.015    1453.08     73.091     8.1363  59.714632     5.6933      0.072  0.000e+00
      0.047     3.4215    26.3862    20.9864 4.5177e-01     0.1298      0.015    1453.07     73.103     8.1381  59.714633     5.6946      0.047  0.000e+00
      0.056     3.4198    26.3813    20.9826 4.5177e-01     0.1298      0.018    1453.06     73.106     8.1390  59.714633     5.6952      0.057  0.000e+00
      0.047     3.4174    26.3758    20.9785 4.3956e-01     0.1298      0.015    1453.04     73.180     8.1481  59.714633     5.7015      0.047  0.000e+00
      0.058     3.4134    26.3685    20.9730 4.1514e-01     0.1298      0.015    1453.01     73.199     8.1514  59.714634     5.7039      0.059  0.000e+00
      0.069     3.4102    26.3534    20.9611 4.1514e-01     0.1298      0.015    1452.98     73.208     8.1538  59.714634     5.7056      0.070  0.000e+00
      0.082     3.4077    26.3362    20.9476 4.1514e-01     0.1298      0.015    1452.95     73.160     8.1500  59.714635     5.7029      0.083  0.000e+00
      0.035     3.4048    26.3251    20.9390 4.2735e-01     0.1298      0.015    1452.92     73.230     8.1590  59.714635     5.7092      0.036  0.000e+00
      0.071     3.4051    26.3132    20.9295 4.3956e-01     0.1298      0.015    1452.91     73.244     8.1611  59.714636     5.7107      0.072  0.000e+00
      0.056     3.4068    26.3084    20.9256 4.3956e-01     0.1298      0.018    1452.91     73.247     8.1614  59.714636     5.7108      0.057  0.000e+00
      0.058     3.4133    26.3094    20.9259 4.2735e-01     0.1298      0.015    1452.94     73.247     8.1600  59.714637     5.7099      0.059  0.000e+00
      0.058     3.4201    26.3238    20.9369 4.2735e-01     0.1310      0.018    1452.99     73.246     8.1577  59.714637     5.7083      0.059  0.000e+00
      0.058     3.4255    26.3521    20.9590 4.1514e-01     0.1298      0.015    1453.05     73.253     8.1559  59.714638     5.7070      0.059  0.000e+00
      0.069     3.4298    26.3825    20.9828 4.1514e-01     0.1298      0.015    1453.10     73.314     8.1600  59.714638     5.7099      0.070  0.000e+00
      0.071     3.4321    26.4060    21.0013 4.1514e-01     0.1298      0.015    1453.14     73.327     8.1598  59.714639     5.7097      0.072  0.000e+00
      0.047     3.4335    26.4239    21.0155 4.0293e-01     0.1310      0.015    1453.17     73.339     8.1598  59.714639     5.7098      0.047  0.000e+00
      0.047     3.4330    26.4326    21.0224 4.0293e-01     0.1298      0.018    1453.18     73.351     8.1607  59.714640     5.7104      0.047  0.000e+00
      0.069     3.4282    26.4354    21.0251 4.0293e-01     0.1298      0.015    1453.16     73.361     8.1627  59.714640     5.7118      0.070  0.000e+00
      0.071     3.4219    26.4240    21.0165 3.9072e-01     0.1310      0.018    1453.12     73.371     8.1657  59.714641     5.7139      0.072  0.000e+00
      0.058     3.4152    26.3978    20.9961 4.1514e-01     0.1298      0.015    1453.06     73.379     8.1694  59.714641     5.7165      0.059  0.000e+00
      0.047     3.4024    26.3649    20.9709 4.3956e-01     0.1310      0.015    1452.96     73.450     8.1818  59.714642     5.7251      0.047  0.000e+00
      0.056     3.3902    26.3155    20.9324 4.6398e-01     0.1298      0.015    1452.85     73.465     8.1886  59.714642     5.7299      0.057  0.000e+00
      0.071     3.3745    26.2596    20.8891 4.5177e-01     0.1298      0.015    1452.71     73.469     8.1955  59.714643     5.7347      0.072  0.000e+00
      0.071     3.3592    26.2007    20.8434 4.2735e-01     0.1298      0.015    1452.56     73.471     8.2021  59.714643     5.7394      0.072  0.000e+00
      0.021     3.3471    26.1282    20.7866 4.1514e-01     0.1298      0.015    1452.42     73.479     8.2095  59.714644     5.7445      0.021  0.000e+00
      0.082     3.3379    26.0714    20.7420 4.0293e-01     0.1310      0.015    1452.30     73.486     8.2153  59.714644     5.7486      0.083  0.000e+00
      0.058     3.3320    26.0205    20.7020 4.0293e-01     0.1298      0.015    1452.21     73.553     8.2268  59.714645     5.7567      0.059  0.000e+00
      0.058     3.3295    25.9889    20.6771 4.1514e-01     0.1298      0.018    1452.16     73.562     8.2302  59.714645     5.7590      0.059  0.000e+00
      0.069     3.3292    25.9660    20.6589 4.1514e-01     0.1298      0.015    1452.13     73.569     8.2323  59.714646     5.7605      0.070  0.000e+00
      0.058     3.3296    25.9585    20.6529 4.2735e-01     0.1298      0.015    1452.12     73.573     8.2331  59.714646     5.7610      0.059  0.000e+00
      0.035     3.3310    25.9596    20.6536 4.3956e-01     0.1310      0.015    1452.13     73.575     8.2329  59.714647     5.7609      0.036  0.000e+00
      0.058     3.3323    25.9604    20.6542 4.3956e-01     0.1298      0.015    1452.14     73.584     8.2337  59.714647     5.7614      0.059  0.000e+00
      0.045     3.3339    25.9666    20.6590 4.2735e-01     0.1298      0.015    1452.15     73.582     8.2327  59.714647     5.7608      0.046  0.000e+00
      0.058     3.3345    25.9700    20.6616 4.2735e-01     0.1298      0.015    1452.16     73.578     8.2320  59.714648     5.7602      0.059  0.000e+00
      0.047     3.3362    25.9712    20.6625 4.3956e-01     0.1310      0.018    1452.17     73.580     8.2318  59.714648     5.7601      0.047  0.000e+00
      0.047     3.3382    25.9733    20.6640 4.3956e-01     0.1298      0.015    1452.18     73.644     8.2385  59.714649     5.7648      0.047  0.000e+00
      0.045     3.3396    25.9774    20.6671 4.3956e-01     0.1298      0.018    1452.19     73.652     8.2388  59.714649     5.7650      0.046  0.000e+00
      0.035     3.3420    25.9822    20.6708 4.1514e-01     0.1298      0.015    1452.21     73.647     8.2375  59.714650     5.7641      0.036  0.000e+00
      0.047     3.3440    25.9906    20.6774 4.1514e-01     0.1298      0.015    1452.23     73.650     8.2370  59.714650     5.7637      0.047  0.000e+00
      0.047     3.3446    26.0002    20.6850 4.1514e-01     0.1310      0.015    1452.24     73.651     8.2364  59.714651     5.7633      0.047  0.000e+00
      0.056     3.3451    26.0064    20.6899 4.0293e-01     0.1298      0.015    1452.25     73.713     8.2428  59.714651     5.7679      0.057  0.000e+00
      0.035     3.3412    26.0077    20.6912 4.2735e-01     0.1298      0.015    1452.24     73.655     8.2371  59.714652     5.7638      0.036  0.000e+00
      0.022     3.3321    25.9888    20.6768 4.7619e-01     0.1298      0.015    1452.17     73.723     8.2476  59.714652     5.7712      0.023  0.000e+00
      0.011     3.3247    25.9475    20.6444 4.8840e-01     0.1298      0.018    1452.09     73.725     8.2517  59.714653     5.7741      0.011  0.000e+00
      0.021     3.3240    25.9059    20.6114 5.0061e-01     0.1298      0.015    1452.03     73.732     8.2550  59.714653     5.7764      0.021  0.000e+00
      0.022     3.3268    25.8961    20.6034 4.7619e-01     0.1310      0.018    1452.03     73.736     8.2554  59.714654     5.7767      0.023  0.000e+00
      0.022     3.3317    25.9124    20.6160 4.3956e-01     0.1298      0.015    1452.07     73.801     8.2608  59.714654     5.7804      0.023  0.000e+00
      0.010     3.3359    25.9373    20.6356 4.1514e-01     0.1298      0.015    1452.12     73.809     8.2594  59.714655     5.7795      0.010  0.000e+00
      0.011     3.3383    25.9592    20.6528 4.1514e-01     0.1298      0.015    1452.16     73.879     8.2654  59.714655     5.7837      0.011  0.000e+00
      0.035     3.3382    25.9751    20.6654 4.2735e-01     0.1298      0.015    1452.18     73.891     8.2660  59.714656     5.7840      0.036  0.000e+00
      0.035     3.3318    25.9817    20.6711 4.2735e-01     0.1310      0.015    1452.16     73.902     8.2681  59.714656     5.7855      0.036  0.000e+00
      0.034     3.3152    25.9609    20.6557 4.1514e-01     0.1298      0.015    1452.06     73.912     8.2738  59.714657     5.7895      0.034  0.000e+00
      0.022     3.3008    25.9018    20.6098 4.0293e-01     0.1298      0.018    1451.92     73.927     8.2819  59.714657     5.7952      0.023  0.000e+00
      0.022     3.2957    25.8308    20.5536 4.0293e-01     0.1298      0.015    1451.81     73.938     8.2882  59.714658     5.7996      0.023  0.000e+00
      0.022     3.2965    25.7917    20.5225 4.0293e-01     0.1298      0.015    1451.76     74.009     8.2982  59.714658     5.8066      0.023  0.000e+00
      0.021     3.2993    25.7918    20.5224 4.1514e-01     0.1298      0.018    1451.78     74.013     8.2980  59.714659     5.8064      0.021  0.000e+00
      0.035     3.3063    25.8106    20.5368 4.1514e-01     0.1310      0.015    1451.83     74.021     8.2964  59.714659     5.8053      0.036  0.000e+00
      0.035     3.3164    25.8405    20.5599 4.1514e-01     0.1310      0.015    1451.91     74.026     8.2932  59.714660     5.8031      0.036  0.000e+00
      0.022     3.3254    25.8827    20.5929 4.1514e-01     0.1298      0.015    1452.01     74.028     8.2891  59.714660     5.8003      0.023  0.000e+00
      0.021     3.3323    25.9185    20.6209 4.0293e-01     0.1310      0.018    1452.08     74.028     8.2857  59.714660     5.7978      0.021  0.000e+00
      0.011     3.3369    25.9478    20.6438 4.0293e-01     0.1298      0.015    1452.14     74.088     8.2898  59.714661     5.8007      0.011  0.000e+00
      0.022     3.3401    25.9711    20.6621 4.0293e-01     0.1310      0.018    1452.18     74.091     8.2882  59.714661     5.7996      0.023  0.000e+00
      0.021     3.3409    25.9864    20.6742 4.0293e-01     0.1298      0.015    1452.21     74.101     8.2882  59.714662     5.7996      0.021  0.000e+00
      0.058     3.3371    25.9942    20.6808 4.1514e-01     0.1298      0.015    1452.20     74.172     8.2966  59.714662     5.8054      0.059  0.000e+00
      0.035     3.3339    25.9843    20.6731 4.1514e-01     0.1298      0.018    1452.17     74.185     8.2992  59.714663     5.8073      0.036  0.000e+00
      0.022     3.3287    25.9686    20.6610 4.1514e-01     0.1298      0.015    1452.13     74.195     8.3023  59.714663     5.8095      0.023  0.000e+00
      0.045     3.3232    25.9510    20.6473 4.1514e-01     0.1298      0.018    1452.08     74.202     8.3052  59.714664     5.8115      0.046  0.000e+00
      0.035     3.3194    25.9266    20.6282 3.9072e-01     0.1298      0.015    1452.04     74.205     8.3077  59.714664     5.8133      0.036  0.000e+00
      0.035     3.3183    25.9069    20.6126 3.9072e-01     0.1298      0.015    1452.01     74.268     8.3161  59.714665     5.8191      0.036  0.000e+00
      0.047     3.3147    25.8969    20.6049 4.0293e-01     0.1298      0.015    1451.98     74.282     8.3190  59.714665     5.8211      0.047  0.000e+00
      0.034     3.3075    25.8846    20.5956 4.0293e-01     0.1310      0.015    1451.93     74.230     8.3154  59.714666     5.8186      0.034  0.000e+00
      0.022     3.2990    25.8587    20.5756 3.9072e-01     0.1298      0.015    1451.86     74.230     8.3186  59.714666     5.8209      0.023  0.000e+00
      0.058     3.2915    25.8148    20.5412 3.9072e-01     0.1298      0.015    1451.77     74.291     8.3294  59.714667     5.8285      0.059  0.000e+00
      0.058     3.2879    25.7793    20.5132 4.0293e-01     0.1298      0.018    1451.71     74.292     8.3324  59.714667     5.8305      0.059  0.000e+00
      0.056     3.2875    25.7529    20.4923 4.0293e-01     0.1298      0.015    1451.67     74.290     8.3337  59.714668     5.8314      0.057  0.000e+00
      0.035     3.2861    25.7430    20.4845 4.0293e-01     0.1310      0.015    1451.65     74.357     8.3420  59.714668     5.8373      0.036  0.000e+00
      0.035     3.2825    25.7326    20.4764 4.0293e-01     0.1298      0.015    1451.63     74.303     8.3374  59.714669     5.8340      0.036  0.000e+00
      0.035     3.2788    25.7146    20.4624 4.1514e-01     0.1298      0.015    1451.59     74.301     8.3389  59.714669     5.8351      0.036  0.000e+00
      0.069     3.2752    25.6980    20.4494 4.1514e-01     0.1310      0.015    1451.55     74.359     8.3472  59.714670     5.8409      0.070  0.000e+00
      0.035     3.2710    25.6825    20.4374 4.1514e-01     0.1298      0.015    1451.51     74.360     8.3490  59.714670     5.8421      0.036  0.000e+00
      0.047     3.2677    25.6686    20.4266 4.0293e-01     0.1298      0.015    1451.48     74.357     8.3501  59.714671     5.8429      0.047  0.000e+00
