RAWDATA/20190228/Hm6_20190228_down.cnv
* Sea-Bird SBE 9 Data File:
* FileName = C:\CTD Brukere\NIVA\IO2019\20190228\Hm6_20190228.hex
* Software Version Seasave V 7.23.2
* Temperature SN = 5352
* Conductivity SN = 3840
* Number of Bytes Per Scan = 28
* Number of Voltage Words = 4
* Number of Scans Averaged by the Deck Unit = 1
* NMEA baud rate = 4800
** Ship: R/V Trygve Braarud
** Cruise:
** Station:
** Operator:
# nquan = 14
# nvalues = 2173                                  
# units = specified
# name 0 = depSM: Depth [salt water, m], lat = 59.60
# name 1 = t090C: Temperature [ITS-90, deg C]
# name 2 = sal00: Salinity, Practical [PSU]
# name 3 = sigma-t00: Density [sigma-t, kg/m^3 ]
# name 4 = flSP: Fluorescence, Seapoint
# name 5 = wetStar: Fluorescence, WET Labs WETstar [mg/m^3]
# name 6 = seaTurbMtr: Turbidity, Seapoint [FTU]
# name 7 = svCM: Sound Velocity [Chen-Millero, m/s]
# name 8 = sbeox0PS: Oxygen, SBE 43 [% saturation]
# name 9 = sbeox0Mg/L: Oxygen, SBE 43 [mg/l]
# name 10 = timeJ: Julian Days
# name 11 = sbeox0ML/L: Oxygen, SBE 43 [ml/l]
# name 12 = prDM: Pressure, Digiquartz [db]
# name 13 = flag:  0.000e+00
# span 0 =     -0.075,     18.712                 
# span 1 =     3.2120,     7.0770                 
# span 2 =    25.3676,    33.2291                 
# span 3 =    20.1872,    26.0139                 
# span 4 = 1.5873e-01, 6.1050e-01                 
# span 5 =     0.1273,     0.1322                 
# span 6 =      0.011,      0.018                 
# span 7 =    1450.98,    1477.04                 
# span 8 =     58.846,     74.451                 
# span 9 =     5.7344,     8.3635                 
# span 10 =  59.714572,  59.715619                
# span 11 =     4.0126,     5.8523                
# span 12 =     -0.075,     18.890                
# span 13 = 0.0000e+00, 0.0000e+00                
# interval = seconds: 0.0416667
# start_time = Feb 28 2019 17:08:59 [System UpLoad Time]
# bad_flag = -9.990e-29
*END*
[from data line 930]
      3.795     4.0179    28.5710    22.6746 3.6630e-01     0.1298      0.015    1458.50     74.344     8.0352  59.715020     5.6226      3.831  0.000e+00
      3.819     4.0183    28.5742    22.6770 3.6630e-01     0.1285      0.015    1458.50     74.337     8.0342  59.715021     5.6218      3.856  0.000e+00
      3.855     4.0178    28.5732    22.6763 3.6630e-01     0.1298      0.015    1458.50     74.327     8.0333  59.715021     5.6212      3.892  0.000e+00
      3.866     4.0163    28.5704    22.6742 3.7851e-01     0.1298      0.015    1458.49     74.315     8.0324  59.715022     5.6206      3.903  0.000e+00
      3.878     4.0138    28.5661    22.6710 3.6630e-01     0.1298      0.015    1458.47     74.301     8.0316  59.715022     5.6200      3.915  0.000e+00
      3.913     4.0117    28.5600    22.6663 3.6630e-01     0.1298      0.015    1458.46     74.284     8.0305  59.715023     5.6193      3.951  0.000e+00
      3.938     4.0113    28.5560    22.6632 3.6630e-01     0.1298      0.015    1458.45     74.264     8.0286  59.715023     5.6180      3.975  0.000e+00
      3.951     4.0133    28.5582    22.6648 3.7851e-01     0.1298      0.015    1458.46     74.241     8.0256  59.715024     5.6159      3.988  0.000e+00
      3.986     4.0175    28.5665    22.6710 3.7851e-01     0.1298      0.015    1458.49     74.224     8.0226  59.715024     5.6137      4.024  0.000e+00
      3.998     4.0233    28.5770    22.6789 3.6630e-01     0.1298      0.015    1458.53     74.205     8.0188  59.715025     5.6111      4.036  0.000e+00
      4.033     4.0280    28.5883    22.6874 3.5409e-01     0.1298      0.015    1458.57     74.184     8.0150  59.715025     5.6084      4.071  0.000e+00
      4.046     4.0305    28.5978    22.6947 3.5409e-01     0.1298      0.015    1458.59     74.170     8.0124  59.715026     5.6066      4.085  0.000e+00
      4.069     4.0304    28.6001    22.6965 3.6630e-01     0.1298      0.015    1458.59     74.155     8.0107  59.715026     5.6054      4.107  0.000e+00
      4.093     4.0313    28.5985    22.6952 3.7851e-01     0.1285      0.015    1458.59     74.138     8.0088  59.715027     5.6041      4.132  0.000e+00
      4.106     4.0360    28.6034    22.6987 3.9072e-01     0.1298      0.015    1458.62     74.055     7.9986  59.715027     5.5970      4.145  0.000e+00
      4.142     4.0422    28.6172    22.7091 3.9072e-01     0.1298      0.015    1458.66     74.025     7.9934  59.715027     5.5933      4.181  0.000e+00
      4.153     4.0476    28.6330    22.7211 3.9072e-01     0.1298      0.015    1458.71     74.002     7.9891  59.715028     5.5903      4.192  0.000e+00
      4.189     4.0522    28.6437    22.7292 3.9072e-01     0.1298      0.015    1458.74     73.979     7.9851  59.715028     5.5875      4.228  0.000e+00
      4.213     4.0573    28.6519    22.7353 3.6630e-01     0.1298      0.015    1458.77     73.955     7.9810  59.715029     5.5847      4.253  0.000e+00
      4.247     4.0607    28.6598    22.7412 3.6630e-01     0.1285      0.015    1458.80     73.930     7.9772  59.715029     5.5820      4.287  0.000e+00
      4.248     4.0629    28.6658    22.7458 3.6630e-01     0.1298      0.015    1458.82     73.904     7.9736  59.715030     5.5795      4.289  0.000e+00
      4.297     4.0640    28.6698    22.7490 3.5409e-01     0.1285      0.015    1458.83     73.814     7.9635  59.715030     5.5724      4.338  0.000e+00
      4.308     4.0675    28.6734    22.7515 3.5409e-01     0.1285      0.015    1458.85     73.786     7.9597  59.715031     5.5697      4.349  0.000e+00
      4.333     4.0808    28.6900    22.7635 3.5409e-01     0.1298      0.015    1458.92     73.756     7.9530  59.715031     5.5650      4.374  0.000e+00
      4.344     4.0994    28.7297    22.7933 3.5409e-01     0.1298      0.015    1459.05     73.725     7.9439  59.715032     5.5586      4.385  0.000e+00
      4.367     4.1181    28.7767    22.8289 3.6630e-01     0.1298      0.015    1459.19     73.685     7.9334  59.715032     5.5513      4.408  0.000e+00
      4.404     4.1365    28.8171    22.8594 3.5409e-01     0.1298      0.015    1459.32     73.590     7.9174  59.715033     5.5402      4.446  0.000e+00
      4.404     4.1560    28.8611    22.8925 3.5409e-01     0.1298      0.015    1459.46     73.549     7.9069  59.715033     5.5328      4.446  0.000e+00
      4.439     4.1759    28.9085    22.9284 3.6630e-01     0.1285      0.015    1459.61     73.455     7.8904  59.715034     5.5212      4.482  0.000e+00
      4.452     4.2012    28.9589    22.9661 3.7851e-01     0.1298      0.015    1459.78     73.477     7.8853  59.715034     5.5176      4.495  0.000e+00
      4.488     4.2311    29.0192    23.0112 3.6630e-01     0.1298      0.015    1459.98     73.383     7.8661  59.715035     5.5042      4.531  0.000e+00
      4.498     4.2695    29.1013    23.0728 3.5409e-01     0.1285      0.015    1460.25     73.341     7.8500  59.715035     5.4930      4.540  0.000e+00
      4.524     4.3101    29.2045    23.1510 3.5409e-01     0.1298      0.015    1460.55     73.301     7.8325  59.715036     5.4807      4.567  0.000e+00
      4.548     4.3543    29.2972    23.2204 3.5409e-01     0.1298      0.015    1460.86     73.198     7.8081  59.715036     5.4637      4.591  0.000e+00
      4.559     4.4042    29.3810    23.2822 3.6630e-01     0.1298      0.015    1461.17     73.158     7.7900  59.715037     5.4510      4.603  0.000e+00
      4.584     4.4505    29.4672    23.3461 3.7851e-01     0.1285      0.015    1461.48     73.121     7.7728  59.715037     5.4390      4.627  0.000e+00
      4.605     4.4938    29.5611    23.4165 4.0293e-01     0.1298      0.015    1461.78     73.086     7.7560  59.715038     5.4272      4.648  0.000e+00
      4.619     4.5385    29.6484    23.4813 4.1514e-01     0.1298      0.015    1462.08     72.989     7.7328  59.715038     5.4110      4.663  0.000e+00
      4.655     4.5855    29.7377    23.5476 4.0293e-01     0.1298      0.015    1462.39     72.957     7.7160  59.715039     5.3992      4.699  0.000e+00
      4.666     4.6278    29.8418    23.6259 3.9072e-01     0.1285      0.015    1462.70     72.919     7.6987  59.715039     5.3871      4.710  0.000e+00
      4.690     4.6667    29.9300    23.6920 3.7851e-01     0.1298      0.015    1462.97     72.884     7.6832  59.715040     5.3762      4.735  0.000e+00
      4.700     4.6991    29.9911    23.7372 3.6630e-01     0.1298      0.015    1463.19     72.797     7.6649  59.715040     5.3634      4.745  0.000e+00
      4.750     4.7345    30.0418    23.7739 3.6630e-01     0.1298      0.015    1463.40     72.768     7.6526  59.715041     5.3548      4.795  0.000e+00
      4.750     4.7696    30.1162    23.8293 3.6630e-01     0.1298      0.015    1463.64     72.668     7.6319  59.715041     5.3403      4.795  0.000e+00
      4.786     4.8019    30.1881    23.8829 3.6630e-01     0.1298      0.015    1463.86     72.636     7.6188  59.715041     5.3312      4.831  0.000e+00
      4.786     4.8281    30.2458    23.9260 3.6630e-01     0.1298      0.015    1464.05     72.606     7.6080  59.715042     5.3236      4.831  0.000e+00
      4.820     4.8474    30.2873    23.9569 3.7851e-01     0.1298      0.015    1464.18     72.581     7.5997  59.715042     5.3178      4.866  0.000e+00
      4.846     4.8672    30.3130    23.9752 3.9072e-01     0.1298      0.015    1464.29     72.558     7.5923  59.715043     5.3127      4.892  0.000e+00
      4.857     4.8834    30.3432    23.9975 3.7851e-01     0.1298      0.015    1464.40     72.476     7.5792  59.715043     5.3035      4.903  0.000e+00
      4.894     4.8976    30.3687    24.0162 3.6630e-01     0.1285      0.015    1464.49     72.451     7.5728  59.715044     5.2990      4.941  0.000e+00
      4.915     4.9151    30.3938    24.0342 3.5409e-01     0.1298      0.015    1464.60     72.429     7.5661  59.715044     5.2943      4.962  0.000e+00
      4.917     4.9345    30.4296    24.0606 3.5409e-01     0.1298      0.015    1464.72     72.348     7.5522  59.715045     5.2846      4.964  0.000e+00
      4.953     4.9531    30.4715    24.0918 3.5409e-01     0.1285      0.015    1464.85     72.262     7.5377  59.715045     5.2745      5.000  0.000e+00
      4.990     4.9695    30.5099    24.1205 3.5409e-01     0.1298      0.015    1464.97     72.297     7.5365  59.715046     5.2736      5.037  0.000e+00
      4.987     4.9835    30.5362    24.1399 3.6630e-01     0.1298      0.015    1465.06     72.281     7.5310  59.715046     5.2697      5.034  0.000e+00
      5.026     4.9954    30.5584    24.1563 3.6630e-01     0.1298      0.015    1465.14     72.206     7.5199  59.715047     5.2620      5.073  0.000e+00
      5.048     5.0068    30.5793    24.1716 3.9072e-01     0.1298      0.015    1465.21     72.190     7.5151  59.715047     5.2586      5.096  0.000e+00
      5.061     5.0156    30.5965    24.1843 4.0293e-01     0.1298      0.015    1465.27     72.115     7.5049  59.715048     5.2515      5.109  0.000e+00
      5.085     5.0222    30.6100    24.1943 3.9072e-01     0.1298      0.015    1465.32     72.161     7.5078  59.715048     5.2535      5.134  0.000e+00
      5.106     5.0292    30.6206    24.2019 3.7851e-01     0.1298      0.015    1465.36     72.094     7.4991  59.715049     5.2474      5.155  0.000e+00
      5.132     5.0341    30.6335    24.2117 3.5409e-01     0.1298      0.015    1465.40     72.086     7.4967  59.715049     5.2457      5.181  0.000e+00
      5.144     5.0388    30.6432    24.2188 3.5409e-01     0.1298      0.015    1465.43     72.019     7.4884  59.715050     5.2400      5.193  0.000e+00
      5.168     5.0462    30.6572    24.2291 3.4188e-01     0.1298      0.015    1465.48     71.949     7.4790  59.715050     5.2334      5.217  0.000e+00
      5.213     5.0574    30.6827    24.2481 3.2967e-01     0.1298      0.015    1465.55     71.991     7.4802  59.715051     5.2342      5.263  0.000e+00
      5.204     5.0676    30.7089    24.2678 3.2967e-01     0.1298      0.015    1465.63     71.920     7.4697  59.715051     5.2268      5.253  0.000e+00
      5.252     5.0751    30.7259    24.2804 3.1746e-01     0.1285      0.018    1465.68     71.909     7.4663  59.715052     5.2245      5.302  0.000e+00
      5.262     5.0807    30.7363    24.2881 3.2967e-01     0.1298      0.015    1465.72     71.902     7.4641  59.715052     5.2229      5.312  0.000e+00
      5.288     5.0852    30.7438    24.2935 3.5409e-01     0.1298      0.015    1465.75     71.900     7.4627  59.715053     5.2219      5.338  0.000e+00
      5.312     5.0881    30.7544    24.3016 3.7851e-01     0.1298      0.015    1465.77     71.777     7.4489  59.715053     5.2123      5.363  0.000e+00
      5.336     5.0934    30.7690    24.3126 3.9072e-01     0.1298      0.015    1465.81     71.830     7.4527  59.715054     5.2150      5.387  0.000e+00
      5.369     5.0985    30.7889    24.3278 3.9072e-01     0.1298      0.015    1465.86     71.826     7.4503  59.715054     5.2133      5.420  0.000e+00
      5.359     5.1032    30.8094    24.3436 4.0293e-01     0.1298      0.015    1465.91     71.763     7.4420  59.715054     5.2074      5.410  0.000e+00
      5.419     5.1069    30.8231    24.3540 4.2735e-01     0.1285      0.015    1465.94     71.759     7.4403  59.715055     5.2063      5.470  0.000e+00
      5.408     5.1094    30.8314    24.3603 4.1514e-01     0.1298      0.015    1465.96     71.760     7.4395  59.715055     5.2057      5.459  0.000e+00
      5.464     5.1117    30.8376    24.3650 3.9072e-01     0.1285      0.015    1465.98     71.767     7.4395  59.715056     5.2057      5.516  0.000e+00
      5.468     5.1137    30.8451    24.3707 3.9072e-01     0.1298      0.015    1466.00     71.707     7.4325  59.715056     5.2008      5.519  0.000e+00
      5.503     5.1151    30.8509    24.3751 3.7851e-01     0.1298      0.015    1466.01     71.706     7.4319  59.715057     5.2004      5.555  0.000e+00
      5.524     5.1161    30.8543    24.3777 3.6630e-01     0.1285      0.015    1466.02     71.701     7.4310  59.715057     5.1998      5.577  0.000e+00
      5.539     5.1165    30.8580    24.3806 3.5409e-01     0.1298      0.015    1466.03     71.647     7.4251  59.715058     5.1957      5.591  0.000e+00
      5.574     5.1170    30.8621    24.3838 3.5409e-01     0.1285      0.015    1466.03     71.644     7.4245  59.715058     5.1953      5.627  0.000e+00
      5.587     5.1172    30.8677    24.3882 3.5409e-01     0.1298      0.015    1466.04     71.645     7.4244  59.715059     5.1951      5.640  0.000e+00
      5.608     5.1176    30.8711    24.3909 3.7851e-01     0.1298      0.015    1466.05     71.651     7.4248  59.715059     5.1954      5.662  0.000e+00
      5.634     5.1182    30.8715    24.3911 3.9072e-01     0.1298      0.015    1466.05     71.591     7.4184  59.715060     5.1910      5.688  0.000e+00
      5.646     5.1182    30.8737    24.3929 3.9072e-01     0.1298      0.015    1466.05     71.590     7.4182  59.715060     5.1908      5.699  0.000e+00
      5.691     5.1185    30.8753    24.3941 3.7851e-01     0.1298      0.015    1466.06     71.595     7.4185  59.715061     5.1910      5.745  0.000e+00
      5.694     5.1189    30.8775    24.3958 3.6630e-01     0.1285      0.015    1466.06     71.541     7.4127  59.715061     5.1870      5.748  0.000e+00
      5.730     5.1193    30.8824    24.3996 3.6630e-01     0.1298      0.015    1466.07     71.538     7.4121  59.715062     5.1866      5.784  0.000e+00
      5.727     5.1198    30.8892    24.4050 3.5409e-01     0.1298      0.015    1466.08     71.539     7.4119  59.715062     5.1864      5.781  0.000e+00
      5.778     5.1202    30.8946    24.4091 3.5409e-01     0.1298      0.015    1466.09     71.546     7.4123  59.715063     5.1867      5.833  0.000e+00
      5.778     5.1208    30.8974    24.4113 3.4188e-01     0.1298      0.015    1466.10     71.557     7.4132  59.715063     5.1873      5.833  0.000e+00
      5.801     5.1210    30.8991    24.4127 3.4188e-01     0.1298      0.015    1466.10     71.503     7.4074  59.715064     5.1832      5.856  0.000e+00
      5.846     5.1215    30.8972    24.4111 3.2967e-01     0.1298      0.015    1466.10     71.507     7.4078  59.715064     5.1836      5.902  0.000e+00
      5.825     5.1218    30.8945    24.4090 3.1746e-01     0.1285      0.015    1466.10     71.507     7.4079  59.715065     5.1836      5.881  0.000e+00
      5.897     5.1225    30.8939    24.4084 3.4188e-01     0.1298      0.015    1466.10     71.450     7.4019  59.715065     5.1794      5.953  0.000e+00
      5.882     5.1224    30.8927    24.4074 3.4188e-01     0.1298      0.015    1466.10     71.451     7.4021  59.715066     5.1796      5.938  0.000e+00
      5.921     5.1221    30.8912    24.4062 3.4188e-01     0.1298      0.015    1466.10     71.458     7.4029  59.715066     5.1801      5.977  0.000e+00
      5.921     5.1216    30.8901    24.4054 3.2967e-01     0.1298      0.015    1466.09     71.469     7.4042  59.715067     5.1810      5.977  0.000e+00
      5.966     5.1218    30.8916    24.4066 3.2967e-01     0.1285      0.015    1466.10     71.476     7.4049  59.715067     5.1815      6.023  0.000e+00
      5.981     5.1230    30.8977    24.4113 3.2967e-01     0.1298      0.015    1466.11     71.488     7.4056  59.715068     5.1820      6.038  0.000e+00
      5.981     5.1249    30.9096    24.4205 3.2967e-01     0.1285      0.018    1466.13     71.566     7.4127  59.715068     5.1870      6.038  0.000e+00
      6.026     5.1272    30.9224    24.4304 3.2967e-01     0.1285      0.015    1466.16     71.586     7.4138  59.715068     5.1877      6.083  0.000e+00
      6.029     5.1292    30.9317    24.4376 3.4188e-01     0.1298      0.018    1466.18     71.664     7.4210  59.715069     5.1928      6.087  0.000e+00
