RAWDATA/20190228/Hm6_20190228_down.cnv
* Sea-Bird SBE 9 Data File:
* FileName = C:\CTD Brukere\NIVA\IO2019\20190228\Hm6_20190228.hex
* Software Version Seasave V 7.23.2
* Temperature SN = 5352
* Conductivity SN = 3840
* Number of Bytes Per Scan = 28
* Number of Voltage Words = 4
* Number of Scans Averaged by the Deck Unit = 1
* NMEA baud rate = 4800
** Ship: R/V Trygve Braarud
** Cruise:
** Station:
** Operator:
# nquan = 14
# nvalues = 2173                                  
# units = specified
# name 0 = depSM: Depth [salt water, m], lat = 59.60
# name 1 = t090C: Temperature [ITS-90, deg C]
# name 2 = sal00: Salinity, Practical [PSU]
# name 3 = sigma-t00: Density [sigma-t, kg/m^3 ]
# name 4 = flSP: Fluorescence, Seapoint
# name 5 = wetStar: Fluorescence, WET Labs WETstar [mg/m^3]
# name 6 = seaTurbMtr: Turbidity, Seapoint [FTU]
# name 7 = svCM: Sound Velocity [Chen-Millero, m/s]
# name 8 = sbeox0PS: Oxygen, SBE 43 [% saturation]
# name 9 = sbeox0Mg/L: Oxygen, SBE 43 [mg/l]
# name 10 = timeJ: Julian Days
# name 11 = sbeox0ML/L: Oxygen, SBE 43 [ml/l]
# name 12 = prDM: Pressure, Digiquartz [db]
# name 13 = flag:  0.000e+00
# span 0 =     -0.075,     18.712                 
# span 1 =     3.2120,     7.0770                 
# span 2 =    25.3676,    33.2291                 
# span 3 =    20.1872,    26.0139                 
# span 4 = 1.5873e-01, 6.1050e-01                 
# span 5 =     0.1273,     0.1322                 
# span 6 =      0.011,      0.018                 
# span 7 =    1450.98,    1477.04                 
# span 8 =     58.846,     74.451                 
# span 9 =     5.7344,     8.3635                 
# span 10 =  59.714572,  59.715619                
# span 11 =     4.0126,     5.8523                
# span 12 =     -0.075,     18.890                
# span 13 = 0.0000e+00, 0.0000e+00                
# interval = seconds: 0.0416667
# start_time = Feb 28 2019 17:08:59 [System UpLoad Time]
# bad_flag = -9.990e-29
*END*
[from data line 826]
      1.717     3.8770    28.1349    22.3403 4.1514e-01     0.1298      0.015    1457.30     72.891     7.9289  59.714970     5.5482      1.733  0.000e+00
      1.753     3.8787    28.1498    22.3520 4.1514e-01     0.1310      0.015    1457.33     72.887     7.9272  59.714971     5.5470      1.769  0.000e+00
      1.777     3.8799    28.1537    22.3550 4.1514e-01     0.1298      0.015    1457.34     72.884     7.9265  59.714971     5.5465      1.794  0.000e+00
      1.801     3.8799    28.1597    22.3597 4.0293e-01     0.1310      0.015    1457.35     72.884     7.9262  59.714972     5.5463      1.818  0.000e+00
      1.825     3.8801    28.1628    22.3622 3.9072e-01     0.1310      0.015    1457.36     72.886     7.9262  59.714972     5.5463      1.843  0.000e+00
      1.837     3.8810    28.1663    22.3649 3.9072e-01     0.1298      0.015    1457.36     72.890     7.9263  59.714973     5.5463      1.854  0.000e+00
      1.885     3.8825    28.1748    22.3715 3.9072e-01     0.1298      0.015    1457.38     72.897     7.9262  59.714973     5.5463      1.903  0.000e+00
      1.885     3.8834    28.1798    22.3754 4.1514e-01     0.1298      0.015    1457.39     72.896     7.9257  59.714973     5.5459      1.903  0.000e+00
      1.921     3.8845    28.1876    22.3815 4.1514e-01     0.1298      0.015    1457.41     72.897     7.9252  59.714974     5.5456      1.939  0.000e+00
      1.943     3.8857    28.1932    22.3859 4.2735e-01     0.1298      0.018    1457.42     72.963     7.9318  59.714974     5.5502      1.962  0.000e+00
      1.968     3.8868    28.1951    22.3873 4.3956e-01     0.1298      0.018    1457.43     72.913     7.9261  59.714975     5.5462      1.986  0.000e+00
      2.003     3.8877    28.1998    22.3910 4.2735e-01     0.1298      0.015    1457.44     72.919     7.9263  59.714975     5.5464      2.022  0.000e+00
      2.016     3.8876    28.2026    22.3931 4.1514e-01     0.1298      0.015    1457.44     72.927     7.9271  59.714976     5.5469      2.035  0.000e+00
      2.039     3.8869    28.2054    22.3955 4.2735e-01     0.1298      0.015    1457.44     72.928     7.9272  59.714976     5.5470      2.058  0.000e+00
      2.076     3.8859    28.2039    22.3944 4.2735e-01     0.1298      0.015    1457.44     72.940     7.9287  59.714977     5.5480      2.096  0.000e+00
      2.076     3.8855    28.2002    22.3914 4.1514e-01     0.1310      0.015    1457.43     72.953     7.9304  59.714977     5.5492      2.096  0.000e+00
      2.112     3.8856    28.1997    22.3911 4.1514e-01     0.1298      0.015    1457.43     72.968     7.9321  59.714978     5.5504      2.132  0.000e+00
      2.134     3.8863    28.2013    22.3922 3.9072e-01     0.1310      0.015    1457.44     72.985     7.9337  59.714978     5.5515      2.155  0.000e+00
      2.159     3.8876    28.2049    22.3950 3.9072e-01     0.1298      0.015    1457.45     72.995     7.9342  59.714979     5.5519      2.179  0.000e+00
      2.183     3.8888    28.2086    22.3978 3.9072e-01     0.1298      0.015    1457.46     73.005     7.9350  59.714979     5.5524      2.204  0.000e+00
      2.207     3.8890    28.2125    22.4009 4.0293e-01     0.1310      0.015    1457.46     73.018     7.9361  59.714980     5.5532      2.228  0.000e+00
      2.230     3.8894    28.2153    22.4031 4.1514e-01     0.1298      0.015    1457.47     73.032     7.9374  59.714980     5.5541      2.251  0.000e+00
      2.243     3.8897    28.2160    22.4036 4.2735e-01     0.1298      0.015    1457.47     73.047     7.9390  59.714981     5.5552      2.264  0.000e+00
      2.279     3.8894    28.2161    22.4037 4.6398e-01     0.1310      0.015    1457.47     73.055     7.9399  59.714981     5.5559      2.300  0.000e+00
      2.303     3.8890    28.2162    22.4038 4.7619e-01     0.1298      0.015    1457.47     73.073     7.9419  59.714982     5.5573      2.325  0.000e+00
      2.325     3.8891    28.2153    22.4031 4.5177e-01     0.1298      0.015    1457.47     73.083     7.9431  59.714982     5.5581      2.348  0.000e+00
      2.325     3.8892    28.2166    22.4042 4.2735e-01     0.1310      0.015    1457.47     73.095     7.9442  59.714983     5.5589      2.348  0.000e+00
      2.374     3.8904    28.2177    22.4049 4.0293e-01     0.1310      0.015    1457.48     73.107     7.9453  59.714983     5.5596      2.397  0.000e+00
      2.374     3.8920    28.2206    22.4071 4.0293e-01     0.1298      0.015    1457.49     73.120     7.9462  59.714984     5.5603      2.397  0.000e+00
      2.398     3.8940    28.2246    22.4101 4.0293e-01     0.1298      0.015    1457.50     73.135     7.9472  59.714984     5.5610      2.421  0.000e+00
      2.421     3.8950    28.2278    22.4125 3.9072e-01     0.1298      0.015    1457.51     73.150     7.9485  59.714985     5.5619      2.444  0.000e+00
      2.445     3.8952    28.2311    22.4151 3.9072e-01     0.1298      0.015    1457.52     73.167     7.9501  59.714985     5.5630      2.468  0.000e+00
      2.458     3.8955    28.2308    22.4149 3.7851e-01     0.1298      0.015    1457.52     73.185     7.9520  59.714986     5.5643      2.482  0.000e+00
      2.481     3.8968    28.2296    22.4138 3.6630e-01     0.1298      0.015    1457.52     73.195     7.9529  59.714986     5.5649      2.504  0.000e+00
      2.505     3.8997    28.2339    22.4170 3.6630e-01     0.1310      0.015    1457.54     73.214     7.9542  59.714986     5.5658      2.529  0.000e+00
      2.529     3.9010    28.2411    22.4226 3.6630e-01     0.1298      0.015    1457.56     73.225     7.9548  59.714987     5.5663      2.553  0.000e+00
      2.516     3.9035    28.2475    22.4275 3.7851e-01     0.1298      0.015    1457.57     73.237     7.9552  59.714987     5.5666      2.540  0.000e+00
      2.554     3.9068    28.2558    22.4338 3.9072e-01     0.1310      0.015    1457.60     73.250     7.9555  59.714988     5.5668      2.578  0.000e+00
      2.576     3.9099    28.2649    22.4408 4.0293e-01     0.1298      0.015    1457.63     73.263     7.9559  59.714988     5.5670      2.601  0.000e+00
      2.576     3.9130    28.2724    22.4465 4.1514e-01     0.1310      0.015    1457.65     73.268     7.9554  59.714989     5.5667      2.601  0.000e+00
      2.612     3.9169    28.2822    22.4539 4.2735e-01     0.1298      0.015    1457.68     73.274     7.9547  59.714989     5.5662      2.637  0.000e+00
      2.625     3.9212    28.2931    22.4622 4.3956e-01     0.1298      0.015    1457.71     73.279     7.9539  59.714990     5.5656      2.650  0.000e+00
      2.649     3.9267    28.3053    22.4714 4.3956e-01     0.1298      0.015    1457.75     73.285     7.9528  59.714990     5.5649      2.674  0.000e+00
      2.649     3.9313    28.3208    22.4833 4.2735e-01     0.1298      0.015    1457.79     73.291     7.9517  59.714991     5.5641      2.674  0.000e+00
      2.685     3.9351    28.3339    22.4934 4.0293e-01     0.1298      0.015    1457.82     73.298     7.9510  59.714991     5.5636      2.710  0.000e+00
      2.672     3.9381    28.3450    22.5020 4.0293e-01     0.1298      0.015    1457.85     73.305     7.9506  59.714992     5.5633      2.697  0.000e+00
      2.696     3.9406    28.3528    22.5079 4.0293e-01     0.1298      0.015    1457.87     73.313     7.9505  59.714992     5.5633      2.722  0.000e+00
      2.720     3.9423    28.3599    22.5135 3.9072e-01     0.1298      0.015    1457.89     73.321     7.9507  59.714993     5.5634      2.746  0.000e+00
      2.732     3.9431    28.3656    22.5179 4.0293e-01     0.1298      0.015    1457.90     73.321     7.9502  59.714993     5.5630      2.758  0.000e+00
      2.756     3.9442    28.3676    22.5194 4.1514e-01     0.1310      0.015    1457.91     73.320     7.9498  59.714994     5.5628      2.782  0.000e+00
      2.756     3.9448    28.3691    22.5206 4.1514e-01     0.1298      0.015    1457.91     73.320     7.9495  59.714994     5.5626      2.782  0.000e+00
      2.780     3.9455    28.3702    22.5213 4.0293e-01     0.1298      0.015    1457.92     73.319     7.9493  59.714995     5.5625      2.807  0.000e+00
      2.805     3.9456    28.3707    22.5217 4.0293e-01     0.1298      0.015    1457.92     73.383     7.9561  59.714995     5.5672      2.831  0.000e+00
      2.805     3.9459    28.3721    22.5229 4.0293e-01     0.1298      0.015    1457.92     73.390     7.9568  59.714996     5.5677      2.831  0.000e+00
      2.840     3.9477    28.3749    22.5249 4.0293e-01     0.1310      0.015    1457.93     73.335     7.9503  59.714996     5.5632      2.867  0.000e+00
      2.840     3.9508    28.3848    22.5325 4.1514e-01     0.1298      0.015    1457.96     73.333     7.9490  59.714997     5.5622      2.867  0.000e+00
      2.852     3.9526    28.3964    22.5416 4.1514e-01     0.1298      0.015    1457.98     73.395     7.9547  59.714997     5.5663      2.879  0.000e+00
      2.876     3.9554    28.4010    22.5449 3.9072e-01     0.1298      0.015    1458.00     73.402     7.9547  59.714998     5.5662      2.903  0.000e+00
      2.900     3.9585    28.4087    22.5508 3.7851e-01     0.1298      0.015    1458.02     73.418     7.9554  59.714998     5.5667      2.928  0.000e+00
      2.900     3.9611    28.4218    22.5610 3.5409e-01     0.1310      0.015    1458.05     73.424     7.9548  59.714999     5.5663      2.928  0.000e+00
      2.923     3.9598    28.4284    22.5663 3.5409e-01     0.1298      0.015    1458.05     73.431     7.9555  59.714999     5.5668      2.950  0.000e+00
      2.947     3.9591    28.4234    22.5624 3.4188e-01     0.1298      0.015    1458.04     73.437     7.9566  59.715000     5.5676      2.975  0.000e+00
      2.947     3.9627    28.4240    22.5626 3.5409e-01     0.1298      0.015    1458.06     73.443     7.9564  59.715000     5.5674      2.975  0.000e+00
      2.996     3.9670    28.4378    22.5732 3.5409e-01     0.1298      0.015    1458.10     73.511     7.9622  59.715000     5.5715      3.024  0.000e+00
      2.996     3.9708    28.4525    22.5845 3.6630e-01     0.1298      0.015    1458.13     73.523     7.9621  59.715001     5.5714      3.024  0.000e+00
      2.983     3.9717    28.4635    22.5932 3.6630e-01     0.1298      0.015    1458.15     73.536     7.9626  59.715001     5.5718      3.011  0.000e+00
      3.007     3.9732    28.4669    22.5958 3.6630e-01     0.1298      0.015    1458.16     73.611     7.9703  59.715002     5.5771      3.035  0.000e+00
      3.054     3.9742    28.4694    22.5976 3.7851e-01     0.1298      0.015    1458.17     73.631     7.9721  59.715002     5.5784      3.083  0.000e+00
      3.031     3.9748    28.4732    22.6006 3.9072e-01     0.1298      0.015    1458.18     73.649     7.9737  59.715003     5.5795      3.060  0.000e+00
      3.078     3.9757    28.4759    22.6027 3.9072e-01     0.1298      0.015    1458.18     73.666     7.9753  59.715003     5.5806      3.107  0.000e+00
      3.102     3.9762    28.4778    22.6041 3.9072e-01     0.1298      0.015    1458.19     73.683     7.9769  59.715004     5.5817      3.132  0.000e+00
      3.114     3.9770    28.4796    22.6055 3.9072e-01     0.1310      0.015    1458.20     73.761     7.9851  59.715004     5.5875      3.143  0.000e+00
      3.114     3.9775    28.4813    22.6068 3.9072e-01     0.1298      0.015    1458.20     73.783     7.9873  59.715005     5.5890      3.143  0.000e+00
      3.149     3.9781    28.4826    22.6078 3.9072e-01     0.1285      0.015    1458.20     73.804     7.9894  59.715005     5.5905      3.179  0.000e+00
      3.161     3.9777    28.4831    22.6082 4.0293e-01     0.1298      0.015    1458.20     73.824     7.9916  59.715006     5.5920      3.191  0.000e+00
      3.187     3.9773    28.4820    22.6074 4.0293e-01     0.1298      0.015    1458.20     73.842     7.9937  59.715006     5.5935      3.217  0.000e+00
      3.198     3.9773    28.4804    22.6061 3.9072e-01     0.1298      0.015    1458.20     73.859     7.9956  59.715007     5.5948      3.228  0.000e+00
      3.222     3.9772    28.4810    22.6066 3.9072e-01     0.1298      0.015    1458.20     73.937     8.0041  59.715007     5.6008      3.253  0.000e+00
      3.234     3.9768    28.4819    22.6074 3.9072e-01     0.1298      0.015    1458.20     73.959     8.0065  59.715008     5.6025      3.264  0.000e+00
      3.258     3.9769    28.4823    22.6077 4.1514e-01     0.1298      0.015    1458.20     73.980     8.0087  59.715008     5.6040      3.289  0.000e+00
      3.269     3.9764    28.4820    22.6075 4.1514e-01     0.1298      0.015    1458.20     73.935     8.0040  59.715009     5.6007      3.300  0.000e+00
      3.293     3.9752    28.4785    22.6048 4.0293e-01     0.1298      0.015    1458.19     74.007     8.0122  59.715009     5.6065      3.325  0.000e+00
      3.305     3.9746    28.4746    22.6017 4.2735e-01     0.1298      0.015    1458.18     74.023     8.0142  59.715010     5.6078      3.336  0.000e+00
      3.329     3.9748    28.4736    22.6009 4.3956e-01     0.1298      0.015    1458.18     74.099     8.0225  59.715010     5.6137      3.361  0.000e+00
      3.340     3.9747    28.4743    22.6015 4.2735e-01     0.1298      0.015    1458.18     74.119     8.0246  59.715011     5.6152      3.372  0.000e+00
      3.378     3.9745    28.4743    22.6015 4.3956e-01     0.1298      0.015    1458.18     74.137     8.0266  59.715011     5.6165      3.410  0.000e+00
      3.389     3.9736    28.4730    22.6005 4.2735e-01     0.1298      0.015    1458.18     74.153     8.0286  59.715012     5.6179      3.421  0.000e+00
      3.413     3.9736    28.4705    22.5986 4.2735e-01     0.1298      0.015    1458.17     74.167     8.0302  59.715012     5.6190      3.446  0.000e+00
      3.425     3.9778    28.4744    22.6013 4.1514e-01     0.1298      0.015    1458.20     74.177     8.0303  59.715013     5.6191      3.457  0.000e+00
      3.460     3.9822    28.4891    22.6126 4.0293e-01     0.1298      0.018    1458.23     74.249     8.0364  59.715013     5.6234      3.493  0.000e+00
      3.473     3.9821    28.4971    22.6190 3.9072e-01     0.1298      0.015    1458.25     74.264     8.0376  59.715014     5.6242      3.506  0.000e+00
      3.496     3.9859    28.4965    22.6182 3.7851e-01     0.1298      0.015    1458.26     74.276     8.0382  59.715014     5.6246      3.529  0.000e+00
      3.520     3.9928    28.5066    22.6256 3.7851e-01     0.1298      0.015    1458.30     74.285     8.0372  59.715014     5.6240      3.553  0.000e+00
      3.544     3.9976    28.5229    22.6381 3.9072e-01     0.1298      0.015    1458.34     74.355     8.0430  59.715015     5.6280      3.578  0.000e+00
      3.556     4.0016    28.5362    22.6483 4.1514e-01     0.1298      0.015    1458.38     74.304     8.0360  59.715015     5.6231      3.589  0.000e+00
      3.591     4.0051    28.5450    22.6550 4.2735e-01     0.1298      0.015    1458.41     74.306     8.0350  59.715016     5.6224      3.625  0.000e+00
      3.604     4.0072    28.5494    22.6583 4.1514e-01     0.1298      0.015    1458.42     74.369     8.0411  59.715016     5.6267      3.638  0.000e+00
      3.627     4.0084    28.5514    22.6598 4.1514e-01     0.1298      0.015    1458.43     74.374     8.0414  59.715017     5.6269      3.661  0.000e+00
      3.664     4.0098    28.5542    22.6619 4.0293e-01     0.1298      0.015    1458.44     74.313     8.0344  59.715017     5.6220      3.699  0.000e+00
      3.675     4.0109    28.5584    22.6651 3.9072e-01     0.1298      0.015    1458.45     74.368     8.0398  59.715018     5.6258      3.710  0.000e+00
      3.698     4.0121    28.5604    22.6667 3.6630e-01     0.1298      0.015    1458.46     74.365     8.0392  59.715018     5.6253      3.733  0.000e+00
      3.735     4.0131    28.5630    22.6686 3.6630e-01     0.1298      0.015    1458.47     74.368     8.0392  59.715019     5.6254      3.771  0.000e+00
      3.747     4.0136    28.5648    22.6700 3.5409e-01     0.1298      0.015    1458.47     74.369     8.0391  59.715019     5.6253      3.782  0.000e+00
