RAWDATA/20190228/Hm6_20190228_down.cnv
* Sea-Bird SBE 9 Data File:
* FileName = C:\CTD Brukere\NIVA\IO2019\20190228\Hm6_20190228.hex
* Software Version Seasave V 7.23.2
* Temperature SN = 5352
* Conductivity SN = 3840
* Number of Bytes Per Scan = 28
* Number of Voltage Words = 4
* Number of Scans Averaged by the Deck Unit = 1
* NMEA baud rate = 4800
** Ship: R/V Trygve Braarud
** Cruise:
** Station:
** Operator:
# nquan = 14
# nvalues = 2173                                  
# units = specified
# name 0 = depSM: Depth [salt water, m], lat = 59.60
# name 1 = t090C: Temperature [ITS-90, deg C]
# name 2 = sal00: Salinity, Practical [PSU]
# name 3 = sigma-t00: Density [sigma-t, kg/m^3 ]
# name 4 = flSP: Fluorescence, Seapoint
# name 5 = wetStar: Fluorescence, WET Labs WETstar [mg/m^3]
# name 6 = seaTurbMtr: Turbidity, Seapoint [FTU]
# name 7 = svCM: Sound Velocity [Chen-Millero, m/s]
# name 8 = sbeox0PS: Oxygen, SBE 43 [% saturation]
# name 9 = sbeox0Mg/L: Oxygen, SBE 43 [mg/l]
# name 10 = timeJ: Julian Days
# name 11 = sbeox0ML/L: Oxygen, SBE 43 [ml/l]
# name 12 = prDM: Pressure, Digiquartz [db]
# name 13 = flag:  0.000e+00
# span 0 =     -0.075,     18.712                 
# span 1 =     3.2120,     7.0770                 
# span 2 =    25.3676,    33.2291                 
# span 3 =    20.1872,    26.0139                 
# span 4 = 1.5873e-01, 6.1050e-01                 
# span 5 =     0.1273,     0.1322                 
# span 6 =      0.011,      0.018                 
# span 7 =    1450.98,    1477.04                 
# span 8 =     58.846,     74.451                 
# span 9 =     5.7344,     8.3635                 
# span 10 =  59.714572,  59.715619                
# span 11 =     4.0126,     5.8523                
# span 12 =     -0.075,     18.890                
# span 13 = 0.0000e+00, 0.0000e+00                
# interval = seconds: 0.0416667
# start_time = Feb 28 2019 17:08:59 [System UpLoad Time]
# bad_flag = -9.990e-29
*END*
[from data line 310]
      0.118     3.3571    26.0427    20.7178 3.9072e-01     0.1298      0.015    1452.35     73.849     8.2536  59.714721     5.7754      0.119  0.000e+00
      0.094     3.3583    26.0586    20.7304 3.9072e-01     0.1310      0.018    1452.38     73.855     8.2530  59.714722     5.7750      0.095  0.000e+00
      0.094     3.3588    26.0692    20.7389 3.9072e-01     0.1298      0.015    1452.39     73.860     8.2530  59.714722     5.7749      0.095  0.000e+00
      0.107     3.3585    26.0722    20.7412 3.7851e-01     0.1310      0.018    1452.40     73.865     8.2535  59.714723     5.7753      0.108  0.000e+00
      0.118     3.3580    26.0706    20.7400 3.7851e-01     0.1310      0.015    1452.39     73.870     8.2542  59.714723     5.7758      0.119  0.000e+00
      0.094     3.3583    26.0673    20.7374 3.9072e-01     0.1298      0.015    1452.39     73.875     8.2548  59.714724     5.7762      0.095  0.000e+00
      0.107     3.3595    26.0666    20.7367 3.9072e-01     0.1298      0.015    1452.39     73.878     8.2550  59.714724     5.7764      0.108  0.000e+00
      0.118     3.3604    26.0710    20.7401 4.1514e-01     0.1298      0.015    1452.40     73.882     8.2550  59.714725     5.7764      0.119  0.000e+00
      0.107     3.3617    26.0759    20.7439 4.1514e-01     0.1298      0.018    1452.41     73.885     8.2548  59.714725     5.7762      0.108  0.000e+00
      0.116     3.3631    26.0822    20.7488 4.2735e-01     0.1298      0.015    1452.43     73.888     8.2545  59.714726     5.7760      0.117  0.000e+00
      0.107     3.3640    26.0885    20.7538 4.5177e-01     0.1310      0.018    1452.44     73.890     8.2542  59.714726     5.7758      0.108  0.000e+00
      0.118     3.3640    26.0947    20.7588 4.3956e-01     0.1298      0.015    1452.45     73.956     8.2612  59.714727     5.7807      0.119  0.000e+00
      0.118     3.3644    26.0969    20.7605 4.2735e-01     0.1298      0.018    1452.45     73.966     8.2621  59.714727     5.7814      0.119  0.000e+00
      0.129     3.3653    26.0978    20.7611 4.1514e-01     0.1310      0.015    1452.46     73.976     8.2630  59.714728     5.7819      0.131  0.000e+00
      0.131     3.3659    26.1008    20.7634 4.2735e-01     0.1310      0.015    1452.46     73.921     8.2566  59.714728     5.7775      0.132  0.000e+00
      0.118     3.3666    26.1039    20.7659 4.2735e-01     0.1298      0.015    1452.47     73.984     8.2633  59.714728     5.7821      0.119  0.000e+00
      0.142     3.3672    26.1075    20.7687 4.1514e-01     0.1298      0.015    1452.48     73.992     8.2638  59.714729     5.7825      0.144  0.000e+00
      0.129     3.3678    26.1093    20.7701 4.2735e-01     0.1298      0.018    1452.48     73.999     8.2643  59.714729     5.7829      0.131  0.000e+00
      0.131     3.3686    26.1119    20.7721 4.2735e-01     0.1298      0.015    1452.49     74.005     8.2647  59.714730     5.7832      0.132  0.000e+00
      0.142     3.3694    26.1139    20.7736 4.2735e-01     0.1310      0.015    1452.50     74.010     8.2651  59.714730     5.7834      0.144  0.000e+00
      0.154     3.3687    26.1166    20.7758 4.1514e-01     0.1310      0.015    1452.50     74.016     8.2656  59.714731     5.7838      0.155  0.000e+00
      0.141     3.3691    26.1154    20.7748 4.3956e-01     0.1310      0.018    1452.50     74.019     8.2661  59.714731     5.7841      0.142  0.000e+00
      0.142     3.3703    26.1159    20.7751 4.6398e-01     0.1298      0.015    1452.50     74.022     8.2661  59.714732     5.7841      0.144  0.000e+00
      0.167     3.3722    26.1214    20.7794 5.0061e-01     0.1310      0.018    1452.52     74.025     8.2657  59.714732     5.7838      0.168  0.000e+00
      0.141     3.3734    26.1295    20.7857 5.0061e-01     0.1298      0.015    1452.53     74.026     8.2651  59.714733     5.7835      0.142  0.000e+00
      0.167     3.3742    26.1369    20.7916 4.6398e-01     0.1310      0.015    1452.55     74.028     8.2647  59.714733     5.7831      0.168  0.000e+00
      0.154     3.3751    26.1398    20.7938 4.2735e-01     0.1310      0.015    1452.56     74.028     8.2643  59.714734     5.7829      0.155  0.000e+00
      0.154     3.3755    26.1428    20.7962 4.1514e-01     0.1298      0.015    1452.56     74.027     8.2641  59.714734     5.7827      0.155  0.000e+00
      0.165     3.3758    26.1435    20.7967 4.1514e-01     0.1310      0.018    1452.56     74.026     8.2638  59.714735     5.7825      0.166  0.000e+00
      0.178     3.3763    26.1450    20.7979 4.1514e-01     0.1298      0.015    1452.57     74.024     8.2634  59.714735     5.7823      0.180  0.000e+00
      0.167     3.3772    26.1466    20.7991 4.1514e-01     0.1298      0.015    1452.57     74.021     8.2628  59.714736     5.7819      0.168  0.000e+00
      0.167     3.3782    26.1511    20.8026 4.1514e-01     0.1298      0.015    1452.58     74.081     8.2691  59.714736     5.7862      0.168  0.000e+00
      0.176     3.3793    26.1564    20.8067 4.0293e-01     0.1310      0.018    1452.60     74.086     8.2690  59.714737     5.7862      0.178  0.000e+00
      0.178     3.3800    26.1610    20.8103 3.9072e-01     0.1298      0.015    1452.60     74.089     8.2690  59.714737     5.7862      0.180  0.000e+00
      0.178     3.3809    26.1647    20.8132 4.0293e-01     0.1310      0.018    1452.61     74.091     8.2688  59.714738     5.7860      0.180  0.000e+00
      0.178     3.3812    26.1676    20.8155 4.1514e-01     0.1310      0.018    1452.62     74.092     8.2687  59.714738     5.7860      0.180  0.000e+00
      0.189     3.3820    26.1702    20.8175 4.1514e-01     0.1310      0.015    1452.62     74.092     8.2684  59.714739     5.7857      0.191  0.000e+00
      0.178     3.3819    26.1733    20.8200 4.1514e-01     0.1310      0.018    1452.63     74.091     8.2681  59.714739     5.7855      0.180  0.000e+00
      0.178     3.3826    26.1757    20.8218 4.1514e-01     0.1298      0.015    1452.63     74.088     8.2676  59.714740     5.7852      0.180  0.000e+00
      0.189     3.3831    26.1782    20.8238 4.2735e-01     0.1310      0.015    1452.64     74.085     8.2669  59.714740     5.7847      0.191  0.000e+00
      0.176     3.3835    26.1809    20.8259 4.5177e-01     0.1310      0.015    1452.65     74.017     8.2591  59.714741     5.7792      0.178  0.000e+00
      0.178     3.3838    26.1821    20.8268 4.3956e-01     0.1310      0.015    1452.65     74.075     8.2655  59.714741     5.7837      0.180  0.000e+00
      0.178     3.3845    26.1837    20.8281 4.1514e-01     0.1310      0.015    1452.65     74.079     8.2656  59.714742     5.7838      0.180  0.000e+00
      0.178     3.3854    26.1871    20.8307 4.1514e-01     0.1298      0.015    1452.66     74.072     8.2645  59.714742     5.7830      0.180  0.000e+00
      0.176     3.3865    26.1926    20.8350 4.1514e-01     0.1298      0.015    1452.67     74.073     8.2641  59.714742     5.7827      0.178  0.000e+00
      0.167     3.3874    26.1976    20.8389 4.2735e-01     0.1310      0.015    1452.68     74.074     8.2637  59.714743     5.7824      0.168  0.000e+00
      0.178     3.3878    26.2028    20.8430 4.3956e-01     0.1310      0.015    1452.69     74.074     8.2633  59.714743     5.7822      0.180  0.000e+00
      0.178     3.3884    26.2058    20.8453 4.1514e-01     0.1298      0.015    1452.70     74.073     8.2629  59.714744     5.7819      0.180  0.000e+00
      0.152     3.3882    26.2075    20.8467 4.1514e-01     0.1298      0.015    1452.70     74.071     8.2627  59.714744     5.7817      0.153  0.000e+00
      0.167     3.3882    26.2082    20.8472 4.1514e-01     0.1298      0.015    1452.70     74.069     8.2624  59.714745     5.7816      0.168  0.000e+00
      0.178     3.3882    26.2081    20.8472 4.3956e-01     0.1298      0.015    1452.70     74.066     8.2621  59.714745     5.7813      0.180  0.000e+00
      0.167     3.3881    26.2077    20.8469 4.3956e-01     0.1298      0.015    1452.70     74.062     8.2617  59.714746     5.7811      0.168  0.000e+00
      0.176     3.3879    26.2077    20.8469 4.2735e-01     0.1310      0.018    1452.70     74.058     8.2613  59.714746     5.7808      0.178  0.000e+00
      0.154     3.3873    26.2069    20.8463 4.1514e-01     0.1298      0.015    1452.69     74.116     8.2680  59.714747     5.7854      0.155  0.000e+00
      0.154     3.3870    26.2050    20.8448 4.1514e-01     0.1298      0.015    1452.69     74.055     8.2613  59.714747     5.7808      0.155  0.000e+00
      0.142     3.3865    26.2025    20.8429 4.2735e-01     0.1298      0.015    1452.69     74.048     8.2608  59.714748     5.7804      0.144  0.000e+00
      0.152     3.3860    26.2010    20.8417 4.3956e-01     0.1298      0.015    1452.68     74.041     8.2601  59.714748     5.7799      0.153  0.000e+00
      0.167     3.3854    26.1993    20.8404 4.2735e-01     0.1298      0.015    1452.68     74.096     8.2665  59.714749     5.7844      0.168  0.000e+00
      0.142     3.3842    26.1968    20.8385 4.1514e-01     0.1310      0.015    1452.67     74.032     8.2597  59.714749     5.7797      0.144  0.000e+00
      0.154     3.3829    26.1922    20.8350 4.2735e-01     0.1298      0.015    1452.66     74.085     8.2662  59.714750     5.7842      0.155  0.000e+00
      0.129     3.3821    26.1867    20.8306 4.2735e-01     0.1298      0.015    1452.65     74.028     8.2603  59.714750     5.7801      0.131  0.000e+00
      0.142     3.3817    26.1820    20.8269 4.1514e-01     0.1298      0.015    1452.64     74.089     8.2675  59.714751     5.7851      0.144  0.000e+00
      0.131     3.3801    26.1792    20.8248 4.1514e-01     0.1310      0.015    1452.63     74.032     8.2616  59.714751     5.7810      0.132  0.000e+00
      0.142     3.3748    26.1745    20.8214 4.1514e-01     0.1298      0.015    1452.60     74.020     8.2616  59.714752     5.7810      0.144  0.000e+00
      0.116     3.3673    26.1536    20.8053 3.9072e-01     0.1298      0.015    1452.54     74.017     8.2640  59.714752     5.7826      0.117  0.000e+00
      0.118     3.3603    26.1192    20.7785 4.0293e-01     0.1310      0.015    1452.46     74.013     8.2670  59.714753     5.7847      0.119  0.000e+00
      0.131     3.3494    26.0845    20.7517 3.9072e-01     0.1298      0.015    1452.37     74.010     8.2708  59.714753     5.7874      0.132  0.000e+00
      0.118     3.3343    26.0507    20.7259 3.9072e-01     0.1310      0.015    1452.26     74.008     8.2756  59.714754     5.7907      0.119  0.000e+00
      0.116     3.3225    25.9939    20.6815 3.9072e-01     0.1298      0.015    1452.14     74.004     8.2808  59.714754     5.7944      0.117  0.000e+00
      0.118     3.3166    25.9394    20.6386 3.9072e-01     0.1298      0.015    1452.04     73.999     8.2845  59.714755     5.7970      0.119  0.000e+00
      0.118     3.3136    25.9036    20.6103 4.0293e-01     0.1310      0.015    1451.98     73.993     8.2864  59.714755     5.7984      0.119  0.000e+00
      0.118     3.3125    25.8903    20.5998 4.2735e-01     0.1298      0.015    1451.96     73.986     8.2867  59.714755     5.7985      0.119  0.000e+00
      0.116     3.3118    25.8831    20.5941 4.2735e-01     0.1310      0.015    1451.95     73.978     8.2864  59.714756     5.7983      0.117  0.000e+00
      0.118     3.3100    25.8788    20.5908 4.1514e-01     0.1310      0.015    1451.94     73.971     8.2862  59.714756     5.7982      0.119  0.000e+00
      0.118     3.3065    25.8753    20.5883 4.1514e-01     0.1298      0.015    1451.92     73.964     8.2863  59.714757     5.7982      0.119  0.000e+00
      0.118     3.2994    25.8628    20.5788 4.1514e-01     0.1298      0.018    1451.87     73.956     8.2876  59.714757     5.7992      0.119  0.000e+00
      0.116     3.2937    25.8424    20.5631 4.1514e-01     0.1298      0.015    1451.82     73.949     8.2891  59.714758     5.8002      0.117  0.000e+00
      0.131     3.2889    25.8166    20.5429 4.1514e-01     0.1310      0.015    1451.76     73.940     8.2906  59.714758     5.8013      0.132  0.000e+00
      0.118     3.2887    25.7979    20.5280 4.2735e-01     0.1310      0.015    1451.74     73.931     8.2906  59.714759     5.8013      0.119  0.000e+00
      0.107     3.2903    25.7892    20.5210 4.3956e-01     0.1310      0.015    1451.73     73.984     8.2967  59.714759     5.8056      0.108  0.000e+00
      0.116     3.2898    25.7931    20.5241 4.5177e-01     0.1310      0.015    1451.74     73.928     8.2903  59.714760     5.8011      0.117  0.000e+00
      0.118     3.2867    25.7930    20.5242 4.3956e-01     0.1298      0.015    1451.72     73.990     8.2980  59.714760     5.8065      0.119  0.000e+00
      0.118     3.2820    25.7811    20.5151 4.2735e-01     0.1298      0.015    1451.69     73.935     8.2934  59.714761     5.8033      0.119  0.000e+00
      0.131     3.2783    25.7578    20.4968 4.2735e-01     0.1298      0.015    1451.64     73.934     8.2954  59.714761     5.8046      0.132  0.000e+00
      0.116     3.2759    25.7328    20.4771 4.2735e-01     0.1310      0.015    1451.60     73.932     8.2971  59.714762     5.8058      0.117  0.000e+00
      0.118     3.2735    25.7182    20.4656 4.2735e-01     0.1298      0.015    1451.57     73.931     8.2983  59.714762     5.8067      0.119  0.000e+00
      0.118     3.2701    25.7098    20.4592 4.2735e-01     0.1310      0.015    1451.54     73.930     8.2994  59.714763     5.8074      0.119  0.000e+00
      0.131     3.2637    25.7029    20.4542 4.2735e-01     0.1310      0.015    1451.51     73.929     8.3010  59.714763     5.8086      0.132  0.000e+00
      0.129     3.2540    25.6854    20.4409 4.2735e-01     0.1298      0.015    1451.44     73.929     8.3040  59.714764     5.8107      0.131  0.000e+00
      0.142     3.2449    25.6577    20.4195 4.1514e-01     0.1310      0.015    1451.37     73.920     8.3064  59.714764     5.8124      0.144  0.000e+00
      0.131     3.2384    25.6215    20.3911 4.2735e-01     0.1298      0.015    1451.29     73.919     8.3097  59.714765     5.8147      0.132  0.000e+00
      0.118     3.2358    25.5902    20.3664 4.3956e-01     0.1298      0.018    1451.24     73.917     8.3118  59.714765     5.8161      0.119  0.000e+00
      0.152     3.2364    25.5687    20.3492 4.6398e-01     0.1310      0.015    1451.22     73.915     8.3127  59.714766     5.8167      0.153  0.000e+00
      0.142     3.2365    25.5648    20.3461 4.6398e-01     0.1298      0.015    1451.21     73.913     8.3126  59.714766     5.8167      0.144  0.000e+00
      0.142     3.2403    25.5647    20.3458 4.5177e-01     0.1310      0.015    1451.23     73.910     8.3115  59.714767     5.8159      0.144  0.000e+00
      0.142     3.2487    25.5707    20.3500 4.5177e-01     0.1310      0.015    1451.27     73.906     8.3090  59.714767     5.8141      0.144  0.000e+00
      0.141     3.2584    25.5942    20.3680 4.3956e-01     0.1310      0.015    1451.34     73.902     8.3052  59.714768     5.8115      0.142  0.000e+00
      0.154     3.2646    25.6282    20.3946 4.2735e-01     0.1310      0.015    1451.42     73.898     8.3016  59.714768     5.8090      0.155  0.000e+00
      0.154     3.2670    25.6555    20.4162 4.1514e-01     0.1298      0.015    1451.46     73.896     8.2992  59.714769     5.8073      0.155  0.000e+00
      0.142     3.2716    25.6685    20.4263 4.2735e-01     0.1310      0.015    1451.50     73.892     8.2972  59.714769     5.8059      0.144  0.000e+00
      0.152     3.2788    25.6788    20.4339 4.5177e-01     0.1298      0.015    1451.54     73.889     8.2947  59.714769     5.8041      0.153  0.000e+00
      0.167     3.2847    25.7052    20.4545 4.3956e-01     0.1310      0.015    1451.60     73.886     8.2916  59.714770     5.8020      0.168  0.000e+00
