RAWDATA/20190228/Im2_20190228_down_bin.cnv
* Sea-Bird SBE 9 Data File:
* FileName = C:\CTD Brukere\NIVA\IO2019\20190228\Im2_20190228.hex
* Software Version Seasave V 7.23.2
* Temperature SN = 5352
* Conductivity SN = 3840
* Number of Bytes Per Scan = 28
* Number of Voltage Words = 4
* Number of Scans Averaged by the Deck Unit = 1
* NMEA baud rate = 4800
** Ship: R/V Trygve Braarud
** Cruise:
** Station:
** Operator:
# nquan = 14
# nvalues = 200                         
# units = specified
# name 0 = depSM: Depth [salt water, m], lat = 59.60
# name 1 = t090C: Temperature [ITS-90, deg C]
# name 2 = sal00: Salinity, Practical [PSU]
# name 3 = sigma-t00: Density [sigma-t, kg/m^3 ]
# name 4 = flSP: Fluorescence, Seapoint
# name 5 = wetStar: Fluorescence, WET Labs WETstar [mg/m^3]
# name 6 = seaTurbMtr: Turbidity, Seapoint [FTU]
# name 7 = svCM: Sound Velocity [Chen-Millero, m/s]
# name 8 = sbeox0PS: Oxygen, SBE 43 [% saturation]
# name 9 = sbeox0Mg/L: Oxygen, SBE 43 [mg/l]
# name 10 = timeJ: Julian Days
# name 11 = sbeox0ML/L: Oxygen, SBE 43 [ml/l]
# name 12 = prDM: Pressure, Digiquartz [db]
# name 13 = flag: flag
# span 0 = -2.776e-17,    199.000       
# span 1 =     2.8555,     8.4682       
# span 2 =    20.7240,    34.6602       
# span 3 =    16.4934,    27.0463       
# span 4 = 1.3374e-01, 5.4422e-01       
# span 5 =     0.1281,     0.1302       
# span 6 =      0.012,      0.017       
# span 7 =    1444.68,    1484.95       
# span 8 =     49.715,     77.708       
# span 9 =     4.7300,     8.9239       
# span 10 =  59.683077,  59.687229      
# span 11 =     3.3098,     6.2444      
# span 12 =      0.000,    200.985      
# span 13 = 0.0000e+00, 0.0000e+00      
# interval = meters: 1                  
# start_time = Feb 28 2019 16:22:59 [System UpLoad Time]
# bad_flag = -9.990e-29
*END*
      0.000     3.2818    20.7240    16.4934 5.4422e-01     0.1283      0.013    1445.17     76.007     8.8237  59.683077     6.1743      0.000 0.0000e+00
      1.000     3.1293    20.8526    16.6040 5.0544e-01     0.1287      0.015    1444.68     75.697     8.8142  59.683099     6.1677      1.010 0.0000e+00
      2.000     2.9897    21.8132    17.3760 4.2074e-01     0.1288      0.015    1445.31     76.869     8.9239  59.683121     6.2444      2.019 0.0000e+00
      3.000     2.9347    23.2996    18.5622 4.0224e-01     0.1289      0.015    1447.01     77.324     8.8989  59.683143     6.2269      3.028 0.0000e+00
      4.000     2.9443    24.5909    19.5900 3.7685e-01     0.1289      0.015    1448.74     77.311     8.8174  59.683165     6.1699      4.038 0.0000e+00
      5.000     2.9112    25.8753    20.6152 3.9610e-01     0.1289      0.015    1450.27     77.708     8.7927  59.683187     6.1526      5.048 0.0000e+00
      6.000     2.8555    26.3452    20.9932 4.2290e-01     0.1289      0.015    1450.65     77.680     8.7738  59.683209     6.1394      6.057 0.0000e+00
      7.000     2.8562    26.5992    21.1956 4.0798e-01     0.1290      0.015    1451.00     76.910     8.6716  59.683231     6.0679      7.067 0.0000e+00
      8.000     2.9133    26.9350    21.4594 3.9744e-01     0.1290      0.015    1451.70     76.187     8.5582  59.683254     5.9885      8.076 0.0000e+00
      9.000     3.1349    27.2141    21.6660 3.9196e-01     0.1291      0.015    1453.04     75.768     8.4479  59.683276     5.9114      9.086 0.0000e+00
     10.000     3.4744    27.7631    22.0774 3.7307e-01     0.1288      0.015    1455.24     75.715     8.3396  59.683298     5.8356     10.095 0.0000e+00
     11.000     3.7407    28.3686    22.5373 3.2085e-01     0.1290      0.015    1457.18     75.790     8.2589  59.683320     5.7791     11.105 0.0000e+00
     12.000     3.8644    28.9128    22.9594 3.2214e-01     0.1288      0.015    1458.42     75.672     8.1907  59.683342     5.7314     12.114 0.0000e+00
     13.000     3.9538    29.1065    23.1054 2.9194e-01     0.1285      0.015    1459.06     74.504     8.0362  59.683364     5.6232     13.124 0.0000e+00
     14.000     3.6417    29.5337    23.4720 2.5976e-01     0.1287      0.015    1458.30     72.842     7.8945  59.683385     5.5241     14.133 0.0000e+00
     15.000     3.6231    29.7120    23.6154 2.6279e-01     0.1285      0.014    1458.47     71.576     7.7517  59.683406     5.4242     15.143 0.0000e+00
     16.000     3.7504    29.7777    23.6567 2.7220e-01     0.1283      0.013    1459.11     70.140     7.5689  59.683428     5.2962     16.152 0.0000e+00
     17.000     3.6378    29.9353    23.7918 2.5874e-01     0.1281      0.012    1458.85     69.526     7.5154  59.683449     5.2588     17.162 0.0000e+00
     18.000     3.5271    29.9600    23.8209 2.4953e-01     0.1287      0.015    1458.43     70.035     7.5899  59.683470     5.3110     18.172 0.0000e+00
     19.000     3.3296    29.9872    23.8592 2.3893e-01     0.1289      0.015    1457.63     69.646     7.5834  59.683492     5.3064     19.181 0.0000e+00
     20.000     3.4419    30.0422    23.8936 2.4169e-01     0.1291      0.015    1458.20     69.589     7.5532  59.683513     5.2853     20.191 0.0000e+00
     21.000     3.6361    30.1068    23.9283 2.3391e-01     0.1290      0.015    1459.13     69.737     7.5298  59.683535     5.2689     21.200 0.0000e+00
     22.000     3.4612    30.1475    23.9757 2.3313e-01     0.1290      0.015    1458.45     70.669     7.6614  59.683556     5.3610     22.210 0.0000e+00
     23.000     3.3958    30.2470    24.0605 2.2971e-01     0.1290      0.015    1458.32     70.993     7.7037  59.683577     5.3906     23.219 0.0000e+00
     24.000     3.3875    30.3232    24.1219 2.3486e-01     0.1291      0.015    1458.40     70.027     7.5965  59.683599     5.3156     24.229 0.0000e+00
     25.000     3.5154    30.4171    24.1857 2.2534e-01     0.1291      0.015    1459.08     70.065     7.5718  59.683620     5.2983     25.239 0.0000e+00
     26.000     3.6399    30.5126    24.2508 2.2451e-01     0.1291      0.015    1459.75     70.368     7.5763  59.683641     5.3015     26.248 0.0000e+00
     27.000     3.8001    30.6405    24.3381 2.2482e-01     0.1290      0.016    1460.61     70.742     7.5802  59.683663     5.3042     27.258 0.0000e+00
     28.000     4.1698    30.7841    24.4179 2.2298e-01     0.1293      0.016    1462.37     70.571     7.4866  59.683685     5.2386     28.268 0.0000e+00
     29.000     4.4785    30.9211    24.4966 2.1771e-01     0.1292      0.017    1463.86     70.637     7.4306  59.683707     5.1995     29.277 0.0000e+00
     30.000     4.6374    31.0165    24.5562 2.1659e-01     0.1294      0.016    1464.65     70.285     7.3606  59.683730     5.1505     30.287 0.0000e+00
     31.000     4.8482    31.1023    24.6024 2.2336e-01     0.1292      0.017    1465.65     69.085     7.1942  59.683752     5.0341     31.296 0.0000e+00
     32.000     5.0381    31.1909    24.6526 2.1869e-01     0.1295      0.017    1466.56     68.148     7.0601  59.683773     4.9402     32.306 0.0000e+00
     33.000     5.1919    31.2576    24.6887 2.1839e-01     0.1294      0.017    1467.29     67.697     6.9845  59.683795     4.8874     33.316 0.0000e+00
     34.000     5.3035    31.3160    24.7227 2.1184e-01     0.1294      0.017    1467.84     66.865     6.8776  59.683816     4.8126     34.325 0.0000e+00
     35.000     5.4250    31.4433    24.8098 2.0786e-01     0.1295      0.017    1468.51     66.106     6.7743  59.683837     4.7402     35.335 0.0000e+00
     36.000     5.6931    31.7243    25.0013 2.1003e-01     0.1294      0.017    1469.97     65.656     6.6730  59.683859     4.6694     36.345 0.0000e+00
     37.000     5.7969    31.8185    25.0635 2.0758e-01     0.1293      0.017    1470.52     65.656     6.6524  59.683881     4.6550     37.354 0.0000e+00
     38.000     5.8970    31.9063    25.1211 2.0034e-01     0.1295      0.017    1471.05     65.115     6.5784  59.683903     4.6031     38.364 0.0000e+00
     39.000     6.0706    32.1067    25.2583 1.8930e-01     0.1294      0.017    1472.02     64.325     6.4635  59.683925     4.5228     39.374 0.0000e+00
     40.000     6.3666    32.4611    25.5013 1.7964e-01     0.1294      0.017    1473.66     63.983     6.3698  59.683946     4.4572     40.383 0.0000e+00
     41.000     6.5644    32.6958    25.6612 1.7237e-01     0.1294      0.017    1474.75     63.993     6.3317  59.683967     4.4306     41.393 0.0000e+00
     42.000     6.7477    32.9590    25.8447 1.6826e-01     0.1296      0.017    1475.81     63.612     6.2565  59.683989     4.3780     42.403 0.0000e+00
     43.000     6.9512    33.1865    25.9969 1.6245e-01     0.1296      0.017    1476.91     63.042     6.1622  59.684010     4.3119     43.412 0.0000e+00
     44.000     7.0663    33.2954    26.0671 1.6015e-01     0.1296      0.017    1477.51     62.829     6.1208  59.684031     4.2830     44.422 0.0000e+00
     45.000     7.1776    33.4302    26.1580 1.5984e-01     0.1296      0.017    1478.13     62.564     6.0740  59.684052     4.2503     45.432 0.0000e+00
     46.000     7.2420    33.5399    26.2354 1.5589e-01     0.1297      0.017    1478.53     62.241     6.0294  59.684073     4.2190     46.441 0.0000e+00
     47.000     7.3063    33.6592    26.3203 1.4846e-01     0.1297      0.017    1478.94     61.987     5.9914  59.684094     4.1924     47.451 0.0000e+00
     48.000     7.3369    33.7325    26.3737 1.4682e-01     0.1297      0.017    1479.17     61.838     5.9698  59.684115     4.1773     48.461 0.0000e+00
     49.000     7.3583    33.8401    26.4554 1.4624e-01     0.1297      0.017    1479.40     62.277     6.0050  59.684136     4.2020     49.471 0.0000e+00
     50.000     7.3920    33.9076    26.5038 1.4652e-01     0.1297      0.017    1479.63     62.852     6.0532  59.684157     4.2356     50.480 0.0000e+00
     51.000     7.4492    33.9624    26.5388 1.4453e-01     0.1298      0.017    1479.94     63.509     6.1063  59.684178     4.2728     51.490 0.0000e+00
     52.000     7.4987    34.0046    26.5649 1.4462e-01     0.1297      0.017    1480.19     64.295     6.1732  59.684200     4.3196     52.500 0.0000e+00
     53.000     7.5510    34.0414    26.5864 1.4093e-01     0.1297      0.017    1480.46     64.821     6.2148  59.684221     4.3488     53.510 0.0000e+00
     54.000     7.6675    34.1150    26.6275 1.3838e-01     0.1297      0.017    1481.01     64.926     6.2055  59.684242     4.3422     54.520 0.0000e+00
     55.000     7.7399    34.1627    26.6544 1.3729e-01     0.1298      0.017    1481.36     65.126     6.2124  59.684264     4.3471     55.529 0.0000e+00
     56.000     7.7993    34.1954    26.6715 1.3459e-01     0.1297      0.017    1481.65     65.150     6.2051  59.684285     4.3420     56.539 0.0000e+00
     57.000     7.8517    34.2229    26.6854 1.3591e-01     0.1298      0.017    1481.89     65.107     6.1925  59.684306     4.3332     57.549 0.0000e+00
     58.000     7.9074    34.2540    26.7016 1.3431e-01     0.1298      0.017    1482.16     65.007     6.1740  59.684327     4.3202     58.559 0.0000e+00
     59.000     8.0062    34.2937    26.7182 1.3516e-01     0.1298      0.017    1482.60     64.921     6.1505  59.684348     4.3037     59.568 0.0000e+00
     60.000     8.0540    34.3152    26.7280 1.3457e-01     0.1298      0.017    1482.82     64.928     6.1437  59.684370     4.2990     60.578 0.0000e+00
     61.000     8.1215    34.3450    26.7413 1.3431e-01     0.1297      0.017    1483.13     64.650     6.1070  59.684392     4.2733     61.588 0.0000e+00
     62.000     8.2066    34.3873    26.7616 1.3431e-01     0.1298      0.017    1483.52     64.401     6.0701  59.684412     4.2475     62.598 0.0000e+00
     63.000     8.2664    34.4138    26.7734 1.3458e-01     0.1299      0.017    1483.80     64.177     6.0399  59.684434     4.2264     63.607 0.0000e+00
     64.000     8.3285    34.4434    26.7871 1.3431e-01     0.1299      0.017    1484.08     63.981     6.0119  59.684456     4.2068     64.617 0.0000e+00
     65.000     8.3541    34.4596    26.7960 1.3431e-01     0.1299      0.017    1484.21     63.756     5.9867  59.684476     4.1891     65.627 0.0000e+00
     66.000     8.3851    34.4771    26.8050 1.3431e-01     0.1299      0.017    1484.37     63.421     5.9505  59.684498     4.1638     66.637 0.0000e+00
     67.000     8.4220    34.4968    26.8147 1.3431e-01     0.1299      0.017    1484.55     63.065     5.9115  59.684519     4.1365     67.647 0.0000e+00
     68.000     8.4426    34.5127    26.8240 1.3431e-01     0.1300      0.017    1484.66     62.834     5.8865  59.684540     4.1190     68.657 0.0000e+00
     69.000     8.4514    34.5222    26.8301 1.3378e-01     0.1299      0.017    1484.72     62.601     5.8631  59.684562     4.1027     69.666 0.0000e+00
     70.000     8.4602    34.5294    26.8344 1.3431e-01     0.1299      0.017    1484.78     62.213     5.8254  59.684583     4.0763     70.676 0.0000e+00
     71.000     8.4606    34.5350    26.8387 1.3431e-01     0.1298      0.017    1484.80     61.950     5.8005  59.684603     4.0588     71.686 0.0000e+00
     72.000     8.4650    34.5501    26.8499 1.3431e-01     0.1299      0.016    1484.86     61.800     5.7853  59.684624     4.0482     72.696 0.0000e+00
     73.000     8.4671    34.5582    26.8559 1.3431e-01     0.1299      0.017    1484.89     61.620     5.7679  59.684644     4.0360     73.706 0.0000e+00
     74.000     8.4682    34.5707    26.8655 1.3431e-01     0.1299      0.017    1484.93     61.293     5.7367  59.684665     4.0142     74.716 0.0000e+00
     75.000     8.4680    34.5773    26.8708 1.3375e-01     0.1299      0.017    1484.95     60.995     5.7086  59.684686     3.9945     75.725 0.0000e+00
     76.000     8.4564    34.5834    26.8773 1.3432e-01     0.1299      0.017    1484.93     60.715     5.6836  59.684707     3.9770     76.735 0.0000e+00
     77.000     8.4456    34.5917    26.8855 1.3431e-01     0.1299      0.017    1484.92     60.368     5.6522  59.684727     3.9551     77.745 0.0000e+00
     78.000     8.4365    34.6006    26.8939 1.3431e-01     0.1300      0.017    1484.91     60.019     5.6203  59.684748     3.9328     78.755 0.0000e+00
     79.000     8.4273    34.6070    26.9003 1.3401e-01     0.1299      0.017    1484.90     59.847     5.6052  59.684768     3.9222     79.765 0.0000e+00
     80.000     8.4221    34.6110    26.9043 1.3431e-01     0.1300      0.017    1484.91     59.483     5.5716  59.684788     3.8986     80.775 0.0000e+00
     81.000     8.4168    34.6140    26.9075 1.3403e-01     0.1300      0.017    1484.91     59.154     5.5412  59.684809     3.8774     81.785 0.0000e+00
     82.000     8.4127    34.6158    26.9095 1.3401e-01     0.1299      0.017    1484.91     59.034     5.5304  59.684829     3.8699     82.794 0.0000e+00
     83.000     8.4090    34.6184    26.9121 1.3374e-01     0.1301      0.017    1484.92     58.786     5.5076  59.684849     3.8539     83.804 0.0000e+00
     84.000     8.4042    34.6202    26.9143 1.3431e-01     0.1301      0.017    1484.92     58.717     5.5016  59.684870     3.8497     84.814 0.0000e+00
     85.000     8.3940    34.6242    26.9190 1.3431e-01     0.1300      0.017    1484.90     58.671     5.4985  59.684890     3.8475     85.824 0.0000e+00
     86.000     8.3828    34.6289    26.9243 1.3402e-01     0.1300      0.017    1484.88     58.450     5.4790  59.684909     3.8339     86.834 0.0000e+00
     87.000     8.3787    34.6302    26.9260 1.3489e-01     0.1300      0.017    1484.88     58.346     5.4697  59.684930     3.8274     87.844 0.0000e+00
     88.000     8.3675    34.6326    26.9296 1.3430e-01     0.1300      0.017    1484.86     58.207     5.4580  59.684950     3.8192     88.854 0.0000e+00
     89.000     8.3413    34.6322    26.9333 1.3460e-01     0.1301      0.017    1484.78     58.055     5.4468  59.684970     3.8114     89.864 0.0000e+00
     90.000     8.3012    34.6298    26.9376 1.3431e-01     0.1301      0.017    1484.64     57.784     5.4264  59.684991     3.7971     90.874 0.0000e+00
     91.000     8.2871    34.6319    26.9414 1.3431e-01     0.1301      0.017    1484.61     57.614     5.4121  59.685012     3.7870     91.884 0.0000e+00
     92.000     8.2660    34.6349    26.9469 1.3459e-01     0.1301      0.017    1484.55     57.320     5.3869  59.685032     3.7694     92.894 0.0000e+00
     93.000     8.2538    34.6374    26.9508 1.3458e-01     0.1301      0.017    1484.52     57.022     5.3602  59.685053     3.7508     93.904 0.0000e+00
     94.000     8.2439    34.6393    26.9538 1.3431e-01     0.1299      0.017    1484.50     56.872     5.3472  59.685074     3.7417     94.914 0.0000e+00
     95.000     8.2251    34.6452    26.9613 1.3512e-01     0.1300      0.017    1484.46     56.769     5.3396  59.685094     3.7363     95.924 0.0000e+00
     96.000     8.2132    34.6472    26.9647 1.3514e-01     0.1302      0.017    1484.43     56.494     5.3151  59.685116     3.7192     96.933 0.0000e+00
     97.000     8.1990    34.6505    26.9693 1.3487e-01     0.1300      0.017    1484.40     56.379     5.3058  59.685137     3.7127     97.943 0.0000e+00
     98.000     8.1845    34.6533    26.9738 1.3432e-01     0.1300      0.017    1484.37     56.260     5.2963  59.685158     3.7060     98.953 0.0000e+00
     99.000     8.1776    34.6540    26.9754 1.3459e-01     0.1301      0.017    1484.36     56.255     5.2966  59.685179     3.7062     99.963 0.0000e+00
    100.000     8.1703    34.6550    26.9772 1.3488e-01     0.1300      0.017    1484.35     56.160     5.2885  59.685200     3.7006    100.973 0.0000e+00
    101.000     8.1572    34.6557    26.9798 1.3514e-01     0.1301      0.017    1484.32     56.018     5.2766  59.685221     3.6922    101.983 0.0000e+00
    102.000     8.1469    34.6567    26.9821 1.3705e-01     0.1301      0.017    1484.30     55.950     5.2714  59.685243     3.6886    102.993 0.0000e+00
