RAWDATA/20190228/Im2_20190228_down_bin.cnv
* Sea-Bird SBE 9 Data File:
* FileName = C:\CTD Brukere\NIVA\IO2019\20190228\Im2_20190228.hex
* Software Version Seasave V 7.23.2
* Temperature SN = 5352
* Conductivity SN = 3840
* Number of Bytes Per Scan = 28
* Number of Voltage Words = 4
* Number of Scans Averaged by the Deck Unit = 1
* NMEA baud rate = 4800
** Ship: R/V Trygve Braarud
** Cruise:
** Station:
** Operator:
# nquan = 14
# nvalues = 200                         
# units = specified
# name 0 = depSM: Depth [salt water, m], lat = 59.60
# name 1 = t090C: Temperature [ITS-90, deg C]
# name 2 = sal00: Salinity, Practical [PSU]
# name 3 = sigma-t00: Density [sigma-t, kg/m^3 ]
# name 4 = flSP: Fluorescence, Seapoint
# name 5 = wetStar: Fluorescence, WET Labs WETstar [mg/m^3]
# name 6 = seaTurbMtr: Turbidity, Seapoint [FTU]
# name 7 = svCM: Sound Velocity [Chen-Millero, m/s]
# name 8 = sbeox0PS: Oxygen, SBE 43 [% saturation]
# name 9 = sbeox0Mg/L: Oxygen, SBE 43 [mg/l]
# name 10 = timeJ: Julian Days
# name 11 = sbeox0ML/L: Oxygen, SBE 43 [ml/l]
# name 12 = prDM: Pressure, Digiquartz [db]
# name 13 = flag: flag
# span 0 = -2.776e-17,    199.000       
# span 1 =     2.8555,     8.4682       
# span 2 =    20.7240,    34.6602       
# span 3 =    16.4934,    27.0463       
# span 4 = 1.3374e-01, 5.4422e-01       
# span 5 =     0.1281,     0.1302       
# span 6 =      0.012,      0.017       
# span 7 =    1444.68,    1484.95       
# span 8 =     49.715,     77.708       
# span 9 =     4.7300,     8.9239       
# span 10 =  59.683077,  59.687229      
# span 11 =     3.3098,     6.2444      
# span 12 =      0.000,    200.985      
# span 13 = 0.0000e+00, 0.0000e+00      
# interval = meters: 1                  
# start_time = Feb 28 2019 16:22:59 [System UpLoad Time]
# bad_flag = -9.990e-29
*END*
[from data line 104]
    104.000     8.1273    34.6576    26.9858 1.3540e-01     0.1301      0.017    1484.26     55.960     5.2746  59.685286     3.6909    105.013 0.0000e+00
    105.000     8.1086    34.6591    26.9898 1.3457e-01     0.1301      0.017    1484.20     55.827     5.2643  59.685308     3.6836    106.023 0.0000e+00
    106.000     8.1017    34.6590    26.9908 1.3486e-01     0.1300      0.017    1484.19     55.682     5.2515  59.685329     3.6747    107.033 0.0000e+00
    107.000     8.0951    34.6593    26.9920 1.3511e-01     0.1301      0.017    1484.19     55.622     5.2465  59.685351     3.6712    108.043 0.0000e+00
    108.000     8.0887    34.6589    26.9926 1.3430e-01     0.1301      0.017    1484.18     55.525     5.2381  59.685373     3.6653    109.053 0.0000e+00
    109.000     8.0781    34.6583    26.9938 1.3525e-01     0.1300      0.017    1484.15     55.480     5.2352  59.685394     3.6633    110.063 0.0000e+00
    110.000     8.0650    34.6589    26.9962 1.3651e-01     0.1300      0.017    1484.12     55.389     5.2281  59.685412     3.6583    111.073 0.0000e+00
    111.000     8.0571    34.6586    26.9971 1.3493e-01     0.1301      0.017    1484.11     55.222     5.2133  59.685431     3.6479    112.083 0.0000e+00
    112.000     8.0498    34.6586    26.9983 1.3580e-01     0.1299      0.017    1484.10     55.007     5.1938  59.685451     3.6343    113.093 0.0000e+00
    113.000     8.0445    34.6591    26.9994 1.3614e-01     0.1300      0.017    1484.09     54.891     5.1835  59.685471     3.6271    114.103 0.0000e+00
    114.000     8.0386    34.6598    27.0009 1.3462e-01     0.1300      0.017    1484.09     54.879     5.1830  59.685490     3.6267    115.113 0.0000e+00
    115.000     8.0342    34.6601    27.0018 1.3551e-01     0.1301      0.017    1484.09     54.734     5.1698  59.685509     3.6175    116.123 0.0000e+00
    116.000     8.0297    34.6601    27.0024 1.3553e-01     0.1301      0.017    1484.09     54.712     5.1683  59.685529     3.6164    117.134 0.0000e+00
    117.000     8.0221    34.6599    27.0034 1.3523e-01     0.1300      0.017    1484.08     54.747     5.1725  59.685548     3.6194    118.143 0.0000e+00
    118.000     8.0103    34.6602    27.0054 1.3553e-01     0.1300      0.017    1484.05     54.781     5.1770  59.685567     3.6226    119.154 0.0000e+00
    119.000     8.0067    34.6591    27.0051 1.3588e-01     0.1300      0.017    1484.05     54.742     5.1738  59.685587     3.6203    120.164 0.0000e+00
    120.000     7.9981    34.6590    27.0063 1.3640e-01     0.1300      0.017    1484.04     54.612     5.1625  59.685606     3.6124    121.174 0.0000e+00
    121.000     7.9920    34.6585    27.0068 1.3614e-01     0.1301      0.017    1484.03     54.343     5.1378  59.685626     3.5951    122.184 0.0000e+00
    122.000     7.9679    34.6597    27.0114 1.3619e-01     0.1300      0.017    1483.96     54.228     5.1297  59.685645     3.5894    123.194 0.0000e+00
    123.000     7.9603    34.6585    27.0116 1.3584e-01     0.1300      0.017    1483.94     54.137     5.1220  59.685663     3.5841    124.204 0.0000e+00
    124.000     7.9509    34.6590    27.0134 1.3671e-01     0.1300      0.017    1483.92     53.952     5.1055  59.685683     3.5725    125.214 0.0000e+00
    125.000     7.9480    34.6592    27.0140 1.3493e-01     0.1299      0.017    1483.93     53.791     5.0906  59.685702     3.5621    126.224 0.0000e+00
    126.000     7.9435    34.6593    27.0147 1.3915e-01     0.1301      0.017    1483.93     53.739     5.0863  59.685721     3.5591    127.234 0.0000e+00
    127.000     7.9424    34.6592    27.0148 1.3701e-01     0.1300      0.017    1483.94     53.616     5.0747  59.685741     3.5510    128.245 0.0000e+00
    128.000     7.9385    34.6591    27.0153 1.3669e-01     0.1302      0.017    1483.94     53.700     5.0831  59.685760     3.5568    129.255 0.0000e+00
    129.000     7.9356    34.6591    27.0157 1.3524e-01     0.1299      0.017    1483.95     53.582     5.0723  59.685780     3.5493    130.265 0.0000e+00
    130.000     7.9316    34.6588    27.0161 1.3697e-01     0.1300      0.017    1483.95     53.551     5.0698  59.685799     3.5476    131.275 0.0000e+00
    131.000     7.9248    34.6591    27.0173 1.3462e-01     0.1299      0.017    1483.94     53.430     5.0591  59.685819     3.5401    132.285 0.0000e+00
    132.000     7.9239    34.6590    27.0174 1.3555e-01     0.1300      0.017    1483.95     53.480     5.0639  59.685838     3.5434    133.295 0.0000e+00
    133.000     7.9202    34.6588    27.0178 1.3635e-01     0.1301      0.017    1483.96     53.458     5.0623  59.685858     3.5423    134.305 0.0000e+00
    134.000     7.9178    34.6591    27.0184 1.3518e-01     0.1300      0.017    1483.97     53.406     5.0577  59.685879     3.5391    135.315 0.0000e+00
    135.000     7.9151    34.6592    27.0189 1.3687e-01     0.1300      0.017    1483.97     53.353     5.0530  59.685897     3.5358    136.326 0.0000e+00
    136.000     7.9137    34.6591    27.0189 1.3615e-01     0.1299      0.017    1483.98     53.365     5.0542  59.685916     3.5367    137.336 0.0000e+00
    137.000     7.9111    34.6590    27.0193 1.3519e-01     0.1299      0.017    1483.99     53.363     5.0543  59.685936     3.5367    138.346 0.0000e+00
    138.000     7.9079    34.6588    27.0196 1.3625e-01     0.1299      0.017    1483.99     53.392     5.0575  59.685955     3.5389    139.356 0.0000e+00
    139.000     7.9075    34.6588    27.0196 1.3605e-01     0.1300      0.017    1484.01     53.410     5.0592  59.685974     3.5401    140.366 0.0000e+00
    140.000     7.9025    34.6585    27.0202 1.3635e-01     0.1301      0.017    1484.01     53.381     5.0570  59.685994     3.5386    141.376 0.0000e+00
    141.000     7.8971    34.6590    27.0213 1.3645e-01     0.1300      0.017    1484.00     53.273     5.0474  59.686014     3.5319    142.387 0.0000e+00
    142.000     7.8954    34.6591    27.0217 1.3615e-01     0.1299      0.017    1484.01     53.210     5.0416  59.686033     3.5278    143.397 0.0000e+00
    143.000     7.8936    34.6592    27.0221 1.3570e-01     0.1300      0.017    1484.02     53.163     5.0374  59.686053     3.5249    144.407 0.0000e+00
    144.000     7.8924    34.6596    27.0226 1.3714e-01     0.1299      0.017    1484.04     53.155     5.0367  59.686074     3.5244    145.417 0.0000e+00
    145.000     7.8916    34.6598    27.0228 1.3555e-01     0.1300      0.017    1484.05     53.113     5.0329  59.686092     3.5217    146.427 0.0000e+00
    146.000     7.8902    34.6600    27.0232 1.3721e-01     0.1300      0.017    1484.06     53.098     5.0315  59.686112     3.5208    147.438 0.0000e+00
    147.000     7.8878    34.6598    27.0234 1.3669e-01     0.1300      0.017    1484.07     53.268     5.0480  59.686132     3.5323    148.448 0.0000e+00
    148.000     7.8889    34.6600    27.0233 1.3645e-01     0.1300      0.017    1484.09     53.386     5.0590  59.686152     3.5400    149.458 0.0000e+00
    149.000     7.8845    34.6594    27.0235 1.3580e-01     0.1299      0.017    1484.09     53.335     5.0547  59.686171     3.5370    150.468 0.0000e+00
    150.000     7.8803    34.6592    27.0240 1.3664e-01     0.1299      0.017    1484.09     53.298     5.0516  59.686192     3.5348    151.478 0.0000e+00
    151.000     7.8787    34.6590    27.0241 1.3650e-01     0.1300      0.017    1484.10     53.217     5.0442  59.686211     3.5296    152.489 0.0000e+00
    152.000     7.8753    34.6592    27.0247 1.3800e-01     0.1299      0.017    1484.10     53.088     5.0324  59.686231     3.5213    153.499 0.0000e+00
    153.000     7.8712    34.6591    27.0253 1.3486e-01     0.1299      0.017    1484.10     53.020     5.0264  59.686251     3.5172    154.509 0.0000e+00
    154.000     7.8701    34.6586    27.0251 1.3520e-01     0.1299      0.017    1484.12     53.095     5.0336  59.686271     3.5222    155.519 0.0000e+00
    155.000     7.8676    34.6588    27.0256 1.3601e-01     0.1299      0.017    1484.12     53.005     5.0254  59.686292     3.5164    156.530 0.0000e+00
    156.000     7.8624    34.6587    27.0263 1.3795e-01     0.1300      0.017    1484.12     52.906     5.0165  59.686313     3.5103    157.540 0.0000e+00
    157.000     7.8608    34.6582    27.0261 1.3858e-01     0.1299      0.017    1484.13     52.833     5.0098  59.686333     3.5056    158.550 0.0000e+00
    158.000     7.8564    34.6585    27.0270 1.3736e-01     0.1299      0.017    1484.13     52.812     5.0083  59.686353     3.5045    159.560 0.0000e+00
    159.000     7.8501    34.6586    27.0280 1.3722e-01     0.1299      0.017    1484.12     52.717     5.0000  59.686374     3.4987    160.571 0.0000e+00
    160.000     7.8466    34.6588    27.0287 1.3584e-01     0.1299      0.017    1484.13     52.688     4.9976  59.686393     3.4971    161.581 0.0000e+00
    161.000     7.8437    34.6598    27.0299 1.3708e-01     0.1299      0.017    1484.13     52.585     4.9882  59.686414     3.4905    162.591 0.0000e+00
    162.000     7.8386    34.6599    27.0307 1.3858e-01     0.1300      0.017    1484.13     52.534     4.9839  59.686435     3.4874    163.602 0.0000e+00
    163.000     7.8338    34.6594    27.0311 1.3549e-01     0.1299      0.017    1484.13     52.535     4.9845  59.686455     3.4879    164.612 0.0000e+00
    164.000     7.8325    34.6588    27.0308 1.3545e-01     0.1299      0.017    1484.14     52.571     4.9881  59.686476     3.4904    165.622 0.0000e+00
    165.000     7.8253    34.6590    27.0320 1.3700e-01     0.1299      0.017    1484.13     52.646     4.9961  59.686496     3.4960    166.632 0.0000e+00
    166.000     7.8163    34.6578    27.0324 1.3939e-01     0.1300      0.017    1484.11     52.634     4.9960  59.686516     3.4959    167.643 0.0000e+00
    167.000     7.8107    34.6572    27.0328 1.4012e-01     0.1299      0.017    1484.10     52.519     4.9857  59.686536     3.4887    168.653 0.0000e+00
    168.000     7.8062    34.6589    27.0348 1.3701e-01     0.1298      0.017    1484.11     52.376     4.9726  59.686556     3.4796    169.663 0.0000e+00
    169.000     7.8086    34.6600    27.0352 1.3640e-01     0.1299      0.017    1484.13     52.185     4.9542  59.686575     3.4667    170.674 0.0000e+00
    170.000     7.8056    34.6600    27.0357 1.3750e-01     0.1298      0.017    1484.14     52.147     4.9509  59.686595     3.4643    171.684 0.0000e+00
    171.000     7.7928    34.6590    27.0368 1.4092e-01     0.1299      0.017    1484.10     52.248     4.9620  59.686616     3.4721    172.694 0.0000e+00
    172.000     7.7912    34.6587    27.0368 1.3849e-01     0.1299      0.017    1484.11     52.339     4.9707  59.686635     3.4782    173.705 0.0000e+00
    173.000     7.7854    34.6583    27.0373 1.3688e-01     0.1299      0.017    1484.11     52.156     4.9540  59.686655     3.4665    174.715 0.0000e+00
    174.000     7.7829    34.6589    27.0382 1.3818e-01     0.1299      0.017    1484.12     52.049     4.9442  59.686676     3.4596    175.725 0.0000e+00
    175.000     7.7850    34.6596    27.0384 1.4040e-01     0.1299      0.017    1484.14     51.960     4.9354  59.686696     3.4535    176.736 0.0000e+00
    176.000     7.7823    34.6595    27.0387 1.3886e-01     0.1298      0.017    1484.15     51.860     4.9262  59.686716     3.4471    177.746 0.0000e+00
    177.000     7.7790    34.6601    27.0397 1.3986e-01     0.1298      0.017    1484.15     51.888     4.9292  59.686737     3.4492    178.756 0.0000e+00
    178.000     7.7715    34.6589    27.0398 1.4129e-01     0.1299      0.017    1484.14     51.853     4.9268  59.686757     3.4475    179.767 0.0000e+00
    179.000     7.7675    34.6599    27.0412 1.4197e-01     0.1298      0.017    1484.14     51.892     4.9309  59.686777     3.4504    180.777 0.0000e+00
    180.000     7.7590    34.6587    27.0415 1.4116e-01     0.1299      0.017    1484.13     51.757     4.9191  59.686798     3.4421    181.787 0.0000e+00
    181.000     7.7545    34.6587    27.0422 1.4072e-01     0.1299      0.017    1484.13     51.658     4.9102  59.686817     3.4358    182.798 0.0000e+00
    182.000     7.7484    34.6582    27.0427 1.4198e-01     0.1299      0.017    1484.12     51.416     4.8879  59.686837     3.4202    183.808 0.0000e+00
    183.000     7.7449    34.6582    27.0432 1.3916e-01     0.1299      0.017    1484.12     51.214     4.8690  59.686858     3.4071    184.819 0.0000e+00
    184.000     7.7430    34.6582    27.0434 1.3997e-01     0.1298      0.017    1484.13     51.011     4.8500  59.686877     3.3937    185.829 0.0000e+00
    185.000     7.7409    34.6581    27.0437 1.4263e-01     0.1299      0.017    1484.14     51.015     4.8506  59.686897     3.3941    186.839 0.0000e+00
    186.000     7.7390    34.6579    27.0439 1.4054e-01     0.1299      0.017    1484.15     50.922     4.8419  59.686917     3.3881    187.850 0.0000e+00
    187.000     7.7385    34.6580    27.0440 1.3983e-01     0.1298      0.016    1484.16     50.802     4.8306  59.686937     3.3801    188.860 0.0000e+00
    188.000     7.7373    34.6578    27.0440 1.4157e-01     0.1299      0.017    1484.18     50.679     4.8190  59.686957     3.3721    189.871 0.0000e+00
    189.000     7.7362    34.6577    27.0441 1.4426e-01     0.1298      0.017    1484.19     50.652     4.8166  59.686977     3.3704    190.881 0.0000e+00
    190.000     7.7354    34.6575    27.0441 1.4391e-01     0.1299      0.017    1484.20     50.758     4.8268  59.686998     3.3775    191.891 0.0000e+00
    191.000     7.7327    34.6572    27.0442 1.4059e-01     0.1299      0.017    1484.21     50.686     4.8202  59.687018     3.3729    192.902 0.0000e+00
    192.000     7.7287    34.6566    27.0444 1.4237e-01     0.1298      0.017    1484.21     50.677     4.8198  59.687038     3.3726    193.912 0.0000e+00
    193.000     7.7238    34.6563    27.0448 1.4158e-01     0.1299      0.017    1484.20     50.606     4.8136  59.687058     3.3683    194.923 0.0000e+00
    194.000     7.7189    34.6562    27.0455 1.4283e-01     0.1299      0.017    1484.20     50.466     4.8008  59.687078     3.3593    195.933 0.0000e+00
    195.000     7.7172    34.6557    27.0453 1.4391e-01     0.1298      0.017    1484.21     50.319     4.7871  59.687099     3.3497    196.944 0.0000e+00
    196.000     7.7139    34.6556    27.0457 1.4473e-01     0.1298      0.017    1484.22     50.223     4.7782  59.687119     3.3435    197.954 0.0000e+00
    197.000     7.7119    34.6557    27.0461 1.4362e-01     0.1298      0.017    1484.22     50.053     4.7623  59.687139     3.3324    198.964 0.0000e+00
    198.000     7.7100    34.6556    27.0463 1.4246e-01     0.1299      0.017    1484.23     49.930     4.7508  59.687159     3.3243    199.975 0.0000e+00
    199.000     7.7125    34.6555    27.0459 1.4516e-01     0.1298      0.017    1484.26     49.715     4.7300  59.687229     3.3098    200.985 0.0000e+00
